100.0,50.0,0.0,2.0,2.0,1.0,0.0,3.249988367315382e-07,1.5499972505494952e-07,0.021604748002573615,0.036427731000003405,0.058039701001689536,-2890.0,-4870.0
100.0,50.0,0.0,2.0,2.0,1.0,1.0,3.249988367315382e-07,1.3399767340160906e-07,0.020505620999756502,0.03008314599719597,0.10863569499997539,-2850.0,-4190.0
100.0,50.0,0.0,2.0,2.0,1.0,2.0,3.8800135371275246e-07,1.6000194591470063e-07,0.01855337799861445,0.029417767000268213,0.15661406299841474,-2380.0,-3920.0
100.0,50.0,0.0,2.0,2.0,1.0,3.0,4.530011210590601e-07,1.629996404517442e-07,0.018688170002860716,0.018579379997390788,0.19389674099875265,-2060.0,-3810.0
100.0,50.0,0.0,2.0,2.0,1.0,4.0,5.23999915458262e-07,1.7899947124533355e-07,0.01930772899868316,0.01614005699957488,0.22935183200024767,-2060.0,-3800.0
100.0,50.0,0.0,2.0,2.0,1.0,5.0,5.139991117175668e-07,1.6400008462369442e-07,0.018971931000123732,0.012650864002353046,0.260987102999934,-2060.0,-3780.0
100.0,50.0,0.0,2.0,2.0,1.0,6.0,4.899993655271828e-07,1.6999911167658865e-07,0.016302264997648308,0.0175101730019378,0.29481710600157385,-2060.0,-3750.0
100.0,50.0,0.0,2.0,2.0,1.0,7.0,5.219990271143615e-07,1.6999911167658865e-07,0.016956285002379445,0.012547687998448964,0.324328198999865,-2060.0,-3740.0
100.0,50.0,0.0,2.0,2.0,1.0,8.0,3.979985194746405e-07,1.5100158634595573e-07,0.018270835000294028,0.013272877997223986,0.35587892300100066,-2060.0,-3730.0
100.0,50.0,0.0,2.0,2.0,1.0,9.0,3.6400160752236843e-07,1.6900230548344553e-07,0.01679185800094274,0.015330722999351565,0.38800844800061896,-2060.0,-3730.0
100.0,50.0,0.0,2.0,2.0,1.0,10.0,4.309986252337694e-07,1.5300247468985617e-07,0.017541052999149542,0.016085474999272265,0.4216423030011356,-2060.0,-3730.0
100.0,50.0,0.0,2.0,2.0,1.0,11.0,4.5900014811195433e-07,1.5999830793589354e-07,0.016491063997818856,0.016157158999703825,0.4542976960001397,-2060.0,-3700.0
100.0,50.0,0.0,2.0,2.0,1.0,12.0,5.299989425111562e-07,1.6599733498878777e-07,0.018284112000401365,0.021133508998900652,0.49372235700138845,-2060.0,-3700.0
100.0,50.0,0.0,2.0,2.0,1.0,13.0,3.389977791812271e-07,1.3799945008940995e-07,0.015380673998151906,0.01327239400052349,0.5223823320011434,-2060.0,-3700.0
100.0,50.0,0.0,2.0,2.0,1.0,14.0,5.080000846646726e-07,1.5499972505494952e-07,0.016539450003620004,0.009991515998990508,0.5489199250005186,-2060.0,-3700.0
100.0,50.0,0.0,2.0,2.0,1.0,15.0,4.90999809699133e-07,1.3899989426136017e-07,0.017114807000325527,0.014123326000117231,0.5801651850015332,-2060.0,-3700.0
100.0,50.0,0.0,2.0,2.0,1.0,16.0,4.040011845063418e-07,1.6700141713954508e-07,0.01713802100130124,0.015803807000338566,0.6131142939993879,-2060.0,-3700.0
100.0,50.0,0.0,2.0,2.0,1.0,17.0,3.5999983083456755e-07,1.6999911167658865e-07,0.017542648001835914,0.01470724099999643,0.6453718820012,-2060.0,-3700.0
100.0,50.0,0.0,2.0,2.0,1.0,18.0,3.6100027500651777e-07,1.6999911167658865e-07,0.01724721300342935,0.02023517400084529,0.6828608260002511,-2060.0,-3700.0
100.0,50.0,0.0,2.0,2.0,1.0,19.0,3.7000063457526267e-07,1.7499769455753267e-07,0.01753835700219497,0.0123392910027178,0.7127513010018447,-2060.0,-3700.0
100.0,50.0,0.0,2.0,2.0,1.0,20.0,4.5999695430509746e-07,1.4200122677721083e-07,0.01764979499785113,0.016252241999609396,0.7466605480003636,-2060.0,-3700.0
100.0,50.0,0.0,2.0,2.0,1.0,21.0,3.86000465368852e-07,1.5999830793589354e-07,0.015910784997686278,0.015047755998239154,0.7776252900002874,-2060.0,-3700.0
100.0,50.0,0.0,2.0,2.0,1.0,22.0,4.209978214930743e-07,1.579974195919931e-07,0.015984738001861842,0.02182047000314924,0.8154369590010901,-2060.0,-3700.0
100.0,50.0,0.0,2.0,2.0,1.0,23.0,4.780013114213943e-07,1.400003384333104e-07,0.019749891998799285,0.015480555000976892,0.8506738540017977,-2060.0,-3700.0
100.0,50.0,0.0,2.0,2.0,1.0,24.0,5.160000000614673e-07,1.539992808829993e-07,0.018915477998234564,0.015245454000250902,0.8848414659987611,-2060.0,-3700.0
100.0,50.0,0.0,2.0,2.0,1.0,25.0,4.43000317318365e-07,1.6400008462369442e-07,0.016850648000399815,0.011159914000018034,0.9128588439998566,-2060.0,-3700.0
100.0,50.0,0.0,2.0,2.0,1.0,26.0,4.920002538710833e-07,1.7999991541728377e-07,0.016204862000449793,0.012285355998756131,0.9413557869993383,-2060.0,-3700.0
100.0,50.0,0.0,2.0,2.0,1.0,27.0,5.000001692678779e-07,1.6199919627979398e-07,0.0162842779973289,0.016112976998556405,0.9737598649990105,-2060.0,-3700.0
100.0,50.0,0.0,2.0,2.0,1.0,28.0,4.790017555933446e-07,1.5099794836714864e-07,0.01765856000201893,0.017494577001343714,1.008920071999455,-2060.0,-3700.0
100.0,50.0,0.0,2.0,2.0,1.0,29.0,5.309993866831064e-07,1.6099875210784376e-07,0.01766381199922762,0.01433822000035434,1.0409293470002012,-2060.0,-3700.0
100.0,50.0,0.0,2.0,2.0,1.0,30.0,5.080000846646726e-07,1.5499972505494952e-07,0.01753374200052349,0.013893225997890113,1.0723631270011538,-2060.0,-3700.0
100.0,50.0,0.0,2.0,2.0,1.0,31.0,5.150031938683242e-07,1.4300167094916105e-07,0.01700883400189923,0.015974762998666847,1.105354202001763,-2060.0,-3700.0
100.0,50.0,0.0,2.0,2.0,1.0,32.0,4.4600164983421564e-07,1.5700061339884996e-07,0.016684013997291913,0.014232624998840038,1.1362788240003283,-2060.0,-3700.0
100.0,50.0,0.0,2.0,2.0,1.0,33.0,5.119982233736664e-07,1.4800025383010507e-07,0.01861630100029288,0.012714088999928208,1.167615714999556,-2060.0,-3700.0
100.0,50.0,0.0,2.0,2.0,1.0,34.0,4.57002897746861e-07,1.410007826052606e-07,0.019909635000658454,0.018650232002983103,1.2061824349984818,-2060.0,-3700.0
100.0,50.0,0.0,2.0,2.0,1.0,35.0,5.379988579079509e-07,1.6000194591470063e-07,0.018513238999730675,0.014927464002539637,1.2396302640008798,-2060.0,-3700.0
100.0,50.0,0.0,2.0,2.0,1.0,36.0,5.260008038021624e-07,1.6400008462369442e-07,0.019093501003226265,0.01472276200001943,1.2734537450014614,-2060.0,-3700.0
100.0,50.0,0.0,2.0,2.0,1.0,37.0,4.0200029616244137e-07,1.6199919627979398e-07,0.01928410599794006,0.012753606999467593,1.3054987020004774,-2060.0,-3700.0
100.0,50.0,0.0,2.0,2.0,1.0,38.0,5.229994712863117e-07,1.7300044419243932e-07,0.01737029300056747,0.01640149500235566,1.339277397000842,-2060.0,-3700.0
100.0,50.0,0.0,2.0,2.0,1.0,39.0,4.840003384742886e-07,1.5100158634595573e-07,0.017753166001057252,0.014509468997857766,1.3715468820009846,-2060.0,-3700.0
100.0,50.0,0.0,2.0,2.0,1.0,40.0,4.0099985199049115e-07,1.5800105757080019e-07,0.018333816002268577,0.01597901499917498,1.4058663610012445,-2060.0,-3700.0
100.0,50.0,0.0,2.0,2.0,1.0,41.0,4.779976734425873e-07,1.6000194591470063e-07,0.015333518997067586,0.01584622999871499,1.4370526290003909,-2060.0,-3700.0
100.0,50.0,0.0,2.0,2.0,1.0,42.0,4.920002538710833e-07,1.410007826052606e-07,0.016134910998516716,0.01397672699749819,1.4671709579997696,-2060.0,-3700.0
100.0,50.0,0.0,2.0,2.0,1.0,43.0,4.0200029616244137e-07,1.5999830793589354e-07,0.01633347000097274,0.011090356998465722,1.4946013320004568,-2060.0,-3700.0
100.0,50.0,0.0,2.0,2.0,1.0,44.0,4.5599881559610367e-07,1.5700061339884996e-07,0.016296838999551255,0.016082776000985177,1.526987827000994,-2060.0,-3700.0
100.0,50.0,0.0,2.0,2.0,1.0,45.0,4.530011210590601e-07,1.410007826052606e-07,0.017946650998055702,0.015854298002523137,1.5607949440018274,-2060.0,-3700.0
100.0,50.0,0.0,2.0,2.0,1.0,46.0,3.950008249375969e-07,1.4599936548620462e-07,0.01941590900241863,0.014359192999108927,1.5945762390001619,-2060.0,-3700.0
100.0,50.0,0.0,2.0,2.0,1.0,47.0,4.619978426489979e-07,1.4299803297035396e-07,0.017560945001605432,0.009421121001651045,1.6215646929995273,-2060.0,-3700.0
100.0,50.0,0.0,2.0,2.0,1.0,48.0,4.070025170221925e-07,1.590015017427504e-07,0.01666119599758531,0.01147454099918832,1.649707339998713,-2060.0,-3700.0
100.0,50.0,0.0,2.0,2.0,1.0,49.0,4.940011422149837e-07,1.6099875210784376e-07,0.018122487999789882,0.010672435000742553,1.678509370998654,-2060.0,-3700.0
100.0,50.0,0.0,2.0,2.0,1.0,50.0,4.800021997652948e-07,1.4399847714230418e-07,0.01882515599936596,0.01953534800122725,1.7168781729997136,-2060.0,-3700.0
100.0,50.0,0.0,2.0,2.0,1.0,51.0,8.640017767902464e-07,1.5099794836714864e-07,0.019702928002516273,0.014404380999621935,1.750995899001282,-2060.0,-3700.0
100.0,50.0,0.0,2.0,2.0,1.0,52.0,4.930006980430335e-07,2.5200279196724296e-07,0.016748522000852972,0.011552596999536036,1.7793066080012068,-2060.0,-3700.0
100.0,50.0,0.0,2.0,2.0,1.0,53.0,3.62000719178468e-07,1.4300167094916105e-07,0.016806894000183092,0.016287937000015518,1.8124078170003486,-2060.0,-3700.0
100.0,50.0,0.0,2.0,2.0,1.0,54.0,3.47998138749972e-07,1.360021997243166e-07,0.017497253000328783,0.016407857001468074,1.8463192429990158,-2060.0,-3700.0
100.0,50.0,0.0,2.0,2.0,1.0,55.0,5.340007191989571e-07,1.6700141713954508e-07,0.018156045000068843,0.01675524299935205,1.8812382110008912,-2060.0,-3700.0
100.0,50.0,0.0,2.0,2.0,1.0,56.0,4.900030035059899e-07,1.679982233326882e-07,0.01710788999844226,0.016075020997959655,1.9144277820014395,-2060.0,-3700.0
100.0,50.0,0.0,2.0,2.0,1.0,57.0,5.340007191989571e-07,1.3699900591745973e-07,0.019641445000161184,0.016105597002024297,1.9501810510009818,-2060.0,-3700.0
100.0,50.0,0.0,2.0,2.0,1.0,58.0,4.710018401965499e-07,1.400003384333104e-07,0.016728237002098467,0.015568865001114318,1.9824846880001132,-2060.0,-3700.0
100.0,50.0,0.0,2.0,2.0,1.0,59.0,3.589993866626173e-07,1.3800308806821704e-07,0.01873169100144878,0.012225964997924166,2.0134484599984717,-2060.0,-3700.0
100.0,50.0,0.0,2.0,2.0,1.0,60.0,3.120003384537995e-07,1.4699980965815485e-07,0.018103165999491466,0.015165529002842959,2.04672383399884,-2060.0,-3700.0
100.0,50.0,0.0,2.0,2.0,1.0,61.0,4.1400198824703693e-07,1.679982233326882e-07,0.017771579001419013,0.01774804899832816,2.0822496799992223,-2060.0,-3700.0
100.0,50.0,0.0,2.0,2.0,1.0,62.0,4.7399953473359346e-07,1.5600016922689974e-07,0.018877450998843415,0.016996468999423087,2.118130128001212,-2060.0,-3700.0
100.0,50.0,0.0,2.0,2.0,1.0,63.0,8.239985618274659e-07,1.7300044419243932e-07,0.017319095000857487,0.013027541997871595,2.1484839570002805,-2060.0,-3700.0
100.0,50.0,0.0,2.0,2.0,1.0,64.0,5.09997335029766e-07,1.7299680621363223e-07,0.016999700001179008,0.012794944999768632,2.178285311001673,-2060.0,-3700.0
100.0,50.0,0.0,2.0,2.0,1.0,65.0,5.150031938683242e-07,1.5200203051790595e-07,0.017235577000974445,0.01840795300086029,2.2139361939989612,-2060.0,-3700.0
100.0,50.0,0.0,2.0,2.0,1.0,66.0,5.399997462518513e-07,1.7899947124533355e-07,0.018215695999970194,0.012908177999634063,2.2450671900005545,-2060.0,-3700.0
100.0,50.0,0.0,2.0,2.0,1.0,67.0,5.05002390127629e-07,1.6999911167658865e-07,0.017410853997716913,0.015919596000458114,2.2784042790008243,-2060.0,-3700.0
100.0,50.0,0.0,2.0,2.0,1.0,68.0,3.679997462313622e-07,1.449989213142544e-07,0.017876824000268243,0.013824113997543463,2.3101114259989117,-2060.0,-3700.0
100.0,50.0,0.0,2.0,2.0,1.0,69.0,4.5500200940296054e-07,1.7300044419243932e-07,0.02073960399866337,0.01542742499805172,2.3462849269999424,-2060.0,-3700.0
100.0,50.0,0.0,2.0,2.0,1.0,70.0,3.249988367315382e-07,1.539992808829993e-07,0.01836476400058018,0.01754688199798693,2.3822033520009427,-2060.0,-3700.0
100.0,50.0,0.0,2.0,2.0,1.0,71.0,4.969988367520273e-07,1.5499972505494952e-07,0.019292780001705978,0.014427347003220348,2.415930204999313,-2060.0,-3700.0
100.0,50.0,0.0,2.0,2.0,1.0,72.0,5.260008038021624e-07,1.590015017427504e-07,0.01802477099772659,0.01248409899926628,2.4464455230008753,-2060.0,-3700.0
100.0,50.0,0.0,2.0,2.0,1.0,73.0,4.2299870983697474e-07,1.7500133253633976e-07,0.01970522600095137,0.01435152699923492,2.4805278189996898,-2060.0,-3700.0
100.0,50.0,0.0,2.0,2.0,1.0,74.0,3.9599763113074005e-07,1.4699980965815485e-07,0.018084595001710113,0.014193492999766022,2.512812535998819,-2060.0,-3700.0
100.0,50.0,0.0,2.0,2.0,1.0,75.0,4.799985617864877e-07,1.4800025383010507e-07,0.016904584001167677,0.012728588997561019,2.5424529230003827,-2060.0,-3700.0
100.0,50.0,0.0,2.0,2.0,1.0,76.0,4.86001226818189e-07,1.5199839253909886e-07,0.016549255000427365,0.016500120000273455,2.5755088820005767,-2060.0,-3700.0
100.0,50.0,0.0,2.0,2.0,1.0,77.0,4.819994501303881e-07,1.410007826052606e-07,0.018566690996522084,0.016105974002130097,2.6101879509988066,-2060.0,-3700.0
100.0,50.0,0.0,2.0,2.0,1.0,78.0,4.5100023271515965e-07,1.7600177670828998e-07,0.017472112998802913,0.012716850000288105,2.6403835470009653,-2060.0,-3700.0
100.0,50.0,0.0,2.0,2.0,1.0,79.0,4.86001226818189e-07,1.3500175555236638e-07,0.01630226600173046,0.011760403998778202,2.668452380999952,-2060.0,-3700.0
100.0,50.0,0.0,2.0,2.0,1.0,80.0,3.9999940781854093e-07,1.5199839253909886e-07,0.017673177000688156,0.01382974699663464,2.6999616630018863,-2060.0,-3700.0
100.0,50.0,0.0,2.0,2.0,1.0,81.0,5.259971658233553e-07,1.4299803297035396e-07,0.016563244000280974,0.008797201997367665,2.7253289069994935,-2060.0,-3700.0
100.0,50.0,0.0,2.0,2.0,1.0,82.0,4.530011210590601e-07,1.539992808829993e-07,0.01643729900024482,0.014141900999675272,2.7559147229985683,-2060.0,-3700.0
100.0,50.0,0.0,2.0,2.0,1.0,83.0,5.069996404927224e-07,1.539992808829993e-07,0.02096345399695565,0.012936957999045262,2.7898219250018883,-2060.0,-3700.0
100.0,50.0,0.0,2.0,2.0,1.0,84.0,4.0600207285024226e-07,2.1399682736955583e-07,0.019298007999168476,0.017012451997288736,2.8261402070020267,-2060.0,-3700.0
100.0,50.0,0.0,2.0,2.0,1.0,85.0,4.47998900199309e-07,1.490006980020553e-07,0.01891433200216852,0.014436297002248466,2.8594974049992743,-2060.0,-3700.0
100.0,50.0,0.0,2.0,2.0,1.0,86.0,7.710004865657538e-07,1.5800105757080019e-07,0.01750880300096469,0.01967129699914949,2.8966852439989452,-2060.0,-3700.0
100.0,50.0,0.0,2.0,2.0,1.0,87.0,4.0200029616244137e-07,1.5299883671104908e-07,0.017486669999925653,0.015946913001243956,2.9301256210019346,-2060.0,-3700.0
100.0,50.0,0.0,2.0,2.0,1.0,88.0,4.95998392580077e-07,1.6400008462369442e-07,0.016810880002594786,0.012455732001399156,2.9593989929999225,-2060.0,-3700.0
100.0,50.0,0.0,2.0,2.0,1.0,89.0,5.080000846646726e-07,1.4800025383010507e-07,0.016486602999066235,0.01421524000033969,2.990108390000387,-2060.0,-3700.0
100.0,50.0,0.0,2.0,2.0,1.0,90.0,5.350011633709073e-07,1.6500052879564464e-07,0.01586568300263025,0.014653978003480006,3.020635402001062,-2060.0,-3700.0
100.0,50.0,0.0,2.0,2.0,1.0,91.0,3.6900019040331244e-07,1.490006980020553e-07,0.016707771999790566,0.012444645002688048,3.0497942789988883,-2060.0,-3700.0
100.0,50.0,0.0,2.0,2.0,1.0,92.0,3.5999983083456755e-07,1.6700141713954508e-07,0.016203139999561245,0.012335137002082774,3.0783403489986085,-2060.0,-3700.0
100.0,50.0,0.0,2.0,2.0,1.0,93.0,3.980021574534476e-07,1.4300167094916105e-07,0.018068815999868093,0.016214297000260558,3.112630364001234,-2060.0,-3700.0
100.0,50.0,0.0,2.0,2.0,1.0,94.0,4.450012056622654e-07,1.3899989426136017e-07,0.01864103200205136,0.013721762999921339,3.1449992620000558,-2060.0,-3700.0
100.0,50.0,0.0,2.0,2.0,1.0,95.0,4.62001480627805e-07,1.4099714462645352e-07,0.01907626299725962,0.01295884299906902,3.1770405790011864,-2060.0,-3700.0
100.0,50.0,0.0,2.0,2.0,1.0,96.0,4.949979484081268e-07,1.5699697542004287e-07,0.01647215400225832,0.018232449001516216,3.2117521530017257,-2060.0,-3700.0
100.0,50.0,0.0,2.0,2.0,1.0,97.0,5.009969754610211e-07,1.539992808829993e-07,0.01919186400118633,0.01660813000125927,3.247559193001507,-2060.0,-3700.0
100.0,50.0,0.0,2.0,2.0,1.0,98.0,4.659996193367988e-07,1.4200122677721083e-07,0.016607566001766827,0.010535894998611184,3.27470962499865,-2060.0,-3700.0
100.0,50.0,0.0,2.0,2.0,1.0,99.0,5.199981387704611e-07,1.6499689081683755e-07,0.017752308998751687,0.013952616001915885,3.3064213530014968,-2060.0,-3700.0
100.0,50.0,0.0,2.0,2.0,1.0,100.0,3.4999902709387243e-07,1.5299883671104908e-07,0.020552918998873793,0.013980527000967413,3.340961508998589,-2060.0,-3700.0
100.0,50.0,0.0,2.0,2.0,1.0,101.0,5.069996404927224e-07,1.5700061339884996e-07,0.017856389000371564,0.017362696999043692,3.3761873350013047,-2060.0,-3700.0
100.0,50.0,0.0,2.0,2.0,1.0,102.0,3.5500124795362353e-07,1.490006980020553e-07,0.01730595600020024,0.015773962000821484,3.409273323999514,-2060.0,-3700.0
100.0,50.0,0.0,2.0,2.0,1.0,103.0,4.220019036438316e-07,1.5999830793589354e-07,0.0174980379997578,0.017733072003466077,3.4445112419998622,-2060.0,-3700.0
100.0,50.0,0.0,2.0,2.0,1.0,104.0,4.850007826462388e-07,1.5299883671104908e-07,0.017864591998659307,0.014492795999103691,3.47687489099917,-2060.0,-3700.0
100.0,50.0,0.0,2.0,2.0,1.0,105.0,4.6800050768069923e-07,1.410007826052606e-07,0.017083155002183048,0.013118175000272458,3.5070839600011823,-2060.0,-3700.0
100.0,50.0,0.0,2.0,2.0,1.0,106.0,4.47998900199309e-07,1.6999911167658865e-07,0.017295629000727786,0.01798925799812423,3.5423773440015793,-2060.0,-3700.0
100.0,50.0,0.0,2.0,2.0,1.0,107.0,4.899993655271828e-07,1.6599733498878777e-07,0.018304465000255732,0.01786662599988631,3.578556167998613,-2060.0,-3700.0
100.0,50.0,0.0,2.0,2.0,1.0,108.0,3.889981599058956e-07,1.6099875210784376e-07,0.018677243002457544,0.016347573000530247,3.613587717001792,-2060.0,-3700.0
100.0,50.0,0.0,2.0,2.0,1.0,109.0,4.339999577496201e-07,1.5499972505494952e-07,0.017332653002085863,0.013835136996931396,3.64476222599842,-2060.0,-3700.0
100.0,50.0,0.0,2.0,2.0,1.0,110.0,3.709974407684058e-07,1.320004230365157e-07,0.01790041099957307,0.01099797399729141,3.6736667939985637,-2060.0,-3700.0
100.0,50.0,0.0,2.0,2.0,1.0,111.0,4.67000063508749e-07,1.5600016922689974e-07,0.01606569599971408,0.011544811000931077,3.701283651000267,-2060.0,-3700.0
100.0,50.0,0.0,2.0,2.0,1.0,112.0,4.969988367520273e-07,1.7499769455753267e-07,0.015827091003302485,0.012552072999824304,3.729669685999397,-2060.0,-3700.0
100.0,50.0,0.0,2.0,2.0,1.0,113.0,4.829998943023384e-07,1.5099794836714864e-07,0.015840222000406357,0.014520733999233926,3.760037160001957,-2060.0,-3700.0
100.0,50.0,0.0,2.0,2.0,1.0,114.0,3.4299955586902797e-07,1.4300167094916105e-07,0.01858764500138932,0.016668123000272317,3.7952996230014833,-2060.0,-3700.0
100.0,50.0,0.0,2.0,2.0,1.0,115.0,4.57002897746861e-07,1.4199758879840374e-07,0.019121727000310784,0.011428846999478992,3.825856228999328,-2060.0,-3700.0
100.0,50.0,0.0,2.0,2.0,1.0,116.0,4.789981176145375e-07,1.6899866750463843e-07,0.016942969003139297,0.016040495997003745,3.858846203998837,-2060.0,-3700.0
100.0,50.0,0.0,2.0,2.0,1.0,117.0,4.67000063508749e-07,1.4200122677721083e-07,0.017950197998288786,0.014067870000872063,3.890870895000262,-2060.0,-3700.0
100.0,50.0,0.0,2.0,2.0,1.0,118.0,3.889981599058956e-07,1.539992808829993e-07,0.01736417999927653,0.015771957998367725,3.924013212999853,-2060.0,-3700.0
100.0,50.0,0.0,2.0,2.0,1.0,119.0,4.67000063508749e-07,1.5600016922689974e-07,0.018855626000004122,0.016150896000908688,3.959026101998461,-2060.0,-3700.0
100.0,50.0,0.0,2.0,2.0,1.0,120.0,4.790017555933446e-07,1.4300167094916105e-07,0.020833111000683857,0.015426491001562681,3.995292274001258,-2060.0,-3700.0
100.0,50.0,0.0,2.0,2.0,1.0,121.0,3.0500086722895503e-07,1.5199839253909886e-07,0.0180406250001397,0.010001414000726072,4.023340463001659,-2060.0,-3700.0
100.0,50.0,0.0,2.0,2.0,1.0,122.0,3.9099904824979603e-07,1.629996404517442e-07,0.017532122001284733,0.015486468997551128,4.056366361000983,-2060.0,-3700.0
100.0,50.0,0.0,2.0,2.0,1.0,123.0,5.119982233736664e-07,1.6099875210784376e-07,0.016867623999132775,0.01058569599990733,4.083826221998606,-2060.0,-3700.0
100.0,50.0,0.0,2.0,2.0,1.0,124.0,5.069996404927224e-07,1.8300124793313444e-07,0.017206339001859305,0.013744170999416383,4.114783933000581,-2060.0,-3700.0
100.0,50.0,0.0,2.0,2.0,1.0,125.0,5.219990271143615e-07,1.6500052879564464e-07,0.016160775001480943,0.014357473999552894,4.145308733001002,-2060.0,-3700.0
100.0,50.0,0.0,2.0,2.0,1.0,126.0,3.310015017632395e-07,1.680018613114953e-07,0.01613736099898233,0.015082005000294885,4.176534430000174,-2060.0,-3700.0
100.0,50.0,0.0,2.0,2.0,1.0,127.0,4.809990059584379e-07,1.5700061339884996e-07,0.019406282001000363,0.014232183999411063,4.210179846999381,-2060.0,-3700.0
100.0,50.0,0.0,2.0,2.0,1.0,128.0,2.990018401760608e-07,1.490006980020553e-07,0.017521091998787597,0.01227288299924112,4.2399803640000755,-2060.0,-3700.0
100.0,50.0,0.0,2.0,2.0,1.0,129.0,3.260029188822955e-07,1.490006980020553e-07,0.016965041002549697,0.012142485000367742,4.269094620998658,-2060.0,-3700.0
100.0,50.0,0.0,2.0,2.0,1.0,130.0,4.710018401965499e-07,1.5099794836714864e-07,0.015815211001608986,0.009993689000111772,4.29490972900021,-2060.0,-3700.0
100.0,50.0,0.0,2.0,2.0,1.0,131.0,5.250003596302122e-07,1.5499972505494952e-07,0.01591312500022468,0.013973419001558796,4.3248034690004715,-2060.0,-3700.0
100.0,50.0,0.0,2.0,2.0,1.0,132.0,3.579989424906671e-07,1.5699697542004287e-07,0.01671693399839569,0.01118687000052887,4.352713198000856,-2060.0,-3700.0
100.0,50.0,0.0,2.0,2.0,1.0,133.0,3.2400203053839505e-07,1.3700264389626682e-07,0.018590315998153528,0.017157479000161402,4.3884672800013504,-2060.0,-3700.0
100.0,50.0,0.0,2.0,2.0,1.0,134.0,5.069996404927224e-07,1.7500133253633976e-07,0.01884618699841667,0.010337748997699236,4.417658245001803,-2060.0,-3700.0
100.0,50.0,0.0,2.0,2.0,1.0,135.0,5.209985829424113e-07,1.5299883671104908e-07,0.01627823400121997,0.01637313900209847,4.45031689499956,-2060.0,-3700.0
100.0,50.0,0.0,2.0,2.0,1.0,136.0,4.6100103645585477e-07,1.539992808829993e-07,0.018287995000719093,0.013173510000342503,4.48178524299874,-2060.0,-3700.0
100.0,50.0,0.0,2.0,2.0,1.0,137.0,3.6400160752236843e-07,1.6000194591470063e-07,0.015802789999725064,0.017761393002729164,4.515356258001702,-2060.0,-3700.0
100.0,50.0,0.0,2.0,2.0,1.0,138.0,4.569992597680539e-07,1.4399847714230418e-07,0.019544185997801833,0.014214110000466462,4.549120921001304,-2060.0,-3700.0
100.0,50.0,0.0,2.0,2.0,1.0,139.0,5.059991963207722e-07,1.7799902707338333e-07,0.017223545000888407,0.012947312003234401,4.5792989209985535,-2060.0,-3700.0
100.0,50.0,0.0,2.0,2.0,1.0,140.0,5.080000846646726e-07,1.590015017427504e-07,0.016885483000805834,0.012400502000673441,4.608591424999759,-2060.0,-3700.0
100.0,50.0,0.0,2.0,2.0,1.0,141.0,3.7000063457526267e-07,1.6000194591470063e-07,0.017778492998331785,0.01306337699861615,4.639439539001614,-2060.0,-3700.0
100.0,50.0,0.0,2.0,2.0,1.0,142.0,4.0099985199049115e-07,1.6199919627979398e-07,0.01780218500061892,0.015062372000102187,4.672310347999883,-2060.0,-3700.0
100.0,50.0,0.0,2.0,2.0,1.0,143.0,3.310015017632395e-07,1.4300167094916105e-07,0.019619882998085814,0.014208388998667942,4.7061457310010155,-2060.0,-3700.0
100.0,50.0,0.0,2.0,2.0,1.0,144.0,4.829998943023384e-07,1.539992808829993e-07,0.015769851001095958,0.019546743998944294,4.741468623000401,-2060.0,-3700.0
100.0,50.0,0.0,2.0,2.0,1.0,145.0,3.720015229191631e-07,1.4599936548620462e-07,0.019637366000097245,0.012444821000826778,4.773557560998597,-2060.0,-3700.0
100.0,50.0,0.0,2.0,2.0,1.0,146.0,5.549991328734905e-07,1.629996404517442e-07,0.0168695590000425,0.01838336599757895,4.808817220000492,-2060.0,-3700.0
100.0,50.0,0.0,2.0,2.0,1.0,147.0,4.71998646389693e-07,1.3699900591745973e-07,0.017700721997243818,0.015459825997822918,4.841984521000995,-2060.0,-3700.0
100.0,50.0,0.0,2.0,2.0,1.0,148.0,4.260000423528254e-07,1.4800025383010507e-07,0.016838088999065803,0.01989956599936704,4.87872886599871,-2060.0,-3700.0
100.0,50.0,0.0,2.0,2.0,1.0,149.0,4.540015652310103e-07,1.3699900591745973e-07,0.017558634997840272,0.014213910999387736,4.910508487999323,-2060.0,-3700.0
100.0,50.0,0.0,2.0,2.0,1.0,150.0,4.899993655271828e-07,1.5700061339884996e-07,0.017403300997102633,0.011643448000540957,4.939562038998702,-2060.0,-3700.0
100.0,50.0,0.0,2.0,2.0,1.0,151.0,3.939967427868396e-07,1.5800105757080019e-07,0.016140137002366828,0.015652795998903457,4.9713615129985556,-2060.0,-3700.0
100.0,50.0,0.0,2.0,2.0,1.0,152.0,7.320013537537307e-07,1.579974195919931e-07,0.01765087699823198,0.016426238002168247,5.005445253998914,-2060.0,-3700.0
100.0,50.0,0.0,2.0,2.0,1.0,153.0,4.4199987314641476e-07,1.4299803297035396e-07,0.016992236000078265,0.01472134499999811,5.037165527999605,-2060.0,-3700.0
100.0,50.0,0.0,2.0,2.0,1.0,154.0,5.200017767492682e-07,1.4599936548620462e-07,0.01644085800216999,0.017368839999107877,5.070981609998853,-2060.0,-3700.0
100.0,50.0,0.0,2.0,2.0,1.0,155.0,4.1399835026822984e-07,1.2499731383286417e-07,0.016755636999732815,0.012531411000963999,5.1002750049992756,-2060.0,-3700.0
100.0,50.0,0.0,2.0,2.0,1.0,156.0,4.360008460935205e-07,1.400003384333104e-07,0.01834558699920308,0.010212053999566706,5.128839070999675,-2060.0,-3700.0
100.0,50.0,0.0,2.0,2.0,1.0,157.0,5.129986675456166e-07,1.5899786376394331e-07,0.017328765999991447,0.013461148999340367,5.159635886000615,-2060.0,-3700.0
100.0,50.0,0.0,2.0,2.0,1.0,158.0,4.440007614903152e-07,1.7600177670828998e-07,0.017330949998722645,0.01614448899999843,5.193118011000479,-2060.0,-3700.0
100.0,50.0,0.0,2.0,2.0,1.0,159.0,3.709974407684058e-07,1.5100158634595573e-07,0.017806930001825094,0.01666510400173138,5.227596608001477,-2060.0,-3700.0
100.0,50.0,0.0,2.0,2.0,1.0,160.0,4.969988367520273e-07,1.6400008462369442e-07,0.016883704000065336,0.016335668999090558,5.260822905998793,-2060.0,-3700.0
100.0,50.0,0.0,2.0,2.0,1.0,161.0,5.000001692678779e-07,1.539992808829993e-07,0.016627959001198178,0.01825128799828235,5.295708711000771,-2060.0,-3700.0
100.0,50.0,0.0,2.0,2.0,1.0,162.0,4.799985617864877e-07,1.4599936548620462e-07,0.017170342998724664,0.015429091999976663,5.328314641999896,-2060.0,-3700.0
100.0,50.0,0.0,2.0,2.0,1.0,163.0,4.260000423528254e-07,1.490006980020553e-07,0.015120211999601452,0.018901231000199914,5.3623426650010515,-2060.0,-3700.0
100.0,50.0,0.0,2.0,2.0,1.0,164.0,4.7400317271240056e-07,1.4699980965815485e-07,0.017911984003148973,0.015669075997720938,5.395930259001034,-2060.0,-3700.0
100.0,50.0,0.0,2.0,2.0,1.0,165.0,4.899993655271828e-07,1.5499972505494952e-07,0.016144470999279292,0.01584019899746636,5.427921815000445,-2060.0,-3700.0
100.0,50.0,0.0,2.0,2.0,1.0,166.0,4.3699765228666365e-07,1.5099794836714864e-07,0.020092161998036318,0.012734039999486413,5.4607546709994494,-2060.0,-3700.0
100.0,50.0,0.0,2.0,2.0,1.0,167.0,3.349996404722333e-07,1.8400169210508466e-07,0.016432038999482756,0.01682314400022733,5.494016399999964,-2060.0,-3700.0
100.0,50.0,0.0,2.0,2.0,1.0,168.0,5.030015017837286e-07,1.6099875210784376e-07,0.019180801999027608,0.012384883997583529,5.525589225999283,-2060.0,-3700.0
100.0,50.0,0.0,2.0,2.0,1.0,169.0,5.080000846646726e-07,1.6500052879564464e-07,0.018442928998410935,0.015101459001016337,5.55914055500034,-2060.0,-3700.0
100.0,50.0,0.0,2.0,2.0,1.0,170.0,6.299997039604932e-07,1.579974195919931e-07,0.01661170299848891,0.014528273000905756,5.590287234001153,-2060.0,-3700.0
100.0,50.0,0.0,2.0,2.0,1.0,171.0,4.489993443712592e-07,1.7999991541728377e-07,0.018524865998188034,0.016715974001272116,5.625534491999133,-2060.0,-3700.0
100.0,50.0,0.0,2.0,2.0,1.0,172.0,5.149995558895171e-07,1.4999750419519842e-07,0.018189482001616852,0.01698472800126183,5.660715361998882,-2060.0,-3700.0
100.0,50.0,0.0,2.0,2.0,1.0,173.0,3.480017767287791e-07,1.3399767340160906e-07,0.018958706001285464,0.016313661999447504,5.695994268000504,-2060.0,-3700.0
100.0,50.0,0.0,2.0,2.0,1.0,174.0,4.879984771832824e-07,1.4599936548620462e-07,0.016642558002786245,0.012139934999140678,5.724783633999323,-2060.0,-3700.0
100.0,50.0,0.0,2.0,2.0,1.0,175.0,4.0200029616244137e-07,1.4099714462645352e-07,0.016525913000805303,0.01830127699940931,5.759617267998692,-2060.0,-3700.0
100.0,50.0,0.0,2.0,2.0,1.0,176.0,4.1100065573118627e-07,1.5999830793589354e-07,0.018900920000305632,0.010354029000154696,5.788879071998963,-2060.0,-3700.0
100.0,50.0,0.0,2.0,2.0,1.0,177.0,4.0599843487143517e-07,1.449989213142544e-07,0.01909308199901716,0.013110657000652282,5.821089130000473,-2060.0,-3700.0
100.0,50.0,0.0,2.0,2.0,1.0,178.0,3.5099947126582265e-07,1.4299803297035396e-07,0.01572247299918672,0.013915653998992639,5.85073371800172,-2060.0,-3700.0
100.0,50.0,0.0,2.0,2.0,1.0,179.0,4.6900095185264945e-07,1.7300044419243932e-07,0.015921524998702807,0.017765084998245584,5.884426941000129,-2060.0,-3700.0
100.0,50.0,0.0,2.0,2.0,1.0,180.0,4.7000139602459967e-07,1.410007826052606e-07,0.01883526200253982,0.014460155998676782,5.917729183998745,-2060.0,-3700.0
100.0,50.0,0.0,2.0,2.0,1.0,181.0,6.880000000819564e-07,1.5299883671104908e-07,0.01697143599812989,0.0159020929968392,5.95060987800025,-2060.0,-3700.0
100.0,50.0,0.0,2.0,2.0,1.0,182.0,5.299989425111562e-07,1.769985829014331e-07,0.016552322998904856,0.01426881599763874,5.981437767000898,-2060.0,-3700.0
100.0,50.0,0.0,2.0,2.0,1.0,183.0,4.889989213552326e-07,1.5499972505494952e-07,0.016680599997926038,0.01152313599959598,6.009648522001953,-2060.0,-3700.0
100.0,50.0,0.0,2.0,2.0,1.0,184.0,5.220026650931686e-07,1.5600016922689974e-07,0.01797030200032168,0.01446258799842326,6.042088403999514,-2060.0,-3700.0
100.0,50.0,0.0,2.0,2.0,1.0,185.0,4.399989848025143e-07,1.5600016922689974e-07,0.015921204998448957,0.010125442000571638,6.068141881001793,-2060.0,-3700.0
100.0,50.0,0.0,2.0,2.0,1.0,186.0,5.429974407888949e-07,1.759981387294829e-07,0.01762465399951907,0.01955202500175801,6.105324986001506,-2060.0,-3700.0
100.0,50.0,0.0,2.0,2.0,1.0,187.0,3.9999940781854093e-07,1.449989213142544e-07,0.018730681997112697,0.013863683998351917,6.137925572998938,-2060.0,-3700.0
100.0,50.0,0.0,2.0,2.0,1.0,188.0,4.62001480627805e-07,1.4599936548620462e-07,0.016989297000691295,0.01664634299959289,6.171568044999731,-2060.0,-3700.0
100.0,50.0,0.0,2.0,2.0,1.0,189.0,5.270012479741126e-07,1.5699697542004287e-07,0.015765511998324655,0.019626115001301514,6.206966722998914,-2060.0,-3700.0
100.0,50.0,0.0,2.0,2.0,1.0,190.0,4.819994501303881e-07,1.490006980020553e-07,0.018154518002120312,0.012341645000560675,6.237469789000897,-2060.0,-3700.0
100.0,50.0,0.0,2.0,2.0,1.0,191.0,5.200017767492682e-07,1.500011421740055e-07,0.018310429997654865,0.010060237000288907,6.265847810002015,-2060.0,-3700.0
100.0,50.0,0.0,2.0,2.0,1.0,192.0,4.3699765228666365e-07,1.490006980020553e-07,0.017967667001357768,0.010724528001446743,6.294546817000082,-2060.0,-3700.0
100.0,50.0,0.0,2.0,2.0,1.0,193.0,4.989997250959277e-07,1.4400211512111127e-07,0.016835697999340482,0.014248850999138085,6.325637934001861,-2060.0,-3700.0
100.0,50.0,0.0,2.0,2.0,1.0,194.0,4.6400236897170544e-07,1.539992808829993e-07,0.017232333000720246,0.01591831899713725,6.358795248001115,-2060.0,-3700.0
100.0,50.0,0.0,2.0,2.0,1.0,195.0,4.440007614903152e-07,1.7999991541728377e-07,0.016371802001231117,0.014219456999853719,6.389393329001905,-2060.0,-3700.0
100.0,50.0,0.0,2.0,2.0,1.0,196.0,4.569992597680539e-07,1.7500133253633976e-07,0.015810405999218347,0.01616100799947162,6.421371585001907,-2060.0,-3700.0
100.0,50.0,0.0,2.0,2.0,1.0,197.0,5.160000000614673e-07,1.6199919627979398e-07,0.019065772998146713,0.014430170002015075,6.4548746820000815,-2060.0,-3700.0
100.0,50.0,0.0,2.0,2.0,1.0,198.0,3.580025804694742e-07,1.3300086720846593e-07,0.016554488000110723,0.01568769000004977,6.487123636001343,-2060.0,-3700.0
100.0,50.0,0.0,2.0,2.0,1.0,199.0,4.67000063508749e-07,1.3899989426136017e-07,0.021902520002186066,0.018011470998317236,6.5270440300009795,-2060.0,-3700.0
100.0,50.0,0.0,2.0,2.0,1.0,200.0,4.579997039400041e-07,1.4599936548620462e-07,0.019517606997396797,0.015256406000844436,6.56182416899901,-2060.0,-3700.0
100.0,50.0,0.0,2.0,2.0,1.0,201.0,3.500026650726795e-07,1.6099875210784376e-07,0.018236857998999767,0.014315106000140077,6.594382752999081,-2060.0,-3700.0
100.0,50.0,0.0,2.0,2.0,1.0,202.0,4.619978426489979e-07,1.6400008462369442e-07,0.019646089000161737,0.015081321998877684,6.629117520998989,-2060.0,-3700.0
100.0,50.0,0.0,2.0,2.0,1.0,203.0,3.66999302059412e-07,1.4699980965815485e-07,0.017130484000517754,0.013708626000152435,6.659962794001331,-2060.0,-3700.0
100.0,50.0,0.0,2.0,2.0,1.0,204.0,5.040001269662753e-06,1.679982233326882e-07,0.017523791997518856,0.012228940999193583,6.689726725999208,-2060.0,-3700.0
100.0,50.0,0.0,2.0,2.0,1.0,205.0,4.770008672494441e-07,1.3799945008940995e-07,0.017741648996889126,0.01896129500164534,6.726435852000577,-2060.0,-3700.0
100.0,50.0,0.0,2.0,2.0,1.0,206.0,4.760004230774939e-07,1.590015017427504e-07,0.016979461997834733,0.016086111001641257,6.7595082250009,-2060.0,-3700.0
100.0,50.0,0.0,2.0,2.0,1.0,207.0,3.929999365936965e-07,1.579974195919931e-07,0.016552676002902444,0.019911046998458914,6.795978969999851,-2060.0,-3700.0
100.0,50.0,0.0,2.0,2.0,1.0,208.0,5.040019459556788e-07,1.6599733498878777e-07,0.017859271996712778,0.01502980899749673,6.828874693001126,-2060.0,-3700.0
100.0,50.0,0.0,2.0,2.0,1.0,209.0,5.280016921460629e-07,1.539992808829993e-07,0.017473921001510462,0.015722847001597984,6.86207871499937,-2060.0,-3700.0
100.0,50.0,0.0,2.0,2.0,1.0,210.0,4.930006980430335e-07,1.6199919627979398e-07,0.017115326001658104,0.013716690002183896,6.892917589000717,-2060.0,-3700.0
100.0,50.0,0.0,2.0,2.0,1.0,211.0,5.029978638049215e-07,1.6099875210784376e-07,0.01720833500075969,0.013479935001669219,6.923613334001857,-2060.0,-3700.0
100.0,50.0,0.0,2.0,2.0,1.0,212.0,5.010006134398282e-07,1.5999830793589354e-07,0.018157760001486167,0.014117578000877984,6.955895237999357,-2060.0,-3700.0
100.0,50.0,0.0,2.0,2.0,1.0,213.0,3.6400160752236843e-07,1.7300044419243932e-07,0.017123632002039813,0.011077312999987043,6.9841034000019135,-2060.0,-3700.0
100.0,50.0,0.0,2.0,2.0,1.0,214.0,4.940011422149837e-07,1.6199919627979398e-07,0.017080988000088837,0.015927922002447303,7.017119297001045,-2060.0,-3700.0
100.0,50.0,0.0,2.0,2.0,1.0,215.0,5.120018613524735e-07,1.500011421740055e-07,0.018440009000187274,0.0143372559978161,7.049903880000784,-2060.0,-3700.0
100.0,50.0,0.0,2.0,2.0,1.0,216.0,5.180008884053677e-07,1.6500052879564464e-07,0.017435254998417804,0.01791801299987128,7.085263979999581,-2060.0,-3700.0
100.0,50.0,0.0,2.0,2.0,1.0,217.0,4.669964255299419e-07,1.3899989426136017e-07,0.01844887300103437,0.013754463001532713,7.117473752001388,-2060.0,-3700.0
100.0,50.0,0.0,2.0,2.0,1.0,218.0,3.5500124795362353e-07,1.4800025383010507e-07,0.01883523300057277,0.010946374000923242,7.147261342001002,-2060.0,-3700.0
100.0,50.0,0.0,2.0,2.0,1.0,219.0,4.609973984770477e-07,1.360021997243166e-07,0.0181240189995151,0.016462681000120938,7.181854280999687,-2060.0,-3700.0
100.0,50.0,0.0,2.0,2.0,1.0,220.0,4.890025593340397e-07,1.7899947124533355e-07,0.016691377000825014,0.012699445000180276,7.211252223001793,-2060.0,-3700.0
100.0,50.0,0.0,2.0,2.0,1.0,221.0,5.160000000614673e-07,1.579974195919931e-07,0.01792904499961878,0.013038411001616623,7.242226499001845,-2060.0,-3700.0
100.0,50.0,0.0,2.0,2.0,1.0,222.0,3.8700090954080224e-07,1.5499972505494952e-07,0.017621483999391785,0.014497988999210065,7.274352920001547,-2060.0,-3700.0
100.0,50.0,0.0,2.0,2.0,1.0,223.0,5.249967216514051e-07,1.7300044419243932e-07,0.016331450999132358,0.019932332001189934,7.310623487999692,-2060.0,-3700.0
100.0,50.0,0.0,2.0,2.0,1.0,224.0,4.350004019215703e-07,1.4300167094916105e-07,0.01890318100049626,0.01521782700001495,7.344751044001896,-2060.0,-3700.0
100.0,50.0,0.0,2.0,2.0,1.0,225.0,5.069996404927224e-07,1.7900310922414064e-07,0.018659579000086524,0.0157888030007598,7.379206261000945,-2060.0,-3700.0
100.0,50.0,0.0,2.0,2.0,1.0,226.0,3.530003596097231e-07,1.3899989426136017e-07,0.01878066800054512,0.012578753998241154,7.4105717560014455,-2060.0,-3700.0
100.0,50.0,0.0,2.0,2.0,1.0,227.0,4.399989848025143e-07,1.590015017427504e-07,0.017967522999242647,0.016401740998844616,7.444947471998603,-2060.0,-3700.0
100.0,50.0,0.0,2.0,2.0,1.0,228.0,4.2400279198773205e-07,1.5600016922689974e-07,0.019926537002902478,0.014259751998906722,7.479140177998488,-2060.0,-3700.0
100.0,50.0,0.0,2.0,2.0,1.0,229.0,5.119982233736664e-07,1.500011421740055e-07,0.016360386998712784,0.010810013001901098,7.506317785999272,-2060.0,-3700.0
100.0,50.0,0.0,2.0,2.0,1.0,230.0,5.180008884053677e-07,1.4599936548620462e-07,0.018589332001283765,0.017139967996627092,7.542053516001033,-2060.0,-3700.0
100.0,50.0,0.0,2.0,2.0,1.0,231.0,3.8799771573394537e-07,1.5199839253909886e-07,0.01863410300211399,0.015231433000735706,7.575925778000965,-2060.0,-3700.0
100.0,50.0,0.0,2.0,2.0,1.0,232.0,3.9099904824979603e-07,1.5500336303375661e-07,0.017640346002735896,0.015932034999423195,7.609505013999296,-2060.0,-3700.0
100.0,50.0,0.0,2.0,2.0,1.0,233.0,5.229994712863117e-07,1.6599733498878777e-07,0.01781989599840017,0.014287943999079289,7.641619769001409,-2060.0,-3700.0
100.0,50.0,0.0,2.0,2.0,1.0,234.0,3.6900019040331244e-07,1.5999830793589354e-07,0.016849561001436086,0.010598103999654995,7.6690747259999625,-2060.0,-3700.0
100.0,50.0,0.0,2.0,2.0,1.0,235.0,4.3599720811471343e-07,1.449989213142544e-07,0.017955360999621917,0.017076893000194104,7.704113438001514,-2060.0,-3700.0
100.0,50.0,0.0,2.0,2.0,1.0,236.0,3.310015017632395e-07,1.5099794836714864e-07,0.0190119799990498,0.012687623999227071,7.73581916799958,-2060.0,-3700.0
100.0,50.0,0.0,2.0,2.0,1.0,237.0,3.500026650726795e-07,1.490006980020553e-07,0.016433392000180902,0.013233689001936,7.765492899001401,-2060.0,-3700.0
100.0,50.0,0.0,2.0,2.0,1.0,238.0,4.180001269560307e-07,1.4299803297035396e-07,0.01687952200154541,0.013591103001090232,7.795970022998517,-2060.0,-3700.0
100.0,50.0,0.0,2.0,2.0,1.0,239.0,4.6000059228390455e-07,1.2999953469261527e-07,0.01969244299834827,0.01383587900272687,7.829504355999234,-2060.0,-3700.0
100.0,50.0,0.0,2.0,2.0,1.0,240.0,4.3800173443742096e-07,1.5300247468985617e-07,0.021277859999827342,0.010763342997961445,7.861552502999984,-2060.0,-3700.0
100.0,50.0,0.0,2.0,2.0,1.0,241.0,4.2299870983697474e-07,1.5999830793589354e-07,0.019516020998707972,0.014362427002197364,7.895437688999664,-2060.0,-3700.0
100.0,50.0,0.0,2.0,2.0,1.0,242.0,5.010006134398282e-07,1.590015017427504e-07,0.017929005000041798,0.011050360000808723,7.924424274999183,-2060.0,-3700.0
100.0,50.0,0.0,2.0,2.0,1.0,243.0,3.679997462313622e-07,1.4600300346501172e-07,0.016747458997997455,0.012305396001465851,7.9534836700004234,-2060.0,-3700.0
100.0,50.0,0.0,2.0,2.0,1.0,244.0,4.829998943023384e-07,1.720000000204891e-07,0.01737529299862217,0.01575416400009999,7.986620260999189,-2060.0,-3700.0
100.0,50.0,0.0,2.0,2.0,1.0,245.0,5.020010576117784e-07,1.5600016922689974e-07,0.016788859000371303,0.011579433998122113,8.014995828001702,-2060.0,-3700.0
100.0,50.0,0.0,2.0,2.0,1.0,246.0,4.890025593340397e-07,1.5800105757080019e-07,0.018342112998652738,0.014279517999966629,8.047624061000533,-2060.0,-3700.0
100.0,50.0,0.0,2.0,2.0,1.0,247.0,4.67000063508749e-07,1.590015017427504e-07,0.01718517500194139,0.013613857998279855,8.078429548000713,-2060.0,-3700.0
100.0,50.0,0.0,2.0,2.0,1.0,248.0,3.2900061341933906e-07,1.4699980965815485e-07,0.017733310000039637,0.01324743499935721,8.109416834999138,-2060.0,-3700.0
100.0,50.0,0.0,2.0,2.0,1.0,249.0,6.899972504470497e-07,1.6000194591470063e-07,0.018009338000410935,0.014172876999509754,8.141605983000773,-2060.0,-3700.0
100.0,50.0,0.0,2.0,2.0,1.0,250.0,4.00003045797348e-07,1.7000274965539575e-07,0.017789686000469374,0.014745838998351246,8.174148565001815,-2060.0,-3700.0
100.0,50.0,0.0,2.0,2.0,1.0,251.0,5.110014171805233e-07,1.6199919627979398e-07,0.017306375000771368,0.011302194998279447,8.202764159999788,-2060.0,-3700.0
100.0,50.0,0.0,2.0,2.0,1.0,252.0,4.869980330113322e-07,1.449989213142544e-07,0.01782791699952213,0.014755479001905769,8.235354149001068,-2060.0,-3700.0
100.0,50.0,0.0,2.0,2.0,1.0,253.0,4.4199987314641476e-07,1.500011421740055e-07,0.016763938998337835,0.01125371600210201,8.263378684001509,-2060.0,-3700.0
100.0,50.0,0.0,2.0,2.0,1.0,254.0,3.679997462313622e-07,1.6199919627979398e-07,0.016217033000430092,0.014706509999086848,8.294308707001619,-2060.0,-3700.0
100.0,50.0,0.0,2.0,2.0,1.0,255.0,4.930006980430335e-07,1.4599936548620462e-07,0.016343376999429893,0.011411611001676647,8.32207043499875,-2060.0,-3700.0
100.0,50.0,0.0,2.0,2.0,1.0,256.0,4.4199987314641476e-07,1.7899947124533355e-07,0.021532103997742524,0.010115909997693961,8.353725418000977,-2060.0,-3700.0
100.0,50.0,0.0,2.0,2.0,1.0,257.0,4.920002538710833e-07,1.5600016922689974e-07,0.016752801999246003,0.011887403001310304,8.382372448999377,-2060.0,-3700.0
100.0,50.0,0.0,2.0,2.0,1.0,258.0,4.930006980430335e-07,1.6400008462369442e-07,0.01650585199968191,0.013911195001128362,8.41279632000078,-2060.0,-3700.0
100.0,50.0,0.0,2.0,2.0,1.0,259.0,5.070032784715295e-07,1.629996404517442e-07,0.017349244000797626,0.013958920000732178,8.444111628999963,-2060.0,-3700.0
100.0,50.0,0.0,2.0,2.0,1.0,260.0,3.489985829219222e-07,1.2999953469261527e-07,0.01842246299929684,0.009834156997385435,8.472374491000664,-2060.0,-3700.0
100.0,50.0,0.0,2.0,2.0,1.0,261.0,5.150031938683242e-07,1.4399847714230418e-07,0.017736821002472425,0.011572995001188247,8.501691114001005,-2060.0,-3700.0
100.0,50.0,0.0,2.0,2.0,1.0,262.0,4.960020305588841e-07,1.5299883671104908e-07,0.01899385399883613,0.00880200899700867,8.529496777999157,-2060.0,-3700.0
100.0,50.0,0.0,2.0,2.0,1.0,263.0,4.5900014811195433e-07,1.8400169210508466e-07,0.019449857998552034,0.015144529003009666,8.56409766700017,-2060.0,-3700.0
100.0,50.0,0.0,2.0,2.0,1.0,264.0,3.979985194746405e-07,1.539992808829993e-07,0.02041203200133168,0.01677657599793747,8.601292580999143,-2060.0,-3700.0
100.0,50.0,0.0,2.0,2.0,1.0,265.0,3.7899735616520047e-07,1.7300044419243932e-07,0.018367222000961192,0.01307756300229812,8.632744181999442,-2060.0,-3700.0
100.0,50.0,0.0,2.0,2.0,1.0,266.0,5.43001078767702e-07,1.679982233326882e-07,0.01884849199996097,0.015996068003005348,8.667595521001203,-2060.0,-3700.0
100.0,50.0,0.0,2.0,2.0,1.0,267.0,5.110014171805233e-07,1.720000000204891e-07,0.017404952999640955,0.015242138000758132,8.700249418001476,-2060.0,-3700.0
100.0,50.0,0.0,2.0,2.0,1.0,268.0,5.559995770454407e-07,1.5699697542004287e-07,0.01669947199843591,0.015424799999891547,8.732380452001962,-2060.0,-3700.0
100.0,50.0,0.0,2.0,2.0,1.0,269.0,4.920002538710833e-07,1.5100158634595573e-07,0.01883211599852075,0.016475317999720573,8.76769459299976,-2060.0,-3700.0
100.0,50.0,0.0,2.0,2.0,1.0,270.0,5.229994712863117e-07,1.4599936548620462e-07,0.017259423999348655,0.014178920999256661,8.799140074999741,-2060.0,-3700.0
100.0,50.0,0.0,2.0,2.0,1.0,271.0,5.259971658233553e-07,1.4599936548620462e-07,0.01858325600187527,0.012201324996567564,8.829931268999644,-2060.0,-3700.0
100.0,50.0,0.0,2.0,2.0,1.0,272.0,4.0200029616244137e-07,1.500011421740055e-07,0.018292904998816084,0.014441102001001127,8.862671603001218,-2060.0,-3700.0
100.0,50.0,0.0,2.0,2.0,1.0,273.0,4.850007826462388e-07,1.5600016922689974e-07,0.01791255499847466,0.02270647499972256,8.90329728999859,-2060.0,-3700.0
100.0,50.0,0.0,2.0,2.0,1.0,274.0,1.9548999262042344e-05,1.4699980965815485e-07,0.02116539499911596,0.01450580599703244,8.939001033999375,-2060.0,-3700.0
100.0,50.0,0.0,2.0,2.0,1.0,275.0,5.229994712863117e-07,1.590015017427504e-07,0.01681119200293324,0.015613342002325226,8.971432977999939,-2060.0,-3700.0
100.0,50.0,0.0,2.0,2.0,1.0,276.0,5.449983291327953e-07,1.6199919627979398e-07,0.01701343300010194,0.012626750001800247,9.001080136000382,-2060.0,-3700.0
100.0,50.0,0.0,2.0,2.0,1.0,277.0,5.19001332577318e-07,1.8300124793313444e-07,0.017748933998518623,0.013445296997815603,9.03228164399843,-2060.0,-3700.0
100.0,50.0,0.0,2.0,2.0,1.0,278.0,5.410001904238015e-07,1.6099875210784376e-07,0.01879657499739551,0.014170263999403687,9.065255148998403,-2060.0,-3700.0
100.0,50.0,0.0,2.0,2.0,1.0,279.0,4.539979272522032e-07,1.6000194591470063e-07,0.018819898999936413,0.019559321000997443,9.10364132199902,-2060.0,-3700.0
100.0,50.0,0.0,2.0,2.0,1.0,280.0,4.950015863869339e-07,1.5700061339884996e-07,0.016899868998734746,0.013059977001830703,9.133607984000264,-2060.0,-3700.0
100.0,50.0,0.0,2.0,2.0,1.0,281.0,4.030007403343916e-07,1.6600097296759486e-07,0.018560519001766806,0.017645515999902273,9.169820664999861,-2060.0,-3700.0
100.0,50.0,0.0,2.0,2.0,1.0,282.0,4.770008672494441e-07,1.490006980020553e-07,0.01565144200139912,0.017801287001930177,9.203279965000547,-2060.0,-3700.0
100.0,50.0,0.0,2.0,2.0,1.0,283.0,4.5599881559610367e-07,1.4200122677721083e-07,0.020060539998667082,0.015374013000837294,9.238721058001829,-2060.0,-3700.0
100.0,50.0,0.0,2.0,2.0,1.0,284.0,4.879984771832824e-07,1.5499972505494952e-07,0.016438115999335423,0.016420385996752884,9.271586850998574,-2060.0,-3700.0
100.0,50.0,0.0,2.0,2.0,1.0,285.0,5.080000846646726e-07,1.680018613114953e-07,0.01673276600195095,0.01770136699997238,9.306028904000414,-2060.0,-3700.0
100.0,50.0,0.0,2.0,2.0,1.0,286.0,4.0099985199049115e-07,1.990010787267238e-07,0.01814672999898903,0.01541655199980596,9.339600756000436,-2060.0,-3700.0
100.0,50.0,0.0,2.0,2.0,1.0,287.0,5.47999661648646e-07,2.0500010577961802e-07,0.017847777999122627,0.015660632998333313,9.373117147999437,-2060.0,-3700.0
100.0,50.0,0.0,2.0,2.0,1.0,288.0,7.489979907404631e-07,1.7300044419243932e-07,0.017023370000970317,0.016113248999317875,9.40626065700053,-2060.0,-3700.0
100.0,50.0,0.0,2.0,2.0,1.0,289.0,4.969988367520273e-07,1.679982233326882e-07,0.016131118001794675,0.011004348001733888,9.433403063001606,-2060.0,-3700.0
100.0,50.0,0.0,2.0,2.0,1.0,290.0,7.070011633913964e-07,1.6400008462369442e-07,0.01625067900022259,0.010730637000960996,9.460391302000062,-2060.0,-3700.0
100.0,50.0,0.0,2.0,2.0,1.0,291.0,8.019997039809823e-07,1.6199919627979398e-07,0.018022894000750966,0.017449011997086927,9.495870377999381,-2060.0,-3700.0
100.0,50.0,0.0,2.0,2.0,1.0,292.0,6.349982868414372e-07,1.399967004545033e-07,0.01726078600040637,0.01754677799908677,9.530684657001984,-2060.0,-3700.0
100.0,50.0,0.0,2.0,2.0,1.0,293.0,6.57997588859871e-07,1.5700061339884996e-07,0.016389508000429487,0.012665815000218572,9.559746839000582,-2060.0,-3700.0
100.0,50.0,0.0,2.0,2.0,1.0,294.0,4.880021151620895e-07,1.6099875210784376e-07,0.01712245599992457,0.010990640003001317,9.587866473000759,-2060.0,-3700.0
100.0,50.0,0.0,2.0,2.0,1.0,295.0,4.220019036438316e-07,1.6199919627979398e-07,0.019199759997718502,0.01616946699869004,9.623242452998966,-2060.0,-3700.0
100.0,50.0,0.0,2.0,2.0,1.0,296.0,4.5900014811195433e-07,1.2500095181167126e-07,0.022820982998382533,0.014839352999842959,9.660909630998503,-2060.0,-3700.0
100.0,50.0,0.0,2.0,2.0,1.0,297.0,4.940011422149837e-07,1.7000274965539575e-07,0.018700402000831673,0.016737481000745902,9.696354723000695,-2060.0,-3700.0
100.0,50.0,0.0,2.0,2.0,1.0,298.0,5.23999915458262e-07,1.6900230548344553e-07,0.018614294000144582,0.017178972000692738,9.732155475001491,-2060.0,-3700.0
100.0,50.0,0.0,2.0,2.0,1.0,299.0,5.319998308550566e-07,1.7300044419243932e-07,0.016917361001105746,0.015484199997445103,9.76456467800017,-2060.0,-3700.0
100.0,50.0,0.0,2.0,2.0,1.0,300.0,3.709974407684058e-07,1.949993020389229e-07,0.018334329000936123,0.010046100000181468,9.792952873001923,-2060.0,-3700.0
100.0,50.0,0.0,2.0,2.0,1.0,301.0,5.080000846646726e-07,1.490006980020553e-07,0.017780531001335476,0.009086242000194034,9.819826512000873,-2060.0,-3700.0
100.0,50.0,0.0,2.0,2.0,1.0,302.0,4.95998392580077e-07,1.6400008462369442e-07,0.016153991000464885,0.012967834001756273,9.848956525001995,-2060.0,-3700.0
100.0,50.0,0.0,2.0,2.0,1.0,303.0,7.270027708727866e-07,1.4599936548620462e-07,0.01794443099788623,0.017435870999179315,9.88434545400014,-2060.0,-3700.0
100.0,50.0,0.0,2.0,2.0,1.0,304.0,4.310022632125765e-07,1.7799902707338333e-07,0.019061021001107292,0.015801469999132678,9.91921455299962,-2060.0,-3700.0
100.0,50.0,0.0,2.0,2.0,1.0,305.0,4.130015440750867e-07,1.6500052879564464e-07,0.017450508999900194,0.017526388000987936,9.954198127001291,-2060.0,-3700.0
100.0,50.0,0.0,2.0,2.0,1.0,306.0,5.149995558895171e-07,1.7899947124533355e-07,0.018023468997853342,0.014430016002734192,9.986658718000399,-2060.0,-3700.0
100.0,50.0,0.0,2.0,2.0,1.0,307.0,4.2900137486867607e-07,1.6400008462369442e-07,0.016664599999785423,0.016088242002297193,10.019418269999733,-2060.0,-3700.0
100.0,50.0,0.0,2.0,2.0,1.0,308.0,3.929999365936965e-07,1.320004230365157e-07,0.01972771800137707,0.014984396999352612,10.05419502299992,-2060.0,-3700.0
100.0,50.0,0.0,2.0,2.0,1.0,309.0,5.279980541672558e-07,1.720000000204891e-07,0.017144222001661547,0.01420574499934446,10.085551585001667,-2060.0,-3700.0
100.0,50.0,0.0,2.0,2.0,1.0,310.0,4.2000101529993117e-07,1.4599936548620462e-07,0.016569413000979694,0.013708189002500148,10.115836138000304,-2060.0,-3700.0
100.0,50.0,0.0,2.0,2.0,1.0,311.0,5.390029400587082e-07,1.4800025383010507e-07,0.01682117300151731,0.01717102399925352,10.149835015999997,-2060.0,-3700.0
100.0,50.0,0.0,2.0,2.0,1.0,312.0,4.159992386121303e-07,1.6000194591470063e-07,0.017018966002069646,0.013787334999506129,10.180648056000791,-2060.0,-3700.0
100.0,50.0,0.0,2.0,2.0,1.0,313.0,4.67000063508749e-07,1.4200122677721083e-07,0.017266601000301307,0.012044195998896612,10.209973091001302,-2060.0,-3700.0
100.0,50.0,0.0,2.0,2.0,1.0,314.0,5.309993866831064e-07,1.7600177670828998e-07,0.01693551299831597,0.014353968002978945,10.241270710001118,-2060.0,-3700.0
100.0,50.0,0.0,2.0,2.0,1.0,315.0,3.799978003371507e-07,1.4700344763696194e-07,0.018803072001901455,0.019358112000190886,10.279438573001244,-2060.0,-3700.0
100.0,50.0,0.0,2.0,2.0,1.0,316.0,4.5499837142415345e-07,1.4200122677721083e-07,0.016745736000302713,0.01606248999814852,10.31225290799921,-2060.0,-3700.0
100.0,50.0,0.0,2.0,2.0,1.0,317.0,4.949979484081268e-07,1.4300167094916105e-07,0.021374059000663692,0.018366616997809615,10.35200027799874,-2060.0,-3700.0
100.0,50.0,0.0,2.0,2.0,1.0,318.0,4.86001226818189e-07,1.6899866750463843e-07,0.01762063199930708,0.011733178002032219,10.381360801999108,-2060.0,-3700.0
100.0,50.0,0.0,2.0,2.0,1.0,319.0,3.710010787472129e-07,1.6400008462369442e-07,0.016933625000092434,0.016495458999997936,10.41479660099867,-2060.0,-3700.0
100.0,50.0,0.0,2.0,2.0,1.0,320.0,6.209993443917483e-07,1.85998942470178e-07,0.01751691000026767,0.02188061099877814,10.45420062500125,-2060.0,-3700.0
100.0,50.0,0.0,2.0,2.0,1.0,321.0,4.5499837142415345e-07,1.5499972505494952e-07,0.017389570002706023,0.015481382000871236,10.487077753001358,-2060.0,-3700.0
100.0,50.0,0.0,2.0,2.0,1.0,322.0,5.220026650931686e-07,1.500011421740055e-07,0.016120973999932176,0.010200855998846237,10.513405718000286,-2060.0,-3700.0
100.0,50.0,0.0,2.0,2.0,1.0,323.0,3.5999983083456755e-07,1.4699980965815485e-07,0.01876061400253093,0.014441815001191571,10.546614849001344,-2060.0,-3700.0
100.0,50.0,0.0,2.0,2.0,1.0,324.0,5.080000846646726e-07,1.5800105757080019e-07,0.01841776800210937,0.01396088599722134,10.579000236000866,-2060.0,-3700.0
100.0,50.0,0.0,2.0,2.0,1.0,325.0,4.699977580457926e-07,1.2899909052066505e-07,0.02031069800068508,0.016785904997959733,10.616103306998411,-2060.0,-3700.0
100.0,50.0,0.0,2.0,2.0,1.0,326.0,3.7000063457526267e-07,1.6499689081683755e-07,0.01834157100165612,0.02142854999692645,10.655880121001246,-2060.0,-3700.0
100.0,50.0,0.0,2.0,2.0,1.0,327.0,5.180008884053677e-07,1.6999911167658865e-07,0.018776075001369463,0.01834237599905464,10.693005516000994,-2060.0,-3700.0
100.0,50.0,0.0,2.0,2.0,1.0,328.0,3.339991963002831e-07,1.769985829014331e-07,0.01918119000038132,0.009805040001083398,10.72199824800191,-2060.0,-3700.0
100.0,50.0,0.0,2.0,2.0,1.0,329.0,3.360000846441835e-07,1.6400008462369442e-07,0.018399219999992056,0.02106245500181103,10.76146618400162,-2060.0,-3700.0
100.0,50.0,0.0,2.0,2.0,1.0,330.0,4.780013114213943e-07,1.539992808829993e-07,0.017364642000757158,0.016012178999517346,10.794849319001514,-2060.0,-3700.0
100.0,50.0,0.0,2.0,2.0,1.0,331.0,4.980029189027846e-07,1.7500133253633976e-07,0.019280204000097,0.014273808999860194,10.828410152000288,-2060.0,-3700.0
100.0,50.0,0.0,2.0,2.0,1.0,332.0,4.6000059228390455e-07,1.410007826052606e-07,0.021125500999914948,0.011524077999638394,10.8610661849998,-2060.0,-3700.0
100.0,50.0,0.0,2.0,2.0,1.0,333.0,3.8299913285300136e-07,1.6500052879564464e-07,0.016546295999432914,0.013307147000887198,10.89092604599864,-2060.0,-3700.0
100.0,50.0,0.0,2.0,2.0,1.0,334.0,4.899993655271828e-07,1.6599733498878777e-07,0.01550255899928743,0.016860070001712302,10.923295570999471,-2060.0,-3700.0
100.0,50.0,0.0,2.0,2.0,1.0,335.0,4.590001481119543e-06,1.6600097296759486e-07,0.016643856997689,0.014537457998812897,10.954487841001537,-2060.0,-3700.0
100.0,50.0,0.0,2.0,2.0,1.0,336.0,4.6499917516484857e-07,1.7000274965539575e-07,0.01658798200151068,0.014741001999936998,10.98582372799865,-2060.0,-3700.0
100.0,50.0,0.0,2.0,2.0,1.0,337.0,5.020010576117784e-07,1.5999830793589354e-07,0.017048287998477463,0.015375424001831561,11.018254451999383,-2060.0,-3700.0
100.0,50.0,0.0,2.0,2.0,1.0,338.0,4.6800050768069923e-07,1.5100158634595573e-07,0.019603133001510287,0.015469874000700656,11.053334549000283,-2060.0,-3700.0
100.0,50.0,0.0,2.0,2.0,1.0,339.0,5.340007191989571e-07,1.4800025383010507e-07,0.016273764002107782,0.01771500899849343,11.087343890998454,-2060.0,-3700.0
100.0,50.0,0.0,2.0,2.0,1.0,340.0,4.799985617864877e-07,1.8299760995432734e-07,0.017248220996407326,0.011226767001062399,11.115826047000155,-2060.0,-3700.0
100.0,50.0,0.0,2.0,2.0,1.0,341.0,5.170004442334175e-07,1.5700061339884996e-07,0.01891430800242233,0.015084528000443242,11.149833014998876,-2060.0,-3700.0
100.0,50.0,0.0,2.0,2.0,1.0,342.0,5.840010999236256e-07,2.71997123491019e-07,0.01920142000017222,0.012715762000880204,11.181759323000733,-2060.0,-3700.0
100.0,50.0,0.0,2.0,2.0,1.0,343.0,3.699969965964556e-07,1.720000000204891e-07,0.019410732998949243,0.01679823299855343,11.217974797000352,-2060.0,-3700.0
100.0,50.0,0.0,2.0,2.0,1.0,344.0,3.3800097298808396e-07,1.7799902707338333e-07,0.016951007000898244,0.01405478999731713,11.248987517999922,-2060.0,-3700.0
100.0,50.0,0.0,2.0,2.0,1.0,345.0,3.81001882487908e-07,1.4599936548620462e-07,0.0174828660019557,0.014877708999847528,11.281354876999103,-2060.0,-3700.0
100.0,50.0,0.0,2.0,2.0,1.0,346.0,5.280016921460629e-07,1.6200283425860107e-07,0.018195328000729205,0.009779902000445873,11.309336884001823,-2060.0,-3700.0
100.0,50.0,0.0,2.0,2.0,1.0,347.0,4.62001480627805e-07,1.4699980965815485e-07,0.018998970997927245,0.017981987999519333,11.346323967998615,-2060.0,-3700.0
100.0,50.0,0.0,2.0,2.0,1.0,348.0,3.4299955586902797e-07,1.590015017427504e-07,0.01846940799805452,0.017889449998619966,11.382689217000006,-2060.0,-3700.0
100.0,50.0,0.0,2.0,2.0,1.0,349.0,5.020010576117784e-07,1.8399805412627757e-07,0.018110807999619283,0.011391153999284143,11.412198201000137,-2060.0,-3700.0
100.0,50.0,0.0,2.0,2.0,1.0,350.0,4.920002538710833e-07,1.629996404517442e-07,0.01863306800078135,0.012541860000055749,11.443379502001335,-2060.0,-3700.0
100.0,50.0,0.0,2.0,2.0,1.0,351.0,3.4600088838487864e-07,1.5099794836714864e-07,0.01936315300190472,0.013743481002165936,11.476491892000922,-2060.0,-3700.0
100.0,50.0,0.0,2.0,2.0,1.0,352.0,3.0700175557285547e-07,1.5999830793589354e-07,0.02150945299945306,0.018516283998906147,11.516523343001609,-2060.0,-3700.0
100.0,50.0,0.0,2.0,2.0,1.0,353.0,4.749999789055437e-07,1.4800025383010507e-07,0.019162127002346097,0.015928639000776457,11.551621468999656,-2060.0,-3700.0
100.0,50.0,0.0,2.0,2.0,1.0,354.0,5.059991963207722e-07,1.7799902707338333e-07,0.017108445998019306,0.012841910000133794,11.581578829998762,-2060.0,-3700.0
100.0,50.0,0.0,2.0,2.0,1.0,355.0,4.6900095185264945e-07,1.5700061339884996e-07,0.017168976002722047,0.017139617000793805,11.6159078769997,-2060.0,-3700.0
100.0,50.0,0.0,2.0,2.0,1.0,356.0,3.2800016924738884e-07,1.5200203051790595e-07,0.018148373001167784,0.017131230000813957,11.651193652000075,-2060.0,-3700.0
100.0,50.0,0.0,2.0,2.0,1.0,357.0,4.519970389083028e-07,2.0899824448861182e-07,0.019377598000573926,0.011578204001125414,11.682156948001648,-2060.0,-3700.0
100.0,50.0,0.0,2.0,2.0,1.0,358.0,3.4600088838487864e-07,1.4800025383010507e-07,0.017778211997210747,0.019947937998949783,11.719889153999247,-2060.0,-3700.0
100.0,50.0,0.0,2.0,2.0,1.0,359.0,3.4600088838487864e-07,1.450025592930615e-07,0.01918300300167175,0.015038160996482475,11.754116763000638,-2060.0,-3700.0
100.0,50.0,0.0,2.0,2.0,1.0,360.0,5.599977157544345e-07,2.039996616076678e-07,0.01955245900171576,0.017709099000057904,11.791385404998437,-2060.0,-3700.0
100.0,50.0,0.0,2.0,2.0,1.0,361.0,3.9099904824979603e-07,1.4300167094916105e-07,0.02018133399906219,0.016658993998134974,11.828231850999146,-2060.0,-3700.0
100.0,50.0,0.0,2.0,2.0,1.0,362.0,3.8700090954080224e-07,1.500011421740055e-07,0.023155178998422343,0.018239204000565223,11.869632481000735,-2060.0,-3700.0
100.0,50.0,0.0,2.0,2.0,1.0,363.0,5.080000846646726e-07,1.4800025383010507e-07,0.017226730997208506,0.018422633002046496,11.90528844399887,-2060.0,-3700.0
100.0,50.0,0.0,2.0,2.0,1.0,364.0,3.5500124795362353e-07,1.6899866750463843e-07,0.016931077003391692,0.015097430001333123,11.937324171998625,-2060.0,-3700.0
100.0,50.0,0.0,2.0,2.0,1.0,365.0,4.780013114213943e-07,1.4800025383010507e-07,0.017261426997720264,0.015210913003102178,11.969802973999322,-2060.0,-3700.0
100.0,50.0,0.0,2.0,2.0,1.0,366.0,3.8300277083180845e-07,1.66997779160738e-07,0.017871572999865748,0.014695887999550905,12.002376975000516,-2060.0,-3700.0
100.0,50.0,0.0,2.0,2.0,1.0,367.0,3.6100027500651777e-07,1.629996404517442e-07,0.016926383999816608,0.013284065000334522,12.032594691001577,-2060.0,-3700.0
100.0,50.0,0.0,2.0,2.0,1.0,368.0,3.850000211969018e-07,1.6500052879564464e-07,0.017662720998487202,0.016685233000316657,12.066949463001947,-2060.0,-3700.0
100.0,50.0,0.0,2.0,2.0,1.0,369.0,5.109977792017162e-07,1.5199839253909886e-07,0.01828791300067678,0.015542983001068933,12.100787379000394,-2060.0,-3700.0
100.0,50.0,0.0,2.0,2.0,1.0,370.0,4.899993655271828e-07,1.5199839253909886e-07,0.016012167998269433,0.0160789069996099,12.132885429000453,-2060.0,-3700.0
100.0,50.0,0.0,2.0,2.0,1.0,371.0,3.7399877328425646e-07,1.410007826052606e-07,0.015989784002158558,0.010253017000650289,12.159134470999561,-2060.0,-3700.0
100.0,50.0,0.0,2.0,2.0,1.0,372.0,4.819994501303881e-07,1.590015017427504e-07,0.016083404996606987,0.015599618000123883,12.190823640001327,-2060.0,-3700.0
100.0,50.0,0.0,2.0,2.0,1.0,373.0,3.62000719178468e-07,1.410007826052606e-07,0.016715744000975974,0.015841279000596842,12.223386818001018,-2060.0,-3700.0
100.0,50.0,0.0,2.0,2.0,1.0,374.0,3.410023055039346e-07,1.5899786376394331e-07,0.01684979099809425,0.01758683699881658,12.257831248000002,-2060.0,-3700.0
100.0,50.0,0.0,2.0,2.0,1.0,375.0,4.969988367520273e-07,1.6500052879564464e-07,0.017647583001235034,0.015898621000815183,12.291384051000932,-2060.0,-3700.0
100.0,50.0,0.0,2.0,2.0,1.0,376.0,3.4199911169707775e-07,1.4800025383010507e-07,0.018535183000494726,0.015642284997738898,12.325567825999315,-2060.0,-3700.0
100.0,50.0,0.0,2.0,2.0,1.0,377.0,3.3199830795638263e-07,1.3500175555236638e-07,0.019618002999777673,0.01651524699991569,12.361708163000003,-2060.0,-3700.0
100.0,50.0,0.0,2.0,2.0,1.0,378.0,5.029978638049215e-07,2.580018190201372e-07,0.018265046001033625,0.016824286001792643,12.396806469001604,-2060.0,-3700.0
100.0,50.0,0.0,2.0,2.0,1.0,379.0,3.589993866626173e-07,1.6899866750463843e-07,0.016869352002686355,0.01661812999736867,12.43030033299874,-2060.0,-3700.0
100.0,50.0,0.0,2.0,2.0,1.0,380.0,4.1399835026822984e-07,1.4599936548620462e-07,0.016807284999231342,0.013148314999853028,12.460262525000871,-2060.0,-3700.0
100.0,50.0,0.0,2.0,2.0,1.0,381.0,5.229994712863117e-07,1.6999911167658865e-07,0.017686225000943523,0.017344490999676054,12.49530035600037,-2060.0,-3700.0
100.0,50.0,0.0,2.0,2.0,1.0,382.0,4.0099985199049115e-07,1.4599936548620462e-07,0.018722177999734413,0.012942008997924859,12.526971299001161,-2060.0,-3700.0
100.0,50.0,0.0,2.0,2.0,1.0,383.0,4.90999809699133e-07,1.3699900591745973e-07,0.019082657003309578,0.015585383000143338,12.561645769001188,-2060.0,-3700.0
100.0,50.0,0.0,2.0,2.0,1.0,384.0,3.66999302059412e-07,1.5600016922689974e-07,0.019410925000556745,0.022129585999209667,12.603192555001442,-2060.0,-3700.0
100.0,50.0,0.0,2.0,2.0,1.0,385.0,3.450004442129284e-07,1.449989213142544e-07,0.017821211000409676,0.014516136998281581,12.63553593100005,-2060.0,-3700.0
100.0,50.0,0.0,2.0,2.0,1.0,386.0,4.390021786093712e-07,1.6999911167658865e-07,0.018345799999224255,0.016730531999201048,12.670618692998687,-2060.0,-3700.0
100.0,50.0,0.0,2.0,2.0,1.0,387.0,5.210022209212184e-07,1.7899947124533355e-07,0.018341128001338802,0.014401808002730832,12.703368392998527,-2060.0,-3700.0
100.0,50.0,0.0,2.0,2.0,1.0,388.0,4.989997250959277e-07,1.6400008462369442e-07,0.01750042899948312,0.012667102997511392,12.733543056001508,-2060.0,-3700.0
100.0,50.0,0.0,2.0,2.0,1.0,389.0,5.199981387704611e-07,1.400003384333104e-07,0.016499088000273332,0.015287427999282954,12.76533577200098,-2060.0,-3700.0
100.0,50.0,0.0,2.0,2.0,1.0,390.0,3.8799771573394537e-07,1.5199839253909886e-07,0.01760031600133516,0.01462436400106526,12.79756694399839,-2060.0,-3700.0
100.0,50.0,0.0,2.0,2.0,1.0,391.0,5.139991117175668e-07,1.6999911167658865e-07,0.01929891200052225,0.01555032900068909,12.832422556999518,-2060.0,-3700.0
100.0,50.0,0.0,2.0,2.0,1.0,392.0,4.800021997652948e-07,1.5999830793589354e-07,0.019357667999429395,0.01696465499844635,12.868751228001202,-2060.0,-3700.0
100.0,50.0,0.0,2.0,2.0,1.0,393.0,4.0899976738728583e-07,1.4699980965815485e-07,0.018413473000691738,0.0145243200022378,12.90169512400098,-2060.0,-3700.0
100.0,50.0,0.0,2.0,2.0,1.0,394.0,4.899993655271828e-07,1.4400211512111127e-07,0.017122313001891598,0.012935262002429226,12.931759407001664,-2060.0,-3700.0
100.0,50.0,0.0,2.0,2.0,1.0,395.0,7.189992174971849e-07,1.5800105757080019e-07,0.01981027500005439,0.015610612997988937,12.967187449001358,-2060.0,-3700.0
100.0,50.0,0.0,2.0,2.0,1.0,396.0,4.489993443712592e-07,1.2899909052066505e-07,0.019165960999089293,0.012263067997992039,12.99862249600119,-2060.0,-3700.0
100.0,50.0,0.0,2.0,2.0,1.0,397.0,3.839995770249516e-07,1.6100239008665085e-07,0.01865892899877508,0.016191588001674972,13.033479292000266,-2060.0,-3700.0
100.0,50.0,0.0,2.0,2.0,1.0,398.0,4.450012056622654e-07,1.7300044419243932e-07,0.018417317998682847,0.011602529997617239,13.063505581001664,-2060.0,-3700.0
100.0,50.0,0.0,2.0,2.0,1.0,399.0,3.6900019040331244e-07,1.629996404517442e-07,0.018651156999112573,0.016263286997855175,13.098426249001932,-2060.0,-3700.0
100.0,50.0,0.0,2.0,2.0,1.0,400.0,5.090005288366228e-07,1.6899866750463843e-07,0.01683794000200578,0.016303102998790564,13.131573888000275,-2060.0,-3700.0
100.0,50.0,0.0,2.0,2.0,1.0,401.0,4.949979484081268e-07,1.5199839253909886e-07,0.017574106001120526,0.013545489000534872,13.16269998899952,-2060.0,-3700.0
100.0,50.0,0.0,2.0,2.0,1.0,402.0,4.969988367520273e-07,1.579974195919931e-07,0.01743229600106133,0.01564583599974867,13.195784580999316,-2060.0,-3700.0
100.0,50.0,0.0,2.0,2.0,1.0,403.0,4.800021997652948e-07,1.5299883671104908e-07,0.0172890380017634,0.01056342900119489,13.223643100001937,-2060.0,-3700.0
100.0,50.0,0.0,2.0,2.0,1.0,404.0,4.1000021155923605e-07,1.4399847714230418e-07,0.01818479100256809,0.018693933001486585,13.260528296999837,-2060.0,-3700.0
100.0,50.0,0.0,2.0,2.0,1.0,405.0,5.060028342995793e-07,1.5800105757080019e-07,0.017283462999330368,0.012966923000931274,13.290785492001305,-2060.0,-3700.0
100.0,50.0,0.0,2.0,2.0,1.0,406.0,5.229994712863117e-07,1.7099955584853888e-07,0.016575254001509165,0.014238780000596307,13.321607060999668,-2060.0,-3700.0
100.0,50.0,0.0,2.0,2.0,1.0,407.0,4.949979484081268e-07,1.590015017427504e-07,0.017374243998347083,0.011868597997818142,13.350856583001587,-2060.0,-3700.0
100.0,50.0,0.0,2.0,2.0,1.0,408.0,5.110014171805233e-07,1.7300044419243932e-07,0.01890132499829633,0.0107398469990585,13.38050453699907,-2060.0,-3700.0
100.0,50.0,0.0,2.0,2.0,1.0,409.0,5.149995558895171e-07,1.6500052879564464e-07,0.016478401998028858,0.016530894998140866,13.413520720001543,-2060.0,-3700.0
100.0,50.0,0.0,2.0,2.0,1.0,410.0,3.809982445091009e-07,1.679982233326882e-07,0.01701999299984891,0.018030131999694277,13.448577531999035,-2060.0,-3700.0
100.0,50.0,0.0,2.0,2.0,1.0,411.0,3.630011633504182e-07,1.66997779160738e-07,0.018545111001003534,0.017077855998650193,13.4842071819985,-2060.0,-3700.0
100.0,50.0,0.0,2.0,2.0,1.0,412.0,5.100009730085731e-07,1.7899947124533355e-07,0.016778066998085706,0.01417413499802933,13.515166074001172,-2060.0,-3700.0
100.0,50.0,0.0,2.0,2.0,1.0,413.0,4.6100103645585477e-07,1.6199919627979398e-07,0.017649060999247013,0.015802901001734426,13.54862403000152,-2060.0,-3700.0
100.0,50.0,0.0,2.0,2.0,1.0,414.0,4.440007614903152e-07,1.490006980020553e-07,0.020027096001285827,0.013840733001416083,13.582498193001811,-2060.0,-3700.0
100.0,50.0,0.0,2.0,2.0,1.0,415.0,4.6900095185264945e-07,1.629996404517442e-07,0.016064482999354368,0.01468283200301812,13.613252259001456,-2060.0,-3700.0
100.0,50.0,0.0,2.0,2.0,1.0,416.0,4.880021151620895e-07,1.7099955584853888e-07,0.019480446997476975,0.010897898999246536,13.643636968001374,-2060.0,-3700.0
100.0,50.0,0.0,2.0,2.0,1.0,417.0,7.569979061372578e-07,1.4599936548620462e-07,0.016217830001551192,0.014955426999222254,13.674816624999949,-2060.0,-3700.0
100.0,50.0,0.0,2.0,2.0,1.0,418.0,4.129979060962796e-07,1.489970600232482e-07,0.017494927000370808,0.015515379000134999,13.70783335500164,-2060.0,-3700.0
100.0,50.0,0.0,2.0,2.0,1.0,419.0,4.789981176145375e-07,1.3899989426136017e-07,0.018310174000362167,0.012524800000392133,13.738674552998418,-2060.0,-3700.0
100.0,50.0,0.0,2.0,2.0,1.0,420.0,4.4700209400616586e-07,1.3699900591745973e-07,0.017557511000632076,0.015396814000268932,13.771635201999743,-2060.0,-3700.0
100.0,50.0,0.0,2.0,2.0,1.0,421.0,4.6900095185264945e-07,1.629996404517442e-07,0.018596884001453873,0.01520021599935717,13.805440775999159,-2060.0,-3700.0
100.0,50.0,0.0,2.0,2.0,1.0,422.0,4.86001226818189e-07,2.8399881557561457e-07,0.01888353200047277,0.017660406996583333,13.84199402000013,-2060.0,-3700.0
100.0,50.0,0.0,2.0,2.0,1.0,423.0,4.870016709901392e-07,1.450025592930615e-07,0.0186358500031929,0.014347072999953525,13.87498384400169,-2060.0,-3700.0
100.0,50.0,0.0,2.0,2.0,1.0,424.0,4.95998392580077e-07,1.5700061339884996e-07,0.016955915998551063,0.016845490001287544,13.908791690999351,-2060.0,-3700.0
100.0,50.0,0.0,2.0,2.0,1.0,425.0,5.020010576117784e-07,1.5499972505494952e-07,0.01637215099981404,0.017639730001974385,13.942810896001902,-2060.0,-3700.0
100.0,50.0,0.0,2.0,2.0,1.0,426.0,5.069996404927224e-07,1.579974195919931e-07,0.01604172399675008,0.015544261001195991,13.974403151001752,-2060.0,-3700.0
100.0,50.0,0.0,2.0,2.0,1.0,427.0,3.850000211969018e-07,1.309999788645655e-07,0.018446025998855475,0.01282567599992035,14.00568135299909,-2060.0,-3700.0
100.0,50.0,0.0,2.0,2.0,1.0,428.0,6.490008672699332e-07,1.5499972505494952e-07,0.01670314999864786,0.013244264999229927,14.035635285999888,-2060.0,-3700.0
100.0,50.0,0.0,2.0,2.0,1.0,429.0,4.519970389083028e-07,1.4599936548620462e-07,0.016763592000643257,0.018067886001517763,14.070474560001458,-2060.0,-3700.0
100.0,50.0,0.0,2.0,2.0,1.0,430.0,4.5500200940296054e-07,1.7000274965539575e-07,0.018858986000850564,0.01656041200112668,14.105902115999925,-2060.0,-3700.0
100.0,50.0,0.0,2.0,2.0,1.0,431.0,4.399989848025143e-07,1.81000359589234e-07,0.016648861001158366,0.016457238998555113,14.139015232001839,-2060.0,-3700.0
100.0,50.0,0.0,2.0,2.0,1.0,432.0,5.539986887015402e-07,1.8799983081407845e-07,0.016570315998251317,0.01748358700206154,14.173076437000418,-2060.0,-3700.0
100.0,50.0,0.0,2.0,2.0,1.0,433.0,5.149995558895171e-07,1.9399885786697268e-07,0.018052465999062406,0.015546992999588838,14.206683129999874,-2060.0,-3700.0
100.0,50.0,0.0,2.0,2.0,1.0,434.0,3.299974196124822e-07,1.7099955584853888e-07,0.020347703000879847,0.01666719000058947,14.243704912001704,-2060.0,-3700.0
100.0,50.0,0.0,2.0,2.0,1.0,435.0,4.839967004954815e-07,1.4599936548620462e-07,0.015598698999383487,0.0166720190027263,14.275982399998611,-2060.0,-3700.0
100.0,50.0,0.0,2.0,2.0,1.0,436.0,4.800021997652948e-07,1.5800105757080019e-07,0.015868218000832712,0.012903050999739207,14.30476040600115,-2060.0,-3700.0
100.0,50.0,0.0,2.0,2.0,1.0,437.0,3.179993655066937e-07,1.489970600232482e-07,0.017009470997436438,0.012424336000549374,14.334200781999243,-2060.0,-3700.0
100.0,50.0,0.0,2.0,2.0,1.0,438.0,4.3199906940571964e-07,1.3500175555236638e-07,0.018515577998186927,0.014186165000865003,14.366908661999332,-2060.0,-3700.0
100.0,50.0,0.0,2.0,2.0,1.0,439.0,4.720022843685001e-07,1.4400211512111127e-07,0.01892200199654326,0.01558475899946643,14.401421831000334,-2060.0,-3700.0
100.0,50.0,0.0,2.0,2.0,1.0,440.0,4.489993443712592e-07,1.450025592930615e-07,0.0183495999990555,0.01091666700085625,14.43069434499921,-2060.0,-3700.0
100.0,50.0,0.0,2.0,2.0,1.0,441.0,5.090005288366228e-07,1.5299883671104908e-07,0.015725089000625303,0.01570111700129928,14.462127553000755,-2060.0,-3700.0
100.0,50.0,0.0,2.0,2.0,1.0,442.0,4.880021151620895e-07,1.5800105757080019e-07,0.017673138998361537,0.014337696997245075,14.494144765998499,-2060.0,-3700.0
100.0,50.0,0.0,2.0,2.0,1.0,443.0,3.9699807530269027e-07,1.4699980965815485e-07,0.01970111699847621,0.01154965999739943,14.525401537001017,-2060.0,-3700.0
100.0,50.0,0.0,2.0,2.0,1.0,444.0,3.4999902709387243e-07,1.5800105757080019e-07,0.015980788000888424,0.014069158998609055,14.555457162001403,-2060.0,-3700.0
100.0,50.0,0.0,2.0,2.0,1.0,445.0,3.579989424906671e-07,1.6199919627979398e-07,0.019744463999813888,0.013996151999890571,14.58920407000187,-2060.0,-3700.0
100.0,50.0,0.0,2.0,2.0,1.0,446.0,4.180001269560307e-07,1.410007826052606e-07,0.019470996001473395,0.01751132700155722,14.626193158001115,-2060.0,-3700.0
100.0,50.0,0.0,2.0,2.0,1.0,447.0,5.059991963207722e-07,1.4999750419519842e-07,0.018584199002361856,0.018126511000446044,14.662910876999376,-2060.0,-3700.0
100.0,50.0,0.0,2.0,2.0,1.0,448.0,4.980029189027846e-07,1.7799902707338333e-07,0.02014520499869832,0.012973354998393916,14.696036450000975,-2060.0,-3700.0
100.0,50.0,0.0,2.0,2.0,1.0,449.0,5.469992174766958e-07,1.7099955584853888e-07,0.01678214500134345,0.012506847000622656,14.725332477999473,-2060.0,-3700.0
100.0,50.0,0.0,2.0,2.0,1.0,450.0,5.000001692678779e-07,1.85998942470178e-07,0.01536845200098469,0.01663427200037404,14.757342264998442,-2060.0,-3700.0
100.0,50.0,0.0,2.0,2.0,1.0,451.0,5.270012479741126e-07,1.7300044419243932e-07,0.01844606200029375,0.010886533000302734,14.786681896999653,-2060.0,-3700.0
100.0,50.0,0.0,2.0,2.0,1.0,452.0,4.270004865247756e-07,1.539992808829993e-07,0.017388927997672,0.014413565000722883,14.818491048001306,-2060.0,-3700.0
100.0,50.0,0.0,2.0,2.0,1.0,453.0,5.990004865452647e-07,1.5800105757080019e-07,0.016240722998190904,0.015133974000491435,14.849872699000116,-2060.0,-3700.0
100.0,50.0,0.0,2.0,2.0,1.0,454.0,4.940011422149837e-07,1.5800105757080019e-07,0.014814455997111509,0.013148346002708422,14.877842496000085,-2060.0,-3700.0
100.0,50.0,0.0,2.0,2.0,1.0,455.0,5.090005288366228e-07,1.500011421740055e-07,0.017833349000284215,0.011609236000367673,14.907291722000082,-2060.0,-3700.0
100.0,50.0,0.0,2.0,2.0,1.0,456.0,4.86001226818189e-07,1.8000355339609087e-07,0.015377449999505188,0.01627911200193921,14.938955220000935,-2060.0,-3700.0
100.0,50.0,0.0,2.0,2.0,1.0,457.0,5.359979695640504e-07,1.7999991541728377e-07,0.017226764000952244,0.012112835996958893,14.968301690001681,-2060.0,-3700.0
100.0,50.0,0.0,2.0,2.0,1.0,458.0,4.899993655271828e-07,1.5499972505494952e-07,0.016482742001244333,0.01931441299893777,15.004105170999537,-2060.0,-3700.0
100.0,50.0,0.0,2.0,2.0,1.0,459.0,2.890010364353657e-07,1.3400131138041615e-07,0.018719980002060765,0.01609806399937952,15.038929564998398,-2060.0,-3700.0
100.0,50.0,0.0,2.0,2.0,1.0,460.0,4.2000101529993117e-07,1.4300167094916105e-07,0.019865958001901163,0.011698309001076268,15.07050081700072,-2060.0,-3700.0
100.0,50.0,0.0,2.0,2.0,1.0,461.0,5.270012479741126e-07,1.5999830793589354e-07,0.017141806998552056,0.014586115001293365,15.102235439000651,-2060.0,-3700.0
100.0,50.0,0.0,2.0,2.0,1.0,462.0,3.309978637844324e-07,1.4300167094916105e-07,0.019103586000710493,0.01283501400030218,15.134180114000628,-2060.0,-3700.0
100.0,50.0,0.0,2.0,2.0,1.0,463.0,5.100009730085731e-07,1.629996404517442e-07,0.017786547003197484,0.015256356997269904,15.167230282000673,-2060.0,-3700.0
100.0,50.0,0.0,2.0,2.0,1.0,464.0,4.850007826462388e-07,1.6099875210784376e-07,0.018204508000053465,0.018254956001328537,15.20369670799846,-2060.0,-3700.0
100.0,50.0,0.0,2.0,2.0,1.0,465.0,4.889989213552326e-07,1.490006980020553e-07,0.01825720499982708,0.014931440997315804,15.23689174899846,-2060.0,-3700.0
100.0,50.0,0.0,2.0,2.0,1.0,466.0,4.5099659473635256e-07,1.3799945008940995e-07,0.017683091999060707,0.011784010002884315,15.266365470000892,-2060.0,-3700.0
100.0,50.0,0.0,2.0,2.0,1.0,467.0,4.930006980430335e-07,1.5999830793589354e-07,0.019500536000123248,0.012169249999715248,15.298041922000266,-2060.0,-3700.0
100.0,50.0,0.0,2.0,2.0,1.0,468.0,3.360000846441835e-07,1.4699980965815485e-07,0.019064349002292147,0.012173933999292785,15.329286076001154,-2060.0,-3700.0
100.0,50.0,0.0,2.0,2.0,1.0,469.0,4.260000423528254e-07,1.4599936548620462e-07,0.017237465999642154,0.016645863997837296,15.36317586199948,-2060.0,-3700.0
100.0,50.0,0.0,2.0,2.0,1.0,470.0,3.839995770249516e-07,1.720000000204891e-07,0.017490907997853355,0.01639262100070482,15.397066058998462,-2060.0,-3700.0
100.0,50.0,0.0,2.0,2.0,1.0,471.0,4.3300315155647695e-07,1.410007826052606e-07,0.018206864999228856,0.013184880001062993,15.428464479999093,-2060.0,-3700.0
100.0,50.0,0.0,2.0,2.0,1.0,472.0,5.040019459556788e-07,1.5200203051790595e-07,0.017319801001576707,0.01608823600327014,15.461879243001022,-2060.0,-3700.0
100.0,50.0,0.0,2.0,2.0,1.0,473.0,4.5599881559610367e-07,1.5499972505494952e-07,0.017846292998001445,0.01254736199916806,15.49227923899889,-2060.0,-3700.0
100.0,50.0,0.0,2.0,2.0,1.0,474.0,4.840003384742886e-07,1.4200122677721083e-07,0.01882033199944999,0.015730643001006683,15.526836851000553,-2060.0,-3700.0
100.0,50.0,0.0,2.0,2.0,1.0,475.0,4.4100306695327163e-07,1.3899989426136017e-07,0.01720598699830589,0.014650392000476131,15.558699889999843,-2060.0,-3700.0
100.0,50.0,0.0,2.0,2.0,1.0,476.0,4.0599843487143517e-07,1.5200203051790595e-07,0.020051921001140727,0.01291684600073495,15.59167503700155,-2060.0,-3700.0
100.0,50.0,0.0,2.0,2.0,1.0,477.0,4.4700209400616586e-07,1.6000194591470063e-07,0.01782327399996575,0.016452747000585077,15.625957937001658,-2060.0,-3700.0
100.0,50.0,0.0,2.0,2.0,1.0,478.0,4.809990059584379e-07,1.5600016922689974e-07,0.017118894000304863,0.012440509999578353,15.655523935998644,-2060.0,-3700.0
100.0,50.0,0.0,2.0,2.0,1.0,479.0,4.3800173443742096e-07,1.539992808829993e-07,0.016513876002136385,0.0146188959988649,15.686663317999773,-2060.0,-3700.0
100.0,50.0,0.0,2.0,2.0,1.0,480.0,5.210022209212184e-07,1.6099875210784376e-07,0.015885232998698484,0.01433519000056549,15.716890603998763,-2060.0,-3700.0
100.0,50.0,0.0,2.0,2.0,1.0,481.0,4.849971446674317e-07,1.4300167094916105e-07,0.017239217999303946,0.0178113600013603,15.751948001001438,-2060.0,-3700.0
100.0,50.0,0.0,2.0,2.0,1.0,482.0,4.7000139602459967e-07,1.410007826052606e-07,0.019001699998625554,0.01583108100021491,15.786787139000808,-2060.0,-3700.0
100.0,50.0,0.0,2.0,2.0,1.0,483.0,3.6100027500651777e-07,1.5899786376394331e-07,0.017359932000545086,0.02058044300065376,15.824733801000548,-2060.0,-3700.0
100.0,50.0,0.0,2.0,2.0,1.0,484.0,4.780013114213943e-07,1.3500175555236638e-07,0.02064850099850446,0.016982971003017155,15.862371780000103,-2060.0,-3700.0
100.0,50.0,0.0,2.0,2.0,1.0,485.0,4.440007614903152e-07,1.81000359589234e-07,0.018355173997406382,0.019473452000966063,15.900206868998794,-2060.0,-3700.0
100.0,50.0,0.0,2.0,2.0,1.0,486.0,4.629982868209481e-07,1.2899909052066505e-07,0.01773096000033547,0.015104800997505663,15.93304905200057,-2060.0,-3700.0
100.0,50.0,0.0,2.0,2.0,1.0,487.0,5.04998752148822e-07,1.6199919627979398e-07,0.020664120998844737,0.014432600000873208,15.968152481000288,-2060.0,-3700.0
100.0,50.0,0.0,2.0,2.0,1.0,488.0,5.180008884053677e-07,1.490006980020553e-07,0.020266176001314307,0.01599423600055161,16.00441959100135,-2060.0,-3700.0
100.0,50.0,0.0,2.0,2.0,1.0,489.0,5.180008884053677e-07,1.8300124793313444e-07,0.017615953998756595,0.012894313997094287,16.03493699899991,-2060.0,-3700.0
100.0,50.0,0.0,2.0,2.0,1.0,490.0,5.090005288366228e-07,1.540029188618064e-07,0.016002215001208242,0.01592298700052197,16.066868720001366,-2060.0,-3700.0
100.0,50.0,0.0,2.0,2.0,1.0,491.0,3.7299832911230624e-07,1.5699697542004287e-07,0.01614070999858086,0.012601196001924109,16.095617063001555,-2060.0,-3700.0
100.0,50.0,0.0,2.0,2.0,1.0,492.0,5.089968908578157e-07,1.6700141713954508e-07,0.016382583002268802,0.010328059001039946,16.1223346830011,-2060.0,-3700.0
100.0,50.0,0.0,2.0,2.0,1.0,493.0,4.790017555933446e-07,1.5099794836714864e-07,0.017804443999921205,0.012546051999379415,16.152691457999026,-2060.0,-3700.0
100.0,50.0,0.0,2.0,2.0,1.0,494.0,3.940003807656467e-07,1.400003384333104e-07,0.01815203599835513,0.014137219997792272,16.184987239001202,-2060.0,-3700.0
100.0,50.0,0.0,2.0,2.0,1.0,495.0,3.710010787472129e-07,2.3300162865780294e-07,0.017488527999375947,0.013107433998811757,16.215591180000047,-2060.0,-3700.0
100.0,50.0,0.0,2.0,2.0,1.0,496.0,3.3700052881613374e-07,1.539992808829993e-07,0.016244258000369882,0.01405436599816312,16.245896093998454,-2060.0,-3700.0
100.0,50.0,0.0,2.0,2.0,1.0,497.0,4.579997039400041e-07,1.5499972505494952e-07,0.019795789001364028,0.012189465000119526,16.277887786000065,-2060.0,-3700.0
100.0,50.0,0.0,2.0,2.0,1.0,498.0,3.4300319384783506e-07,1.490006980020553e-07,0.018000522002694197,0.020368417997815413,16.316262727999856,-2060.0,-3700.0
100.0,50.0,0.0,2.0,2.0,1.0,499.0,4.779976734425873e-07,1.490006980020553e-07,0.016873037999175722,0.012955431000591489,16.346097746998566,-2060.0,-3700.0
100.0,50.0,0.0,2.0,2.0,1.0,500.0,4.520006768871099e-07,1.4400211512111127e-07,0.01804575500136707,0.015334380001149839,16.37948411099933,-2060.0,-3700.0
100.0,50.0,0.0,2.0,2.0,1.0,501.0,4.4699845602735877e-07,1.5499972505494952e-07,0.01837221700043301,0.017726337999192765,16.415588817999378,-2060.0,-3700.0
100.0,50.0,0.0,2.0,2.0,1.0,502.0,4.5100023271515965e-07,1.400003384333104e-07,0.018497862001822796,0.012238659997819923,16.446331816001475,-2060.0,-3700.0
100.0,50.0,0.0,2.0,2.0,1.0,503.0,5.080000846646726e-07,1.5300247468985617e-07,0.018424821999360574,0.0185864759987453,16.483350473001337,-2060.0,-3700.0
100.0,50.0,0.0,2.0,2.0,1.0,504.0,4.400026227813214e-07,1.5999830793589354e-07,0.018732111999270273,0.014621902999351732,16.516711279000447,-2060.0,-3700.0
100.0,50.0,0.0,2.0,2.0,1.0,505.0,3.5199991543777287e-07,1.7300044419243932e-07,0.01580005399955553,0.0142843419998826,16.546802174998447,-2060.0,-3700.0
100.0,50.0,0.0,2.0,2.0,1.0,506.0,4.659996193367988e-07,1.5299883671104908e-07,0.018516803000238724,0.016098954001790844,16.581424473999505,-2060.0,-3700.0
100.0,50.0,0.0,2.0,2.0,1.0,507.0,4.0899976738728583e-07,1.5700061339884996e-07,0.018082847996993223,0.012267116999282734,16.61178142100107,-2060.0,-3700.0
100.0,50.0,0.0,2.0,2.0,1.0,508.0,4.339999577496201e-07,2.310007403139025e-07,0.020593560999259353,0.013287588997627608,16.645670287998655,-2060.0,-3700.0
100.0,50.0,0.0,2.0,2.0,1.0,509.0,3.8799771573394537e-07,1.309999788645655e-07,0.017999192998104263,0.017860067000583513,16.68153562400039,-2060.0,-3700.0
100.0,50.0,0.0,2.0,2.0,1.0,510.0,4.039975465275347e-07,1.81000359589234e-07,0.019456117999652633,0.01476760800142074,16.715766375000385,-2060.0,-3700.0
100.0,50.0,0.0,2.0,2.0,1.0,511.0,4.1000021155923605e-07,1.6099875210784376e-07,0.02146856299805222,0.011191108998900745,16.74843269199846,-2060.0,-3700.0
100.0,50.0,0.0,2.0,2.0,1.0,512.0,3.749992174562067e-07,1.6100239008665085e-07,0.017368950000673067,0.012139476999436738,16.77794764600185,-2060.0,-3700.0
100.0,50.0,0.0,2.0,2.0,1.0,513.0,4.6800050768069923e-07,1.5500336303375661e-07,0.01834165200125426,0.019886575999407796,16.8161826329997,-2060.0,-3700.0
100.0,50.0,0.0,2.0,2.0,1.0,514.0,4.399989848025143e-07,1.4799661585129797e-07,0.019753389999095816,0.012735696000163443,16.848677843001497,-2060.0,-3700.0
100.0,50.0,0.0,2.0,2.0,1.0,515.0,4.6800050768069923e-07,1.2999953469261527e-07,0.017030869999871356,0.014439279002544936,16.88015453800108,-2060.0,-3700.0
100.0,50.0,0.0,2.0,2.0,1.0,516.0,5.519978003576398e-07,1.7000274965539575e-07,0.018608965998282656,0.008735728002648102,16.90750622500127,-2060.0,-3700.0
100.0,50.0,0.0,2.0,2.0,1.0,517.0,5.000001692678779e-07,1.5700061339884996e-07,0.0168940069997916,0.017622819999814965,16.94202998900073,-2060.0,-3700.0
100.0,50.0,0.0,2.0,2.0,1.0,518.0,4.2000101529993117e-07,1.449989213142544e-07,0.020358041998406406,0.012144856998929754,16.97453983699961,-2060.0,-3700.0
100.0,50.0,0.0,2.0,2.0,1.0,519.0,3.940003807656467e-07,1.410007826052606e-07,0.017782306000299286,0.011081725999247283,17.003410405999603,-2060.0,-3700.0
100.0,50.0,0.0,2.0,2.0,1.0,520.0,5.23999915458262e-07,1.4599936548620462e-07,0.017104308997659246,0.016045541000494268,17.036568150000676,-2060.0,-3700.0
100.0,50.0,0.0,2.0,2.0,1.0,521.0,4.970024747308344e-07,1.4400211512111127e-07,0.019072297000093386,0.013848222999513382,17.069497211999987,-2060.0,-3700.0
100.0,50.0,0.0,2.0,2.0,1.0,522.0,4.7299909056164324e-07,1.81000359589234e-07,0.01897807999921497,0.01726481799778412,17.105746799999906,-2060.0,-3700.0
100.0,50.0,0.0,2.0,2.0,1.0,523.0,4.950015863869339e-07,1.3799945008940995e-07,0.017652777998591773,0.02054210700225667,17.143948123000882,-2060.0,-3700.0
100.0,50.0,0.0,2.0,2.0,1.0,524.0,4.67000063508749e-07,1.4599936548620462e-07,0.017986183000175515,0.019269067997811362,17.18120992400145,-2060.0,-3700.0
100.0,50.0,0.0,2.0,2.0,1.0,525.0,4.870016709901392e-07,1.6400008462369442e-07,0.01687791299991659,0.012969909999810625,17.211064980001538,-2060.0,-3700.0
100.0,50.0,0.0,2.0,2.0,1.0,526.0,4.720022843685001e-07,1.4699980965815485e-07,0.0220707720000064,0.012655971997446613,17.24579784800153,-2060.0,-3700.0
100.0,50.0,0.0,2.0,2.0,1.0,527.0,4.440007614903152e-07,1.320004230365157e-07,0.017138610000984045,0.014510878001601668,17.277454120001494,-2060.0,-3700.0
100.0,50.0,0.0,2.0,2.0,1.0,528.0,3.9600126910954714e-07,1.6400008462369442e-07,0.01653564899970661,0.017472125000494998,17.31146816099863,-2060.0,-3700.0
100.0,50.0,0.0,2.0,2.0,1.0,529.0,7.689995982218534e-07,1.4299803297035396e-07,0.018641616999957478,0.01246525199894677,17.342581608998444,-2060.0,-3700.0
100.0,50.0,0.0,2.0,2.0,1.0,530.0,5.059991963207722e-07,1.5200203051790595e-07,0.01801408800019999,0.014375940001627896,17.374978037998517,-2060.0,-3700.0
100.0,50.0,0.0,2.0,2.0,1.0,531.0,4.270004865247756e-07,1.399967004545033e-07,0.017245816001377534,0.013903474999096943,17.40613410900187,-2060.0,-3700.0
100.0,50.0,0.0,2.0,2.0,1.0,532.0,4.870016709901392e-07,1.6199919627979398e-07,0.01718551899830345,0.01212532099816599,17.43545148799967,-2060.0,-3700.0
100.0,50.0,0.0,2.0,2.0,1.0,533.0,4.979992809239775e-07,1.5499972505494952e-07,0.015856750000239117,0.015740815000754083,17.467055714001617,-2060.0,-3700.0
100.0,50.0,0.0,2.0,2.0,1.0,534.0,4.780013114213943e-07,1.4800025383010507e-07,0.019468056998448446,0.012971208001545165,17.499501772999793,-2060.0,-3700.0
100.0,50.0,0.0,2.0,2.0,1.0,535.0,5.120018613524735e-07,1.720000000204891e-07,0.018151144999137614,0.014146246998279821,17.531805757000257,-2060.0,-3700.0
100.0,50.0,0.0,2.0,2.0,1.0,536.0,4.789981176145375e-07,1.5199839253909886e-07,0.018791555001371307,0.015706032998423325,17.566309810001258,-2060.0,-3700.0
100.0,50.0,0.0,2.0,2.0,1.0,537.0,7.269991328939795e-07,1.6500052879564464e-07,0.01714572200216935,0.014385206002771156,17.597847918001207,-2060.0,-3700.0
100.0,50.0,0.0,2.0,2.0,1.0,538.0,4.81002643937245e-07,1.5700061339884996e-07,0.017418190000171307,0.011428317000536481,17.626701290999335,-2060.0,-3700.0
100.0,50.0,0.0,2.0,2.0,1.0,539.0,3.770001058001071e-07,1.85998942470178e-07,0.016507217998878332,0.015871676998358453,17.659086730000126,-2060.0,-3700.0
100.0,50.0,0.0,2.0,2.0,1.0,540.0,4.569992597680539e-07,1.500011421740055e-07,0.017352351002045907,0.012786013998265844,17.68923153799915,-2060.0,-3700.0
100.0,50.0,0.0,2.0,2.0,1.0,541.0,5.000001692678779e-07,1.5800105757080019e-07,0.01726354299898958,0.014978823001001729,17.721480757998506,-2060.0,-3700.0
100.0,50.0,0.0,2.0,2.0,1.0,542.0,5.100009730085731e-07,1.6500052879564464e-07,0.018138950999855297,0.016664656999637373,17.756291500998486,-2060.0,-3700.0
100.0,50.0,0.0,2.0,2.0,1.0,543.0,6.749978638254106e-07,1.490006980020553e-07,0.01706686199759133,0.015163871998083778,17.78852951600129,-2060.0,-3700.0
100.0,50.0,0.0,2.0,2.0,1.0,544.0,5.069996404927224e-07,1.7899947124533355e-07,0.02050960899941856,0.01760760199977085,17.826654002001305,-2060.0,-3700.0
100.0,50.0,0.0,2.0,2.0,1.0,545.0,4.6499917516484857e-07,1.410007826052606e-07,0.019799068999418523,0.021847361997060943,17.868307020999055,-2060.0,-3700.0
100.0,50.0,0.0,2.0,2.0,1.0,546.0,4.569992597680539e-07,1.4199758879840374e-07,0.016176438999536913,0.01389361099791131,17.89838435999991,-2060.0,-3700.0
100.0,50.0,0.0,2.0,2.0,1.0,547.0,4.95998392580077e-07,1.720000000204891e-07,0.016690151998773217,0.012770731002092361,17.9278521740016,-2060.0,-3700.0
100.0,50.0,0.0,2.0,2.0,1.0,548.0,3.5600169212557375e-07,1.5600016922689974e-07,0.016961656001512893,0.01579491499796859,17.96061569000085,-2060.0,-3700.0
100.0,50.0,0.0,2.0,2.0,1.0,549.0,4.829998943023384e-07,1.539992808829993e-07,0.018160669998906087,0.014207856998837087,17.992991440998594,-2060.0,-3700.0
100.0,50.0,0.0,2.0,2.0,1.0,550.0,4.6000059228390455e-07,1.410007826052606e-07,0.01947186100005638,0.016181705999770202,18.028651728000114,-2060.0,-3700.0
100.0,50.0,0.0,2.0,2.0,1.0,551.0,4.489993443712592e-07,1.309999788645655e-07,0.018119745000149123,0.01242940099837142,18.059207236001384,-2060.0,-3700.0
100.0,50.0,0.0,2.0,2.0,1.0,552.0,7.590024324599653e-07,1.4399847714230418e-07,0.017153350003354717,0.015888540998275857,18.092255826999462,-2060.0,-3700.0
100.0,50.0,0.0,2.0,2.0,1.0,553.0,5.05002390127629e-07,1.4200122677721083e-07,0.020308617000409868,0.013647796000441303,18.12621894900076,-2060.0,-3700.0
100.0,50.0,0.0,2.0,2.0,1.0,554.0,4.760004230774939e-07,1.3799945008940995e-07,0.017851921998953912,0.01210806900053285,18.156185666000965,-2060.0,-3700.0
100.0,50.0,0.0,2.0,2.0,1.0,555.0,4.879984771832824e-07,1.7500133253633976e-07,0.01649406300202827,0.01447013199867797,18.187157046999346,-2060.0,-3700.0
100.0,50.0,0.0,2.0,2.0,1.0,556.0,5.199981387704611e-07,1.4800025383010507e-07,0.017464671000197995,0.01201783799842815,18.21664643799886,-2060.0,-3700.0
100.0,50.0,0.0,2.0,2.0,1.0,557.0,3.66999302059412e-07,1.7099955584853888e-07,0.017597264999494655,0.016278170001896797,18.250528259999555,-2060.0,-3700.0
100.0,50.0,0.0,2.0,2.0,1.0,558.0,4.659996193367988e-07,1.3400131138041615e-07,0.019480027000099653,0.01979908599969349,18.28981372099952,-2060.0,-3700.0
100.0,50.0,0.0,2.0,2.0,1.0,559.0,4.870016709901392e-07,1.4199758879840374e-07,0.017298582002695184,0.015566443002171582,18.32268610599931,-2060.0,-3700.0
100.0,50.0,0.0,2.0,2.0,1.0,560.0,4.989997250959277e-07,1.410007826052606e-07,0.016705958998500137,0.017468354999436997,18.35686709500078,-2060.0,-3700.0
100.0,50.0,0.0,2.0,2.0,1.0,561.0,3.86000465368852e-07,1.629996404517442e-07,0.015621304999513086,0.013598132001789054,18.38609351299965,-2060.0,-3700.0
100.0,50.0,0.0,2.0,2.0,1.0,562.0,4.850007826462388e-07,1.5999830793589354e-07,0.016714647001208505,0.012120847997721285,18.414935513999808,-2060.0,-3700.0
100.0,50.0,0.0,2.0,2.0,1.0,563.0,4.789981176145375e-07,1.5600016922689974e-07,0.0165176619993872,0.011055685998144327,18.442515812999773,-2060.0,-3700.0
100.0,50.0,0.0,2.0,2.0,1.0,564.0,4.899993655271828e-07,1.590015017427504e-07,0.017242743000679184,0.016724652999982936,18.476489435000985,-2060.0,-3700.0
100.0,50.0,0.0,2.0,2.0,1.0,565.0,4.040011845063418e-07,1.66997779160738e-07,0.017217049997270806,0.010956430000078399,18.50467011100045,-2060.0,-3700.0
100.0,50.0,0.0,2.0,2.0,1.0,566.0,4.7299909056164324e-07,1.6500052879564464e-07,0.020232847000443144,0.015810644003067864,18.5407199149995,-2060.0,-3700.0
100.0,50.0,0.0,2.0,2.0,1.0,567.0,5.019974196329713e-07,1.629996404517442e-07,0.019297965001896955,0.013031869999394985,18.57305621100022,-2060.0,-3700.0
100.0,50.0,0.0,2.0,2.0,1.0,568.0,4.819994501303881e-07,1.8200080376118422e-07,0.017687227998976596,0.015300081999157555,18.606050035999942,-2060.0,-3700.0
100.0,50.0,0.0,2.0,2.0,1.0,569.0,6.000009307172149e-07,1.6199919627979398e-07,0.0175771940012055,0.015647408003133023,18.639281671999925,-2060.0,-3700.0
100.0,50.0,0.0,2.0,2.0,1.0,570.0,4.879984771832824e-07,1.5499972505494952e-07,0.01719300100012333,0.013875475997338071,18.670356708000327,-2060.0,-3700.0
100.0,50.0,0.0,2.0,2.0,1.0,571.0,4.800021997652948e-07,1.5800105757080019e-07,0.01639833199806162,0.017362941998726455,18.70412480700179,-2060.0,-3700.0
100.0,50.0,0.0,2.0,2.0,1.0,572.0,3.5099947126582265e-07,1.3699900591745973e-07,0.01806491699971957,0.017220838002685923,18.739416643998993,-2060.0,-3700.0
100.0,50.0,0.0,2.0,2.0,1.0,573.0,4.6499917516484857e-07,1.5499972505494952e-07,0.015449384998646565,0.01940806900165626,18.77428067299843,-2060.0,-3700.0
100.0,50.0,0.0,2.0,2.0,1.0,574.0,3.8800135371275246e-07,1.720000000204891e-07,0.01772793000054662,0.015548852999927476,18.807563908998418,-2060.0,-3700.0
100.0,50.0,0.0,2.0,2.0,1.0,575.0,6.429982022382319e-07,1.5800105757080019e-07,0.019996429997263476,0.014194340001267847,18.84176161600044,-2060.0,-3700.0
100.0,50.0,0.0,2.0,2.0,1.0,576.0,5.000001692678779e-07,1.5299883671104908e-07,0.016655430001264904,0.01589204400079325,18.874316098001145,-2060.0,-3700.0
100.0,50.0,0.0,2.0,2.0,1.0,577.0,4.069988790433854e-07,1.6500052879564464e-07,0.016123389003041666,0.0166589299988118,18.907105121001223,-2060.0,-3700.0
100.0,50.0,0.0,2.0,2.0,1.0,578.0,4.930006980430335e-07,1.629996404517442e-07,0.01729056800104445,0.018938223998702597,18.943340478999744,-2060.0,-3700.0
100.0,50.0,0.0,2.0,2.0,1.0,579.0,3.540008037816733e-07,1.4699980965815485e-07,0.019143068999255775,0.01600603599945316,18.978495696999744,-2060.0,-3700.0
100.0,50.0,0.0,2.0,2.0,1.0,580.0,4.790017555933446e-07,1.5600016922689974e-07,0.015266239999618847,0.020847400999628007,19.014616388998547,-2060.0,-3700.0
100.0,50.0,0.0,2.0,2.0,1.0,581.0,2.979977580253035e-07,1.4699980965815485e-07,0.018142987002647715,0.01592511000126251,19.048690834999434,-2060.0,-3700.0
100.0,50.0,0.0,2.0,2.0,1.0,582.0,4.879984771832824e-07,1.5200203051790595e-07,0.016597345998889068,0.012876912001956953,19.078171703000407,-2060.0,-3700.0
100.0,50.0,0.0,2.0,2.0,1.0,583.0,4.940011422149837e-07,1.5700061339884996e-07,0.017818276002799394,0.01893165999717894,19.11492865499895,-2060.0,-3700.0
100.0,50.0,0.0,2.0,2.0,1.0,584.0,4.849971446674317e-07,1.5299883671104908e-07,0.01796122200175887,0.014217150997865247,19.147114113999123,-2060.0,-3700.0
100.0,50.0,0.0,2.0,2.0,1.0,585.0,4.879984771832824e-07,1.5100158634595573e-07,0.017640211997786537,0.01350015600110055,19.1782615910015,-2060.0,-3700.0
100.0,50.0,0.0,2.0,2.0,1.0,586.0,5.059991963207722e-07,1.629996404517442e-07,0.016238886000792263,0.01624311700288672,19.210750438000105,-2060.0,-3700.0
100.0,50.0,0.0,2.0,2.0,1.0,587.0,3.850000211969018e-07,1.7400088836438954e-07,0.016939704000833444,0.012558594997244654,19.240255150998564,-2060.0,-3700.0
100.0,50.0,0.0,2.0,2.0,1.0,588.0,4.260000423528254e-07,1.720000000204891e-07,0.01776683000207413,0.017520394998427946,19.275549056001182,-2060.0,-3700.0
100.0,50.0,0.0,2.0,2.0,1.0,589.0,5.020010576117784e-07,1.6600097296759486e-07,0.017795091000152752,0.012951783002790762,19.30630266799926,-2060.0,-3700.0
100.0,50.0,0.0,2.0,2.0,1.0,590.0,5.090005288366228e-07,1.489970600232482e-07,0.01656316099979449,0.014952713998354739,19.33782545199938,-2060.0,-3700.0
100.0,50.0,0.0,2.0,2.0,1.0,591.0,3.4299955586902797e-07,1.3300086720846593e-07,0.018317369002033956,0.015181812999799149,19.371331087000726,-2060.0,-3700.0
100.0,50.0,0.0,2.0,2.0,1.0,592.0,3.3199830795638263e-07,1.629996404517442e-07,0.02003309000065201,0.014765151998290094,19.406135478999204,-2060.0,-3700.0
100.0,50.0,0.0,2.0,2.0,1.0,593.0,3.900022420566529e-07,1.3899989426136017e-07,0.01624089300094056,0.014422168998862617,19.436804400000256,-2060.0,-3700.0
100.0,50.0,0.0,2.0,2.0,1.0,594.0,4.1899693314917386e-07,1.450025592930615e-07,0.016517544001544593,0.016249380001681857,19.46957753300012,-2060.0,-3700.0
100.0,50.0,0.0,2.0,2.0,1.0,595.0,4.43000317318365e-07,1.6999911167658865e-07,0.015691190001234645,0.01772992800033535,19.503005511000083,-2060.0,-3700.0
100.0,50.0,0.0,2.0,2.0,1.0,596.0,4.880021151620895e-07,1.4800025383010507e-07,0.020852949000982335,0.016381376000936143,19.540246365999337,-2060.0,-3700.0
100.0,50.0,0.0,2.0,2.0,1.0,597.0,4.43000317318365e-07,1.5499972505494952e-07,0.01576148700041813,0.014291921997937607,19.570306550001987,-2060.0,-3700.0
100.0,50.0,0.0,2.0,2.0,1.0,598.0,4.749999789055437e-07,1.7400088836438954e-07,0.01790028300092672,0.011792230998253217,19.600005964999582,-2060.0,-3700.0
100.0,50.0,0.0,2.0,2.0,1.0,599.0,4.4099942897446454e-07,1.539992808829993e-07,0.01726853100262815,0.012185347997728968,19.629466977999982,-2060.0,-3700.0
100.0,50.0,0.0,2.0,2.0,1.0,600.0,3.9199949242174625e-07,1.720000000204891e-07,0.015715555997303454,0.016144031997100683,19.661333263000415,-2060.0,-3700.0
100.0,50.0,0.0,2.0,2.0,1.0,601.0,6.889968062750995e-07,1.5099794836714864e-07,0.018930718000774505,0.019136255999910645,19.69940689899886,-2060.0,-3700.0
100.0,50.0,0.0,2.0,2.0,1.0,602.0,4.62001480627805e-07,1.4699980965815485e-07,0.018292498996743234,0.011302648003038485,19.729007924001053,-2060.0,-3700.0
100.0,50.0,0.0,2.0,2.0,1.0,603.0,4.219982656650245e-07,1.3499811757355928e-07,0.017402732999471482,0.014881201001117006,19.761298139001156,-2060.0,-3700.0
100.0,50.0,0.0,2.0,2.0,1.0,604.0,3.399982233531773e-07,1.5100158634595573e-07,0.01734383599978173,0.014284207001765026,19.792932345000736,-2060.0,-3700.0
100.0,50.0,0.0,2.0,2.0,1.0,605.0,3.530003596097231e-07,1.6199919627979398e-07,0.022052317999623483,0.015585209999699146,19.83057631599877,-2060.0,-3700.0
100.0,50.0,0.0,2.0,2.0,1.0,606.0,5.260008038021624e-07,1.6600097296759486e-07,0.018087152002408402,0.01183931099876645,19.86050956300096,-2060.0,-3700.0
100.0,50.0,0.0,2.0,2.0,1.0,607.0,4.210014594718814e-07,1.7400088836438954e-07,0.01513657699979376,0.012420302999089472,19.888073157999315,-2060.0,-3700.0
100.0,50.0,0.0,2.0,2.0,1.0,608.0,3.679997462313622e-07,1.6599733498878777e-07,0.019778934001806192,0.0171073460005573,19.92496630200185,-2060.0,-3700.0
100.0,50.0,0.0,2.0,2.0,1.0,609.0,3.259992809034884e-07,1.490006980020553e-07,0.017459625996707473,0.014345470997795928,19.956778086001577,-2060.0,-3700.0
100.0,50.0,0.0,2.0,2.0,1.0,610.0,3.589993866626173e-07,1.4200122677721083e-07,0.01747939300184953,0.01585099200019613,19.99011483600043,-2060.0,-3700.0
100.0,50.0,0.0,2.0,2.0,1.0,611.0,4.6499917516484857e-07,1.4599936548620462e-07,0.019917142002668697,0.01408630500009167,20.024124765001034,-2060.0,-3700.0
100.0,50.0,0.0,2.0,2.0,1.0,612.0,5.19001332577318e-07,1.5800105757080019e-07,0.01701936300014495,0.01241597000262118,20.05360257799839,-2060.0,-3700.0
100.0,50.0,0.0,2.0,2.0,1.0,613.0,8.24002199806273e-07,1.5899786376394331e-07,0.015505855000810698,0.011330344001180492,20.080446217001736,-2060.0,-3700.0
100.0,50.0,0.0,2.0,2.0,1.0,614.0,4.030007403343916e-07,1.4800025383010507e-07,0.01690749599947594,0.016921799000556348,20.114282298000035,-2060.0,-3700.0
100.0,50.0,0.0,2.0,2.0,1.0,615.0,4.530011210590601e-07,1.410007826052606e-07,0.019929822999984026,0.01460733999920194,20.148826554999687,-2060.0,-3700.0
100.0,50.0,0.0,2.0,2.0,1.0,616.0,3.569984983187169e-07,1.5499972505494952e-07,0.01654832599888323,0.018544432998169214,20.183925596000336,-2060.0,-3700.0
100.0,50.0,0.0,2.0,2.0,1.0,617.0,3.5599805414676666e-07,1.4800025383010507e-07,0.016962369001703337,0.013352304998988984,20.214246857001854,-2060.0,-3700.0
100.0,50.0,0.0,2.0,2.0,1.0,618.0,5.329966370481998e-07,1.6199919627979398e-07,0.017672293997748056,0.010870644000533503,20.242797005001194,-2060.0,-3700.0
100.0,50.0,0.0,2.0,2.0,1.0,619.0,5.100009730085731e-07,1.6199919627979398e-07,0.016414824000094086,0.009921271001076093,20.269140476000757,-2060.0,-3700.0
100.0,50.0,0.0,2.0,2.0,1.0,620.0,4.5900014811195433e-07,1.590015017427504e-07,0.01690753399816458,0.01418419800029369,20.30023892600002,-2060.0,-3700.0
100.0,50.0,0.0,2.0,2.0,1.0,621.0,4.659996193367988e-07,1.6400008462369442e-07,0.016363653001462808,0.014224826001736801,20.33083419399918,-2060.0,-3700.0
100.0,50.0,0.0,2.0,2.0,1.0,622.0,5.000001692678779e-07,1.5700061339884996e-07,0.018790987000102177,0.010431160000734963,20.360062691001076,-2060.0,-3700.0
100.0,50.0,0.0,2.0,2.0,1.0,623.0,4.4599801185540855e-07,1.4199758879840374e-07,0.01706534899858525,0.01562694599851966,20.392761849001545,-2060.0,-3700.0
100.0,50.0,0.0,2.0,2.0,1.0,624.0,3.7399877328425646e-07,1.5199839253909886e-07,0.016629544999887003,0.012372539000352845,20.42177028900187,-2060.0,-3700.0
100.0,50.0,0.0,2.0,2.0,1.0,625.0,5.010006134398282e-07,1.5299883671104908e-07,0.01674876799734193,0.015151644998695701,20.45367716599867,-2060.0,-3700.0
100.0,50.0,0.0,2.0,2.0,1.0,626.0,4.0600207285024226e-07,1.490006980020553e-07,0.016386105002311524,0.014191700000083074,20.48426114800168,-2060.0,-3700.0
100.0,50.0,0.0,2.0,2.0,1.0,627.0,4.2900137486867607e-07,1.410007826052606e-07,0.016992256001685746,0.01732968400028767,20.51858966600048,-2060.0,-3700.0
100.0,50.0,0.0,2.0,2.0,1.0,628.0,5.059991963207722e-07,1.5800105757080019e-07,0.01496071599831339,0.013379234998865286,20.546936507998907,-2060.0,-3700.0
100.0,50.0,0.0,2.0,2.0,1.0,629.0,4.5900014811195433e-07,1.360021997243166e-07,0.017882234998978674,0.013560979001340456,20.57838591499967,-2060.0,-3700.0
100.0,50.0,0.0,2.0,2.0,1.0,630.0,4.0600207285024226e-07,1.4299803297035396e-07,0.016742349998821737,0.010651333999703638,20.60578569000063,-2060.0,-3700.0
100.0,50.0,0.0,2.0,2.0,1.0,631.0,8.269998943433166e-07,1.3500175555236638e-07,0.019549431999621447,0.013132718999258941,20.6384744019997,-2060.0,-3700.0
100.0,50.0,0.0,2.0,2.0,1.0,632.0,5.010006134398282e-07,1.5100158634595573e-07,0.01678492100108997,0.011593741000979207,20.66685968499951,-2060.0,-3700.0
100.0,50.0,0.0,2.0,2.0,1.0,633.0,4.180001269560307e-07,1.81000359589234e-07,0.016713706998416455,0.014526525003020652,20.69810659200084,-2060.0,-3700.0
100.0,50.0,0.0,2.0,2.0,1.0,634.0,4.309986252337694e-07,1.3699900591745973e-07,0.01894056799937971,0.01681059600014123,20.73386397200011,-2060.0,-3700.0
100.0,50.0,0.0,2.0,2.0,1.0,635.0,4.220019036438316e-07,1.6199919627979398e-07,0.017640164998738328,0.014261765998526243,20.765772755999933,-2060.0,-3700.0
100.0,50.0,0.0,2.0,2.0,1.0,636.0,4.5100023271515965e-07,1.4999750419519842e-07,0.01689436000015121,0.015986260001227492,20.79865989600148,-2060.0,-3700.0
100.0,50.0,0.0,2.0,2.0,1.0,637.0,5.130023055244237e-07,1.5099794836714864e-07,0.022321299999020994,0.010720469999796478,20.831708427002013,-2060.0,-3700.0
100.0,50.0,0.0,2.0,2.0,1.0,638.0,4.90999809699133e-07,1.6099875210784376e-07,0.017863363998912973,0.013226275001215981,20.862805078999372,-2060.0,-3700.0
100.0,50.0,0.0,2.0,2.0,1.0,639.0,5.129986675456166e-07,1.5700061339884996e-07,0.01689843399799429,0.014961315999244107,20.894671729001857,-2060.0,-3700.0
100.0,50.0,0.0,2.0,2.0,1.0,640.0,4.869980330113322e-07,1.579974195919931e-07,0.017426239002816146,0.013850995997927384,20.925955640999746,-2060.0,-3700.0
100.0,50.0,0.0,2.0,2.0,1.0,641.0,4.86001226818189e-07,1.449989213142544e-07,0.017480523998528952,0.015918616998533253,20.959361602999707,-2060.0,-3700.0
100.0,50.0,0.0,2.0,2.0,1.0,642.0,4.4499756768345833e-07,1.3900353224016726e-07,0.01676798300104565,0.015268576000380563,20.99140442999851,-2060.0,-3700.0
100.0,50.0,0.0,2.0,2.0,1.0,643.0,5.000001692678779e-07,1.5999830793589354e-07,0.016850537998834625,0.015677428000344662,21.023939616999996,-2060.0,-3700.0
100.0,50.0,0.0,2.0,2.0,1.0,644.0,3.179993655066937e-07,1.3900353224016726e-07,0.01869268899827148,0.01694772099654074,21.059585876999336,-2060.0,-3700.0
100.0,50.0,0.0,2.0,2.0,1.0,645.0,5.420006345957518e-07,1.7799902707338333e-07,0.017199324000102933,0.01676968100218801,21.093561478999618,-2060.0,-3700.0
100.0,50.0,0.0,2.0,2.0,1.0,646.0,3.0199953471310437e-07,1.399967004545033e-07,0.0204667200014228,0.019164866000210168,21.13319889899867,-2060.0,-3700.0
100.0,50.0,0.0,2.0,2.0,1.0,647.0,3.299974196124822e-07,1.4200122677721083e-07,0.020018630002596183,0.016642309001326794,21.16986614200141,-2060.0,-3700.0
100.0,50.0,0.0,2.0,2.0,1.0,648.0,4.90999809699133e-07,1.5999830793589354e-07,0.016580907999014016,0.014350392000778811,21.200803760999406,-2060.0,-3700.0
100.0,50.0,0.0,2.0,2.0,1.0,649.0,5.180008884053677e-07,1.769985829014331e-07,0.017884811000840273,0.014658372998383129,21.233353722000174,-2060.0,-3700.0
100.0,50.0,0.0,2.0,2.0,1.0,650.0,4.169996827840805e-07,1.5099794836714864e-07,0.017111542998463847,0.01677206199747161,21.26724456699958,-2060.0,-3700.0
100.0,50.0,0.0,2.0,2.0,1.0,651.0,5.410001904238015e-07,1.5800105757080019e-07,0.018747177000477677,0.011877163000463042,21.297875995998766,-2060.0,-3700.0
100.0,50.0,0.0,2.0,2.0,1.0,652.0,5.119982233736664e-07,1.5700061339884996e-07,0.017147210997791262,0.009395725999638671,21.324425587001315,-2060.0,-3700.0
100.0,50.0,0.0,2.0,2.0,1.0,653.0,4.5100023271515965e-07,1.4799661585129797e-07,0.01784109499931219,0.020603343000402674,21.362876734001475,-2060.0,-3700.0
100.0,50.0,0.0,2.0,2.0,1.0,654.0,3.770001058001071e-07,1.629996404517442e-07,0.01860101000056602,0.016586007001023972,21.398070939998433,-2060.0,-3700.0
100.0,50.0,0.0,2.0,2.0,1.0,655.0,3.5599805414676666e-07,1.770022208802402e-07,0.017499196001153905,0.016158200000063516,21.431734934001724,-2060.0,-3700.0
100.0,50.0,0.0,2.0,2.0,1.0,656.0,5.09997335029766e-07,1.6000194591470063e-07,0.01647672000035527,0.014280792998761171,21.46249896199879,-2060.0,-3700.0
100.0,50.0,0.0,2.0,2.0,1.0,657.0,5.039983079768717e-07,1.5699697542004287e-07,0.0164800060010748,0.012951161999808392,21.491936947000795,-2060.0,-3700.0
100.0,50.0,0.0,2.0,2.0,1.0,658.0,4.840003384742886e-07,1.489970600232482e-07,0.017193375999340788,0.012246423000760842,21.52138335500058,-2060.0,-3700.0
100.0,50.0,0.0,2.0,2.0,1.0,659.0,3.7900099414400756e-07,1.6600097296759486e-07,0.016318334000970935,0.016107141000247793,21.553815387000213,-2060.0,-3700.0
100.0,50.0,0.0,2.0,2.0,1.0,660.0,4.629982868209481e-07,1.5099794836714864e-07,0.0187361520002014,0.01672676900125225,21.589284655001393,-2060.0,-3700.0
100.0,50.0,0.0,2.0,2.0,1.0,661.0,5.180008884053677e-07,1.5700061339884996e-07,0.016858191000210354,0.011961693999182899,21.618111562002014,-2060.0,-3700.0
100.0,50.0,0.0,2.0,2.0,1.0,662.0,4.979992809239775e-07,1.6200283425860107e-07,0.01817590199789265,0.017058419001841685,21.653352760000416,-2060.0,-3700.0
100.0,50.0,0.0,2.0,2.0,1.0,663.0,2.910019247792661e-07,1.4699980965815485e-07,0.017471383998781675,0.017486322001786903,21.688316548999865,-2060.0,-3700.0
100.0,50.0,0.0,2.0,2.0,1.0,664.0,4.080029611941427e-07,1.6000194591470063e-07,0.016096641000331147,0.01713131300130044,21.721550539001328,-2060.0,-3700.0
100.0,50.0,0.0,2.0,2.0,1.0,665.0,3.8199868868105114e-07,1.320004230365157e-07,0.018564280999271432,0.010633142999722622,21.750754231001338,-2060.0,-3700.0
100.0,50.0,0.0,2.0,2.0,1.0,666.0,4.770008672494441e-07,1.539992808829993e-07,0.019749253999179928,0.014885832999425475,21.785396185001446,-2060.0,-3700.0
100.0,50.0,0.0,2.0,2.0,1.0,667.0,5.399997462518513e-07,1.3899989426136017e-07,0.019494742999086156,0.015352389997133287,21.82025007699849,-2060.0,-3700.0
100.0,50.0,0.0,2.0,2.0,1.0,668.0,3.00002284348011e-07,1.6999911167658865e-07,0.01784593400225276,0.0190308509991155,21.857132871999056,-2060.0,-3700.0
100.0,50.0,0.0,2.0,2.0,1.0,669.0,4.6800050768069923e-07,1.5100158634595573e-07,0.01935098600006313,0.01134452300175326,21.88783493899973,-2060.0,-3700.0
100.0,50.0,0.0,2.0,2.0,1.0,670.0,7.960006769280881e-07,1.5199839253909886e-07,0.016632115002721548,0.016107810002722545,21.920582155999,-2060.0,-3700.0
100.0,50.0,0.0,2.0,2.0,1.0,671.0,5.129986675456166e-07,1.7300044419243932e-07,0.018669936998776393,0.01094293699861737,21.950201698000456,-2060.0,-3700.0
100.0,50.0,0.0,2.0,2.0,1.0,672.0,5.160000000614673e-07,1.7500133253633976e-07,0.01691251100055524,0.011006122000253526,21.978127139998833,-2060.0,-3700.0
100.0,50.0,0.0,2.0,2.0,1.0,673.0,8.460010576527566e-07,1.590015017427504e-07,0.016018202997656772,0.011219068997888826,22.005371824001486,-2060.0,-3700.0
100.0,50.0,0.0,2.0,2.0,1.0,674.0,4.86001226818189e-07,1.4699980965815485e-07,0.015143807999265846,0.01609866099897772,22.036621397001,-2060.0,-3700.0
100.0,50.0,0.0,2.0,2.0,1.0,675.0,4.920002538710833e-07,1.7099955584853888e-07,0.016260581000096863,0.01527151799746207,22.06816000099934,-2060.0,-3700.0
100.0,50.0,0.0,2.0,2.0,1.0,676.0,4.7400317271240056e-07,1.5100158634595573e-07,0.018224517996713985,0.011725824999302858,22.098116549001134,-2060.0,-3700.0
100.0,50.0,0.0,2.0,2.0,1.0,677.0,3.76003299606964e-07,1.5499972505494952e-07,0.01634544699845719,0.017131933997006854,22.13160029500068,-2060.0,-3700.0
100.0,50.0,0.0,2.0,2.0,1.0,678.0,4.3799809645861387e-07,1.5499972505494952e-07,0.01618990800125175,0.013676833001227351,22.16147423700022,-2060.0,-3700.0
100.0,50.0,0.0,2.0,2.0,1.0,679.0,4.790017555933446e-07,1.7400088836438954e-07,0.017363900999043835,0.01594265799940331,22.19478750900089,-2060.0,-3700.0
100.0,50.0,0.0,2.0,2.0,1.0,680.0,4.4999978854320943e-07,1.539992808829993e-07,0.016221961999690393,0.017521180998301134,22.2285378259985,-2060.0,-3700.0
100.0,50.0,0.0,2.0,2.0,1.0,681.0,4.1000021155923605e-07,1.5299883671104908e-07,0.016938197000854416,0.01347677200101316,22.258959555998445,-2060.0,-3700.0
100.0,50.0,0.0,2.0,2.0,1.0,682.0,4.920002538710833e-07,1.5700061339884996e-07,0.016882722000445938,0.01718385899948771,22.293032961999415,-2060.0,-3700.0
100.0,50.0,0.0,2.0,2.0,1.0,683.0,4.749999789055437e-07,1.3499811757355928e-07,0.020094255000003614,0.014914947001670953,22.328048479001154,-2060.0,-3700.0
100.0,50.0,0.0,2.0,2.0,1.0,684.0,3.1499803299084306e-07,1.5999830793589354e-07,0.016895144002774032,0.016222334001213312,22.361172523000278,-2060.0,-3700.0
100.0,50.0,0.0,2.0,2.0,1.0,685.0,4.90999809699133e-07,1.5600016922689974e-07,0.017849121999461204,0.015856624999287305,22.39488490599979,-2060.0,-3700.0
100.0,50.0,0.0,2.0,2.0,1.0,686.0,4.3199906940571964e-07,1.6199919627979398e-07,0.018006374000833603,0.014359294997120742,22.42725707199861,-2060.0,-3700.0
100.0,50.0,0.0,2.0,2.0,1.0,687.0,5.200017767492682e-07,1.4200122677721083e-07,0.01721229000031599,0.016067324999312405,22.460543164001137,-2060.0,-3700.0
100.0,50.0,0.0,2.0,2.0,1.0,688.0,4.790017555933446e-07,1.3799945008940995e-07,0.019138335999741685,0.014531841999996686,22.494220215001405,-2060.0,-3700.0
100.0,50.0,0.0,2.0,2.0,1.0,689.0,5.000001692678779e-07,1.6700141713954508e-07,0.017725456000334816,0.01715646599768661,22.529109024999343,-2060.0,-3700.0
100.0,50.0,0.0,2.0,2.0,1.0,690.0,5.100009730085731e-07,1.6099875210784376e-07,0.017585408000741154,0.011586266999074724,22.55828762999954,-2060.0,-3700.0
100.0,50.0,0.0,2.0,2.0,1.0,691.0,4.709982022177428e-07,1.3699900591745973e-07,0.016295149998768466,0.018280066997249378,22.59286950599926,-2060.0,-3700.0
100.0,50.0,0.0,2.0,2.0,1.0,692.0,4.800021997652948e-07,1.5700061339884996e-07,0.01640149100057897,0.014293455998995341,22.62357121199966,-2060.0,-3700.0
100.0,50.0,0.0,2.0,2.0,1.0,693.0,4.399989848025143e-07,1.3399767340160906e-07,0.0207618669992371,0.010388317998149432,22.65472809700077,-2060.0,-3700.0
100.0,50.0,0.0,2.0,2.0,1.0,694.0,4.28997736889869e-07,1.5999830793589354e-07,0.016666494000673993,0.01341337999838288,22.684814506999828,-2060.0,-3700.0
100.0,50.0,0.0,2.0,2.0,1.0,695.0,4.840003384742886e-07,1.6700141713954508e-07,0.015338719000283163,0.014456069002335425,22.71461567300139,-2060.0,-3700.0
100.0,50.0,0.0,2.0,2.0,1.0,696.0,4.0099985199049115e-07,1.2999953469261527e-07,0.01884633500230848,0.015872198000579374,22.749340499001846,-2060.0,-3700.0
100.0,50.0,0.0,2.0,2.0,1.0,697.0,3.950008249375969e-07,1.6599733498878777e-07,0.01721181399989291,0.015710278999904403,22.782269250001264,-2060.0,-3700.0
100.0,50.0,0.0,2.0,2.0,1.0,698.0,4.0899976738728583e-07,1.4199758879840374e-07,0.01756746700266376,0.017620449001697125,22.81746410100095,-2060.0,-3700.0
100.0,50.0,0.0,2.0,2.0,1.0,699.0,7.85999873187393e-07,1.7999991541728377e-07,0.019002401997568086,0.01058051500149304,22.847054267000203,-2060.0,-3700.0
100.0,50.0,0.0,2.0,2.0,1.0,700.0,5.209985829424113e-07,1.5999830793589354e-07,0.017143097997177392,0.017000481999275507,22.88120443400112,-2060.0,-3700.0
100.0,50.0,0.0,2.0,2.0,1.0,701.0,4.960020305588841e-07,1.5800105757080019e-07,0.017585077999683563,0.014089966000028653,22.91288604100191,-2060.0,-3700.0
100.0,50.0,0.0,2.0,2.0,1.0,702.0,5.149995558895171e-07,1.590015017427504e-07,0.01698848900196026,0.015913497998553794,22.94579509200048,-2060.0,-3700.0
100.0,50.0,0.0,2.0,2.0,1.0,703.0,3.230015863664448e-07,1.539992808829993e-07,0.017000251998979365,0.010695637000026181,22.973498142000608,-2060.0,-3700.0
100.0,50.0,0.0,2.0,2.0,1.0,704.0,4.879984771832824e-07,1.5499972505494952e-07,0.016388472999096848,0.01452497300124378,23.004418724998686,-2060.0,-3700.0
100.0,50.0,0.0,2.0,2.0,1.0,705.0,4.659996193367988e-07,1.6000194591470063e-07,0.017693903999315808,0.018542597998020938,23.040661522998562,-2060.0,-3700.0
100.0,50.0,0.0,2.0,2.0,1.0,706.0,4.4999978854320943e-07,1.4699980965815485e-07,0.021589889998722356,0.010740341997006908,23.072998306000954,-2060.0,-3700.0
100.0,50.0,0.0,2.0,2.0,1.0,707.0,5.189976945985109e-07,1.629996404517442e-07,0.017618133999349084,0.017267113998968853,23.107890643001156,-2060.0,-3700.0
100.0,50.0,0.0,2.0,2.0,1.0,708.0,4.629982868209481e-07,1.5499972505494952e-07,0.018011225998634472,0.015942272999382112,23.141851028998644,-2060.0,-3700.0
100.0,50.0,0.0,2.0,2.0,1.0,709.0,5.100009730085731e-07,1.490006980020553e-07,0.017129150000982918,0.01396539100096561,23.172952248998627,-2060.0,-3700.0
100.0,50.0,0.0,2.0,2.0,1.0,710.0,4.749999789055437e-07,1.5600016922689974e-07,0.01783258199793636,0.01396680800098693,23.204758036001294,-2060.0,-3700.0
100.0,50.0,0.0,2.0,2.0,1.0,711.0,4.520006768871099e-07,1.309999788645655e-07,0.017887268997583305,0.014705837002111366,23.23735776399917,-2060.0,-3700.0
100.0,50.0,0.0,2.0,2.0,1.0,712.0,3.839995770249516e-07,1.8200080376118422e-07,0.017314968001301168,0.016450654999061953,23.271130534001713,-2060.0,-3700.0
100.0,50.0,0.0,2.0,2.0,1.0,713.0,4.819994501303881e-07,1.6400008462369442e-07,0.01868120600192924,0.018495194999559317,23.308313511999586,-2060.0,-3700.0
100.0,50.0,0.0,2.0,2.0,1.0,714.0,5.160000000614673e-07,1.759981387294829e-07,0.01774215699697379,0.0138738249988819,23.339936183001555,-2060.0,-3700.0
100.0,50.0,0.0,2.0,2.0,1.0,715.0,3.9599763113074005e-07,1.4199758879840374e-07,0.019525747000443516,0.014531884000462014,23.374000359999627,-2060.0,-3700.0
100.0,50.0,0.0,2.0,2.0,1.0,716.0,5.410001904238015e-07,1.7899947124533355e-07,0.01676092600246193,0.015520559001743095,23.406289277001633,-2060.0,-3700.0
100.0,50.0,0.0,2.0,2.0,1.0,717.0,5.030015017837286e-07,1.629996404517442e-07,0.017941609999979846,0.016355402000044705,23.440592958999332,-2060.0,-3700.0
100.0,50.0,0.0,2.0,2.0,1.0,718.0,4.6100103645585477e-07,1.6599733498878777e-07,0.018317848996957764,0.0106479229980323,23.469565617000626,-2060.0,-3700.0
100.0,50.0,0.0,2.0,2.0,1.0,719.0,5.369984137360007e-07,1.539992808829993e-07,0.01954301499790745,0.014392434000910725,23.5035085419986,-2060.0,-3700.0
100.0,50.0,0.0,2.0,2.0,1.0,720.0,5.23999915458262e-07,1.6600097296759486e-07,0.021233565999864368,0.0171457360011118,23.54189518899875,-2060.0,-3700.0
100.0,50.0,0.0,2.0,2.0,1.0,721.0,5.059991963207722e-07,1.6500052879564464e-07,0.017421165000996552,0.01945521899688174,23.578778350001812,-2060.0,-3700.0
100.0,50.0,0.0,2.0,2.0,1.0,722.0,4.760004230774939e-07,1.2999953469261527e-07,0.019071110000368208,0.016922448001423618,23.61477866000132,-2060.0,-3700.0
100.0,50.0,0.0,2.0,2.0,1.0,723.0,5.549991328734905e-07,1.7600177670828998e-07,0.01698510999995051,0.01445084599981783,23.646221648999926,-2060.0,-3700.0
100.0,50.0,0.0,2.0,2.0,1.0,724.0,5.069996404927224e-07,1.6199919627979398e-07,0.017524173999845516,0.016185317999770632,23.679938017001405,-2060.0,-3700.0
100.0,50.0,0.0,2.0,2.0,1.0,725.0,4.970024747308344e-07,1.6600097296759486e-07,0.019210258000384783,0.010845135999261402,23.70999991699864,-2060.0,-3700.0
100.0,50.0,0.0,2.0,2.0,1.0,726.0,4.169996827840805e-07,1.5300247468985617e-07,0.016492881000885973,0.0165385550026258,23.743039045999467,-2060.0,-3700.0
100.0,50.0,0.0,2.0,2.0,1.0,727.0,5.490001058205962e-07,2.3500251700170338e-07,0.017281858999922406,0.014929749999282649,23.775259136000386,-2060.0,-3700.0
100.0,50.0,0.0,2.0,2.0,1.0,728.0,4.2800093069672585e-07,1.4599936548620462e-07,0.018747165999229765,0.01498321799954283,23.808996144998673,-2060.0,-3700.0
100.0,50.0,0.0,2.0,2.0,1.0,729.0,4.029971023555845e-07,1.6600097296759486e-07,0.018769820999295916,0.02209113099888782,23.849863364001067,-2060.0,-3700.0
100.0,50.0,0.0,2.0,2.0,1.0,730.0,4.850007826462388e-07,1.500011421740055e-07,0.018510114001401234,0.015400188996864017,23.883779935000348,-2060.0,-3700.0
100.0,50.0,0.0,2.0,2.0,1.0,731.0,4.819994501303881e-07,1.5499972505494952e-07,0.017468122001446318,0.018195797001681058,23.919451482001023,-2060.0,-3700.0
100.0,50.0,0.0,2.0,2.0,1.0,732.0,5.109977792017162e-07,1.680018613114953e-07,0.018069761998049216,0.012150514998211293,23.94967831000031,-2060.0,-3700.0
100.0,50.0,0.0,2.0,2.0,1.0,733.0,4.619978426489979e-07,1.4200122677721083e-07,0.016995799000142142,0.014585343000362627,23.981265786998847,-2060.0,-3700.0
100.0,50.0,0.0,2.0,2.0,1.0,734.0,4.6100103645585477e-07,1.5100158634595573e-07,0.017145631998573663,0.01631237200126634,24.014730918999703,-2060.0,-3700.0
100.0,50.0,0.0,2.0,2.0,1.0,735.0,5.229994712863117e-07,1.6099875210784376e-07,0.018188305002695415,0.011608143002376892,24.04453442399972,-2060.0,-3700.0
100.0,50.0,0.0,2.0,2.0,1.0,736.0,5.229994712863117e-07,1.5499972505494952e-07,0.0163814799998363,0.014322910999908345,24.07524566400025,-2060.0,-3700.0
100.0,50.0,0.0,2.0,2.0,1.0,737.0,3.7300196709111333e-07,1.6199919627979398e-07,0.015691533997596707,0.011156696997204563,24.1021001980007,-2060.0,-3700.0
100.0,50.0,0.0,2.0,2.0,1.0,738.0,4.209978214930743e-07,1.6199919627979398e-07,0.018175774999690475,0.011459785000624834,24.13174244399852,-2060.0,-3700.0
100.0,50.0,0.0,2.0,2.0,1.0,739.0,5.729998520109802e-07,2.47997377300635e-07,0.017528764001326635,0.017116785998950945,24.166396027998417,-2060.0,-3700.0
100.0,50.0,0.0,2.0,2.0,1.0,740.0,4.1100065573118627e-07,1.320004230365157e-07,0.0193511090001266,0.02041390200247406,24.206167550000828,-2060.0,-3700.0
100.0,50.0,0.0,2.0,2.0,1.0,741.0,3.5199991543777287e-07,1.4599936548620462e-07,0.019886204001522856,0.014477502001682296,24.240537303001474,-2060.0,-3700.0
100.0,50.0,0.0,2.0,2.0,1.0,742.0,3.940003807656467e-07,1.6400008462369442e-07,0.017318615999101894,0.014741451999725541,24.27260436800134,-2060.0,-3700.0
100.0,50.0,0.0,2.0,2.0,1.0,743.0,3.770001058001071e-07,1.6200283425860107e-07,0.018277651997777866,0.012125847999413963,24.30301485900054,-2060.0,-3700.0
100.0,50.0,0.0,2.0,2.0,1.0,744.0,4.899993655271828e-07,1.5200203051790595e-07,0.017958070999156917,0.013395202997344313,24.334374496000237,-2060.0,-3700.0
100.0,50.0,0.0,2.0,2.0,1.0,745.0,4.5500200940296054e-07,1.2400050763972104e-07,0.01895087899902137,0.016368502998375334,24.369700931001717,-2060.0,-3700.0
100.0,50.0,0.0,2.0,2.0,1.0,746.0,5.270012479741126e-07,1.7500133253633976e-07,0.016254410998953972,0.014088723000895698,24.400051040000108,-2060.0,-3700.0
100.0,50.0,0.0,2.0,2.0,1.0,747.0,5.030015017837286e-07,1.4800025383010507e-07,0.01813887699972838,0.01680603000204428,24.435002469999745,-2060.0,-3700.0
100.0,50.0,0.0,2.0,2.0,1.0,748.0,4.5499837142415345e-07,1.5700061339884996e-07,0.017770211001334246,0.013215366001531947,24.465994779999164,-2060.0,-3700.0
100.0,50.0,0.0,2.0,2.0,1.0,749.0,4.780013114213943e-07,1.4400211512111127e-07,0.01701428600063082,0.012215594997542212,24.495231046999834,-2060.0,-3700.0
100.0,50.0,0.0,2.0,2.0,1.0,750.0,7.910020940471441e-07,1.4599936548620462e-07,0.016723565000575036,0.011351355002261698,24.523312992001593,-2060.0,-3700.0
100.0,50.0,0.0,2.0,2.0,1.0,751.0,3.1099989428184927e-07,1.410007826052606e-07,0.01745782600119128,0.01759500999833108,24.558372250001412,-2060.0,-3700.0
100.0,50.0,0.0,2.0,2.0,1.0,752.0,3.5600169212557375e-07,1.3500175555236638e-07,0.018830725999578135,0.015022137999039842,24.592231566999544,-2060.0,-3700.0
100.0,50.0,0.0,2.0,2.0,1.0,753.0,1.4780016499571502e-06,1.5199839253909886e-07,0.017183750998810865,0.016666194998833816,24.626090456000384,-2060.0,-3700.0
100.0,50.0,0.0,2.0,2.0,1.0,754.0,4.5500200940296054e-07,1.629996404517442e-07,0.01764729899878148,0.016171391998796025,24.659915628999443,-2060.0,-3700.0
100.0,50.0,0.0,2.0,2.0,1.0,755.0,4.5900014811195433e-07,1.4599936548620462e-07,0.021093646999361226,0.014162704999762354,24.695178279001993,-2060.0,-3700.0
100.0,50.0,0.0,2.0,2.0,1.0,756.0,3.4599725040607154e-07,1.5100158634595573e-07,0.017160399998829234,0.011240507999900728,24.72358566800176,-2060.0,-3700.0
100.0,50.0,0.0,2.0,2.0,1.0,757.0,4.840003384742886e-07,1.679982233326882e-07,0.018936573000246426,0.014845785000943579,24.75737446600033,-2060.0,-3700.0
100.0,50.0,0.0,2.0,2.0,1.0,758.0,4.520006768871099e-07,1.359985617455095e-07,0.019240246998379007,0.011259449001954636,24.787880552001297,-2060.0,-3700.0
100.0,50.0,0.0,2.0,2.0,1.0,759.0,4.7000139602459967e-07,1.5700061339884996e-07,0.018694464000873268,0.015653205002308823,24.822234545001265,-2060.0,-3700.0
100.0,50.0,0.0,2.0,2.0,1.0,760.0,3.950008249375969e-07,1.4399847714230418e-07,0.018478103000234114,0.016471883998747217,24.85719076299938,-2060.0,-3700.0
100.0,50.0,0.0,2.0,2.0,1.0,761.0,5.040019459556788e-07,1.6199919627979398e-07,0.017039176000253065,0.01659349200053839,24.89083030600159,-2060.0,-3700.0
100.0,50.0,0.0,2.0,2.0,1.0,762.0,3.450004442129284e-07,1.410007826052606e-07,0.016258272000413854,0.013410691000899533,24.920505876001698,-2060.0,-3700.0
100.0,50.0,0.0,2.0,2.0,1.0,763.0,5.019974196329713e-07,1.629996404517442e-07,0.01803605499662808,0.013290373000927502,24.951839313001983,-2060.0,-3700.0
100.0,50.0,0.0,2.0,2.0,1.0,764.0,3.5600169212557375e-07,1.679982233326882e-07,0.018051515999104595,0.011164899002324091,24.981062673999986,-2060.0,-3700.0
100.0,50.0,0.0,2.0,2.0,1.0,765.0,4.300018190406263e-07,1.449989213142544e-07,0.01731972200286691,0.018665633997443365,25.017055028998584,-2060.0,-3700.0
100.0,50.0,0.0,2.0,2.0,1.0,766.0,5.069996404927224e-07,1.539992808829993e-07,0.01705386400135467,0.013750004000030458,25.047865847001958,-2060.0,-3700.0
100.0,50.0,0.0,2.0,2.0,1.0,767.0,4.7299909056164324e-07,1.7500133253633976e-07,0.018683836999116465,0.014159738999296678,25.08071565800128,-2060.0,-3700.0
100.0,50.0,0.0,2.0,2.0,1.0,768.0,4.349967639427632e-07,1.360021997243166e-07,0.0184223389987892,0.012356112001725705,25.111500842001988,-2060.0,-3700.0
100.0,50.0,0.0,2.0,2.0,1.0,769.0,4.6799686970189214e-07,1.5800105757080019e-07,0.019370133999473182,0.01724595699852216,25.148123812999984,-2060.0,-3700.0
100.0,50.0,0.0,2.0,2.0,1.0,770.0,4.710018401965499e-07,1.5899786376394331e-07,0.016324708998581627,0.021309380001184763,25.185764873000153,-2060.0,-3700.0
100.0,50.0,0.0,2.0,2.0,1.0,771.0,5.229994712863117e-07,1.5999830793589354e-07,0.016585090997978114,0.015029497000796255,25.21738667200043,-2060.0,-3700.0
100.0,50.0,0.0,2.0,2.0,1.0,772.0,4.949979484081268e-07,1.590015017427504e-07,0.018758813999738777,0.011559411999769509,25.247712088999833,-2060.0,-3700.0
100.0,50.0,0.0,2.0,2.0,1.0,773.0,3.8700090954080224e-07,1.449989213142544e-07,0.020150609001575503,0.011050977002014406,25.278919979999046,-2060.0,-3700.0
100.0,50.0,0.0,2.0,2.0,1.0,774.0,3.5099947126582265e-07,1.5999830793589354e-07,0.016655130002618534,0.015516796000156319,25.31109814500087,-2060.0,-3700.0
100.0,50.0,0.0,2.0,2.0,1.0,775.0,5.47999661648646e-07,1.4099714462645352e-07,0.01583938000112539,0.019462206000753213,25.346406251999724,-2060.0,-3700.0
100.0,50.0,0.0,2.0,2.0,1.0,776.0,4.7000139602459967e-07,1.5499972505494952e-07,0.015671421999286395,0.014640148998296354,25.376724490000925,-2060.0,-3700.0
100.0,50.0,0.0,2.0,2.0,1.0,777.0,5.149995558895171e-07,2.0199877326376736e-07,0.018718191000516526,0.015217815001960844,25.410667685999215,-2060.0,-3700.0
100.0,50.0,0.0,2.0,2.0,1.0,778.0,5.020010576117784e-07,1.5499972505494952e-07,0.017588122998859035,0.011093586002971279,25.43935621700075,-2060.0,-3700.0
100.0,50.0,0.0,2.0,2.0,1.0,779.0,4.540015652310103e-07,1.6500052879564464e-07,0.01691005800239509,0.016952957998000784,25.473225878999074,-2060.0,-3700.0
100.0,50.0,0.0,2.0,2.0,1.0,780.0,5.410001904238015e-07,1.679982233326882e-07,0.016166380999493413,0.017933979001099942,25.507333402998484,-2060.0,-3700.0
100.0,50.0,0.0,2.0,2.0,1.0,781.0,5.310030246619135e-07,1.6400008462369442e-07,0.01816003800195176,0.019833027999993647,25.545332909001445,-2060.0,-3700.0
100.0,50.0,0.0,2.0,2.0,1.0,782.0,4.840003384742886e-07,1.400003384333104e-07,0.01845623000190244,0.01626312699954724,25.58005865800078,-2060.0,-3700.0
100.0,50.0,0.0,2.0,2.0,1.0,783.0,3.770001058001071e-07,1.4699980965815485e-07,0.01689263799926266,0.015981120999640552,25.612939039001503,-2060.0,-3700.0
100.0,50.0,0.0,2.0,2.0,1.0,784.0,4.979992809239775e-07,1.5299883671104908e-07,0.01718696399984765,0.014213705999281956,25.644346521999978,-2060.0,-3700.0
100.0,50.0,0.0,2.0,2.0,1.0,785.0,4.820030881091952e-07,1.6500052879564464e-07,0.015028198999061715,0.013844430999597535,25.67322545099887,-2060.0,-3700.0
100.0,50.0,0.0,2.0,2.0,1.0,786.0,3.8299913285300136e-07,1.4299803297035396e-07,0.019543267000699416,0.014944148999347817,25.7077195439997,-2060.0,-3700.0
100.0,50.0,0.0,2.0,2.0,1.0,787.0,3.9099904824979603e-07,1.5999830793589354e-07,0.0166269769979408,0.01330082499771379,25.737654399999883,-2060.0,-3700.0
100.0,50.0,0.0,2.0,2.0,1.0,788.0,5.189976945985109e-07,1.5499972505494952e-07,0.017100959001254523,0.017737222002324415,25.77249995300008,-2060.0,-3700.0
100.0,50.0,0.0,2.0,2.0,1.0,789.0,4.710018401965499e-07,1.4200122677721083e-07,0.018326007997529814,0.019598508999479236,25.81043116699948,-2060.0,-3700.0
100.0,50.0,0.0,2.0,2.0,1.0,790.0,3.5500124795362353e-07,1.3300086720846593e-07,0.01857873300104984,0.017592587999388343,25.846608946001652,-2060.0,-3700.0
100.0,50.0,0.0,2.0,2.0,1.0,791.0,4.709982022177428e-07,1.4399847714230418e-07,0.016746362001867965,0.011021643000276526,25.874383573998784,-2060.0,-3700.0
100.0,50.0,0.0,2.0,2.0,1.0,792.0,5.069996404927224e-07,1.5700061339884996e-07,0.016358998000214342,0.012436468001396861,25.90318621500046,-2060.0,-3700.0
100.0,50.0,0.0,2.0,2.0,1.0,793.0,5.369984137360007e-07,1.5600016922689974e-07,0.016834567999467254,0.01571275799869909,25.93574037000144,-2060.0,-3700.0
100.0,50.0,0.0,2.0,2.0,1.0,794.0,4.520006768871099e-07,1.4099714462645352e-07,0.019005648002348607,0.018718602001172258,25.97347121799976,-2060.0,-3700.0
100.0,50.0,0.0,2.0,2.0,1.0,795.0,4.540015652310103e-07,1.3899989426136017e-07,0.01793108199854032,0.017737799000315135,26.00914685599855,-2060.0,-3700.0
100.0,50.0,0.0,2.0,2.0,1.0,796.0,5.299989425111562e-07,1.7300044419243932e-07,0.017742894000548404,0.016509868000866845,26.043406928998593,-2060.0,-3700.0
100.0,50.0,0.0,2.0,2.0,1.0,797.0,5.279980541672558e-07,1.4599936548620462e-07,0.016303549000440398,0.014945467999496032,26.07466281300003,-2060.0,-3700.0
100.0,50.0,0.0,2.0,2.0,1.0,798.0,5.000001692678779e-07,1.6400008462369442e-07,0.016707366001355695,0.013872433002688922,26.105249942000228,-2060.0,-3700.0
100.0,50.0,0.0,2.0,2.0,1.0,799.0,4.5900014811195433e-07,1.320004230365157e-07,0.017138022001745412,0.017366975000186358,26.13976152399846,-2060.0,-3700.0
100.0,50.0,0.0,2.0,2.0,1.0,800.0,4.67000063508749e-07,1.490006980020553e-07,0.019130243999825325,0.01616274900152348,26.175060906,-2060.0,-3700.0
100.0,50.0,0.0,2.0,2.0,1.0,801.0,3.579989424906671e-07,1.4600300346501172e-07,0.020150360996922245,0.012470879999455065,26.20768906900048,-2060.0,-3700.0
100.0,50.0,0.0,2.0,2.0,1.0,802.0,5.450019671116024e-07,2.3800021153874695e-07,0.016754591997596435,0.014321623999421718,26.23877399000048,-2060.0,-3700.0
100.0,50.0,0.0,2.0,2.0,1.0,803.0,4.3199906940571964e-07,1.4200122677721083e-07,0.017577749000338372,0.018034125998383388,26.274392415001785,-2060.0,-3700.0
100.0,50.0,0.0,2.0,2.0,1.0,804.0,5.930014594923705e-07,1.5499972505494952e-07,0.017028351001499686,0.010295918997144327,26.301723257001868,-2060.0,-3700.0
100.0,50.0,0.0,2.0,2.0,1.0,805.0,4.920002538710833e-07,1.6600097296759486e-07,0.018125457001588074,0.01405194200197002,26.333907116000773,-2060.0,-3700.0
100.0,50.0,0.0,2.0,2.0,1.0,806.0,5.229994712863117e-07,1.5999830793589354e-07,0.016228432999923825,0.017044983000232605,26.36718729199856,-2060.0,-3700.0
100.0,50.0,0.0,2.0,2.0,1.0,807.0,3.5199991543777287e-07,1.4800025383010507e-07,0.01810433599894168,0.014299037000455428,26.39959732599891,-2060.0,-3700.0
100.0,50.0,0.0,2.0,2.0,1.0,808.0,4.4699845602735877e-07,1.4999750419519842e-07,0.01888521699947887,0.011315675001242198,26.429804709001473,-2060.0,-3700.0
100.0,50.0,0.0,2.0,2.0,1.0,809.0,4.169996827840805e-07,1.489970600232482e-07,0.017498970999440644,0.016554453999560792,26.463864935001766,-2060.0,-3700.0
100.0,50.0,0.0,2.0,2.0,1.0,810.0,5.179972504265606e-07,1.6599733498878777e-07,0.01679645799958962,0.020058484999026405,26.500727119000658,-2060.0,-3700.0
100.0,50.0,0.0,2.0,2.0,1.0,811.0,4.989997250959277e-07,1.6099875210784376e-07,0.017830643002525903,0.013694613000552636,26.53225909200046,-2060.0,-3700.0
100.0,50.0,0.0,2.0,2.0,1.0,812.0,4.850007826462388e-07,1.5999830793589354e-07,0.016811466000945074,0.015709611998317996,26.564787154999067,-2060.0,-3700.0
100.0,50.0,0.0,2.0,2.0,1.0,813.0,4.86001226818189e-07,1.449989213142544e-07,0.018030155999440467,0.016360583002096973,26.599184556002,-2060.0,-3700.0
100.0,50.0,0.0,2.0,2.0,1.0,814.0,5.149995558895171e-07,1.6199919627979398e-07,0.018962561000080314,0.01686429599794792,26.635018591001426,-2060.0,-3700.0
100.0,50.0,0.0,2.0,2.0,1.0,815.0,4.969988367520273e-07,1.7400088836438954e-07,0.018708567000430776,0.018479361999197863,26.67221363000135,-2060.0,-3700.0
100.0,50.0,0.0,2.0,2.0,1.0,816.0,5.109977792017162e-07,1.5899786376394331e-07,0.019249239001510432,0.014545419999194564,26.706015779000154,-2060.0,-3700.0
100.0,50.0,0.0,2.0,2.0,1.0,817.0,5.319998308550566e-07,1.6899866750463843e-07,0.01654814499852364,0.013601336002466269,26.736172307999368,-2060.0,-3700.0
100.0,50.0,0.0,2.0,2.0,1.0,818.0,5.020010576117784e-07,1.6199919627979398e-07,0.01647859899821924,0.014425834000576288,26.76708338300159,-2060.0,-3700.0
100.0,50.0,0.0,2.0,2.0,1.0,819.0,4.580033419188112e-07,1.5800105757080019e-07,0.0176645860010467,0.016618022000329802,26.80137277999893,-2060.0,-3700.0
100.0,50.0,0.0,2.0,2.0,1.0,820.0,5.020010576117784e-07,1.5100158634595573e-07,0.018740555002295878,0.019483568998111878,26.83960363300139,-2060.0,-3700.0
100.0,50.0,0.0,2.0,2.0,1.0,821.0,4.629982868209481e-07,1.6400008462369442e-07,0.01815061299930676,0.015675119000661653,26.873435395998968,-2060.0,-3700.0
100.0,50.0,0.0,2.0,2.0,1.0,822.0,2.899978426285088e-07,1.400003384333104e-07,0.018796858999849064,0.01797237199934898,26.910210713002016,-2060.0,-3700.0
100.0,50.0,0.0,2.0,2.0,1.0,823.0,4.949979484081268e-07,1.680018613114953e-07,0.01890642000216758,0.01611799799866276,26.94524179200016,-2060.0,-3700.0
100.0,50.0,0.0,2.0,2.0,1.0,824.0,4.220019036438316e-07,1.6400008462369442e-07,0.016459711998322746,0.009848974998021731,26.971557469998515,-2060.0,-3700.0
100.0,50.0,0.0,2.0,2.0,1.0,825.0,5.040019459556788e-07,1.5600016922689974e-07,0.01592756199897849,0.014678715000627562,27.002170849998947,-2060.0,-3700.0
100.0,50.0,0.0,2.0,2.0,1.0,826.0,4.5500200940296054e-07,1.6100239008665085e-07,0.01819869899918558,0.014828986997599714,27.03520492499956,-2060.0,-3700.0
100.0,50.0,0.0,2.0,2.0,1.0,827.0,5.080000846646726e-07,1.6500052879564464e-07,0.016670026001520455,0.015826782000658568,27.067708638998738,-2060.0,-3700.0
100.0,50.0,0.0,2.0,2.0,1.0,828.0,5.200017767492682e-07,1.6000194591470063e-07,0.015917364002234535,0.01757819200065569,27.10121071100002,-2060.0,-3700.0
100.0,50.0,0.0,2.0,2.0,1.0,829.0,4.7399953473359346e-07,1.449989213142544e-07,0.01807610999821918,0.015939081000396982,27.135231891999865,-2060.0,-3700.0
100.0,50.0,0.0,2.0,2.0,1.0,830.0,4.870016709901392e-07,1.449989213142544e-07,0.019035895998968044,0.017251249999389984,27.17152548100057,-2060.0,-3700.0
100.0,50.0,0.0,2.0,2.0,1.0,831.0,4.5900014811195433e-07,1.400003384333104e-07,0.021068392001325265,0.013840734998666449,27.206441247999464,-2060.0,-3700.0
100.0,50.0,0.0,2.0,2.0,1.0,832.0,3.659988578874618e-07,1.7300044419243932e-07,0.016040554000937846,0.017796952997741755,27.240285803000006,-2060.0,-3700.0
100.0,50.0,0.0,2.0,2.0,1.0,833.0,5.030015017837286e-07,1.590015017427504e-07,0.017501153000921477,0.010563689000264276,27.268357646000368,-2060.0,-3700.0
100.0,50.0,0.0,2.0,2.0,1.0,834.0,3.7000063457526267e-07,1.590015017427504e-07,0.019236881998949684,0.014128680999419885,27.30172947900064,-2060.0,-3700.0
100.0,50.0,0.0,2.0,2.0,1.0,835.0,3.339991963002831e-07,1.410007826052606e-07,0.02140574400254991,0.015608713001711294,27.338750400002027,-2060.0,-3700.0
100.0,50.0,0.0,2.0,2.0,1.0,836.0,3.950008249375969e-07,1.4800025383010507e-07,0.018374494000454433,0.011943962002987973,27.369075230999442,-2060.0,-3700.0
100.0,50.0,0.0,2.0,2.0,1.0,837.0,4.6900095185264945e-07,1.6499689081683755e-07,0.01870795799914049,0.012823531000321964,27.400613383000746,-2060.0,-3700.0
100.0,50.0,0.0,2.0,2.0,1.0,838.0,5.219990271143615e-07,1.6999911167658865e-07,0.018801712998538278,0.011440236001362791,27.43086272200162,-2060.0,-3700.0
100.0,50.0,0.0,2.0,2.0,1.0,839.0,5.000001692678779e-07,1.5299883671104908e-07,0.016182683997612912,0.012283015999855706,27.459335540999746,-2060.0,-3700.0
100.0,50.0,0.0,2.0,2.0,1.0,840.0,4.5900014811195433e-07,1.449989213142544e-07,0.016146746998856543,0.010464426999533316,27.48595301000023,-2060.0,-3700.0
100.0,50.0,0.0,2.0,2.0,1.0,841.0,4.67000063508749e-07,1.6600097296759486e-07,0.015890539001702564,0.016124813999340404,27.517975341001147,-2060.0,-3700.0
100.0,50.0,0.0,2.0,2.0,1.0,842.0,5.030015017837286e-07,1.5600016922689974e-07,0.01642555699800141,0.014730413000506815,27.54913794299864,-2060.0,-3700.0
100.0,50.0,0.0,2.0,2.0,1.0,843.0,4.879984771832824e-07,1.579974195919931e-07,0.01800931699835928,0.01000803100032499,27.57716192600128,-2060.0,-3700.0
100.0,50.0,0.0,2.0,2.0,1.0,844.0,3.990026016253978e-07,1.539992808829993e-07,0.017901388000609586,0.014271157000621315,27.60934118899968,-2060.0,-3700.0
100.0,50.0,0.0,2.0,2.0,1.0,845.0,4.2299870983697474e-07,1.7099955584853888e-07,0.01825250500041875,0.018554807000327855,27.64615560400125,-2060.0,-3700.0
100.0,50.0,0.0,2.0,2.0,1.0,846.0,5.229994712863117e-07,1.7400088836438954e-07,0.01833132699903217,0.012094519999664044,27.67658861000018,-2060.0,-3700.0
100.0,50.0,0.0,2.0,2.0,1.0,847.0,4.989997250959277e-07,1.6900230548344553e-07,0.017441082000004826,0.01522181099790032,27.709257982001873,-2060.0,-3700.0
100.0,50.0,0.0,2.0,2.0,1.0,848.0,3.230015863664448e-07,1.410007826052606e-07,0.01725433100000373,0.016036655000789324,27.742555101998732,-2060.0,-3700.0
100.0,50.0,0.0,2.0,2.0,1.0,849.0,4.790017555933446e-07,1.4300167094916105e-07,0.02281218300049659,0.011050100998545531,27.776423898001667,-2060.0,-3700.0
100.0,50.0,0.0,2.0,2.0,1.0,850.0,4.579997039400041e-07,1.3699900591745973e-07,0.016142234999279026,0.014595253000152297,27.807169578001776,-2060.0,-3700.0
100.0,50.0,0.0,2.0,2.0,1.0,851.0,4.069988790433854e-07,2.2799940779805183e-07,0.02029595899875858,0.011747462998755509,27.83922207499927,-2060.0,-3700.0
100.0,50.0,0.0,2.0,2.0,1.0,852.0,5.260008038021624e-07,1.720000000204891e-07,0.018903014999523293,0.016309737002302427,27.87444165800116,-2060.0,-3700.0
100.0,50.0,0.0,2.0,2.0,1.0,853.0,5.160000000614673e-07,1.6500052879564464e-07,0.016575044999626698,0.014403396002308,27.90542688699861,-2060.0,-3700.0
100.0,50.0,0.0,2.0,2.0,1.0,854.0,4.629982868209481e-07,1.2400050763972104e-07,0.018729698000242934,0.01686940200306708,27.941032301001542,-2060.0,-3700.0
100.0,50.0,0.0,2.0,2.0,1.0,855.0,4.5499837142415345e-07,1.449989213142544e-07,0.018447054997523082,0.015008498001407133,27.974494121001044,-2060.0,-3700.0
100.0,50.0,0.0,2.0,2.0,1.0,856.0,3.579989424906671e-07,1.590015017427504e-07,0.021506327000679448,0.014506258001347305,28.01051293799901,-2060.0,-3700.0
100.0,50.0,0.0,2.0,2.0,1.0,857.0,5.020010576117784e-07,1.5100158634595573e-07,0.01591109199944185,0.01709890600250219,28.043529313999898,-2060.0,-3700.0
100.0,50.0,0.0,2.0,2.0,1.0,858.0,4.579997039400041e-07,1.6099875210784376e-07,0.019948111999838147,0.017839084997831378,28.081323178001185,-2060.0,-3700.0
100.0,50.0,0.0,2.0,2.0,1.0,859.0,7.929993444122374e-07,1.590015017427504e-07,0.016560836000280688,0.013205875002313405,28.111096750999423,-2060.0,-3700.0
100.0,50.0,0.0,2.0,2.0,1.0,860.0,4.4199987314641476e-07,1.539992808829993e-07,0.0173470029985765,0.01351663099922007,28.141967545001535,-2060.0,-3700.0
100.0,50.0,0.0,2.0,2.0,1.0,861.0,5.120018613524735e-07,1.7400088836438954e-07,0.018038079000689322,0.015456938999705017,28.175469264999265,-2060.0,-3700.0
100.0,50.0,0.0,2.0,2.0,1.0,862.0,3.299974196124822e-07,1.449989213142544e-07,0.020475040000746958,0.01116381999963778,28.20711470199967,-2060.0,-3700.0
100.0,50.0,0.0,2.0,2.0,1.0,863.0,5.029978638049215e-07,1.6100239008665085e-07,0.018077229000482475,0.014979457002482377,28.24017817999993,-2060.0,-3700.0
100.0,50.0,0.0,2.0,2.0,1.0,864.0,4.829998943023384e-07,1.5800105757080019e-07,0.017201198003022,0.014093712998146657,28.271479545001057,-2060.0,-3700.0
100.0,50.0,0.0,2.0,2.0,1.0,865.0,3.450004442129284e-07,1.490006980020553e-07,0.017720118001307128,0.015617601999110775,28.304823419999593,-2060.0,-3700.0
100.0,50.0,0.0,2.0,2.0,1.0,866.0,4.90999809699133e-07,1.500011421740055e-07,0.019682922000356484,0.014588244001060957,28.339101061999827,-2060.0,-3700.0
100.0,50.0,0.0,2.0,2.0,1.0,867.0,4.360008460935205e-07,1.500011421740055e-07,0.01663277400075458,0.01783266399797867,28.37357341200186,-2060.0,-3700.0
100.0,50.0,0.0,2.0,2.0,1.0,868.0,4.76997229270637e-07,1.5200203051790595e-07,0.018619558999489527,0.013481601999956183,28.405680800999107,-2060.0,-3700.0
100.0,50.0,0.0,2.0,2.0,1.0,869.0,4.699977580457926e-07,1.539992808829993e-07,0.0195252960002108,0.016304732002026867,28.441517480001494,-2060.0,-3700.0
100.0,50.0,0.0,2.0,2.0,1.0,870.0,5.019974196329713e-07,1.5600016922689974e-07,0.01769198200054234,0.01727776699772221,28.47649411800012,-2060.0,-3700.0
100.0,50.0,0.0,2.0,2.0,1.0,871.0,4.770008672494441e-07,1.5099794836714864e-07,0.01722525000150199,0.010568821999186184,28.504294513000787,-2060.0,-3700.0
100.0,50.0,0.0,2.0,2.0,1.0,872.0,4.4499756768345833e-07,1.6400008462369442e-07,0.01619178300097701,0.016321553001034772,28.536814907001826,-2060.0,-3700.0
100.0,50.0,0.0,2.0,2.0,1.0,873.0,3.679997462313622e-07,1.6099875210784376e-07,0.01569730499977595,0.016349280998838367,28.568868302001647,-2060.0,-3700.0
100.0,50.0,0.0,2.0,2.0,1.0,874.0,4.829998943023384e-07,1.590015017427504e-07,0.01822592800090206,0.017930980000528507,28.605031750001217,-2060.0,-3700.0
100.0,50.0,0.0,2.0,2.0,1.0,875.0,4.569992597680539e-07,1.400003384333104e-07,0.018672628997592255,0.01511006300279405,28.6388209809993,-2060.0,-3700.0
100.0,50.0,0.0,2.0,2.0,1.0,876.0,4.709982022177428e-07,1.7999991541728377e-07,0.01830020800116472,0.01665871500154026,28.673786544000905,-2060.0,-3700.0
100.0,50.0,0.0,2.0,2.0,1.0,877.0,4.840003384742886e-07,1.490006980020553e-07,0.018771895000099903,0.013024693998886505,28.705589551998855,-2060.0,-3700.0
100.0,50.0,0.0,2.0,2.0,1.0,878.0,5.420006345957518e-07,1.5299883671104908e-07,0.017165378001664067,0.014021127000887645,28.736782775999018,-2060.0,-3700.0
100.0,50.0,0.0,2.0,2.0,1.0,879.0,3.929999365936965e-07,1.590015017427504e-07,0.01713753399963025,0.017824359998485306,28.77175153600183,-2060.0,-3700.0
100.0,50.0,0.0,2.0,2.0,1.0,880.0,4.86001226818189e-07,1.4200122677721083e-07,0.019061889997828985,0.010773736001283396,28.801594198001112,-2060.0,-3700.0
100.0,50.0,0.0,2.0,2.0,1.0,881.0,4.90999809699133e-07,1.5499972505494952e-07,0.01771630099756294,0.017130542000813875,28.836447855999722,-2060.0,-3700.0
100.0,50.0,0.0,2.0,2.0,1.0,882.0,3.230015863664448e-07,1.4800025383010507e-07,0.01952274799987208,0.01730220999888843,28.87327907999861,-2060.0,-3700.0
100.0,50.0,0.0,2.0,2.0,1.0,883.0,4.770008672494441e-07,1.410007826052606e-07,0.01854877299774671,0.015761919999931706,28.907595886001218,-2060.0,-3700.0
100.0,50.0,0.0,2.0,2.0,1.0,884.0,3.710010787472129e-07,1.6999911167658865e-07,0.020043054999405285,0.01590184100132319,28.943546811999113,-2060.0,-3700.0
100.0,50.0,0.0,2.0,2.0,1.0,885.0,4.5599881559610367e-07,1.4200122677721083e-07,0.021902514003159013,0.017196636999869952,28.982652151000366,-2060.0,-3700.0
100.0,50.0,0.0,2.0,2.0,1.0,886.0,3.47998138749972e-07,1.5299883671104908e-07,0.01828817500063451,0.016779417001089314,29.017726260000927,-2060.0,-3700.0
100.0,50.0,0.0,2.0,2.0,1.0,887.0,5.029978638049215e-07,1.5100158634595573e-07,0.019461109000985743,0.014728144000400789,29.051922369999374,-2060.0,-3700.0
100.0,50.0,0.0,2.0,2.0,1.0,888.0,5.09997335029766e-07,1.6600097296759486e-07,0.018327353998756735,0.01467038800183218,29.08492731500155,-2060.0,-3700.0
100.0,50.0,0.0,2.0,2.0,1.0,889.0,3.389977791812271e-07,1.3899989426136017e-07,0.01822566999908304,0.011091196996858343,29.114250929000264,-2060.0,-3700.0
100.0,50.0,0.0,2.0,2.0,1.0,890.0,5.28998498339206e-07,1.4800025383010507e-07,0.017019201997754863,0.010481004002940608,29.141757776000304,-2060.0,-3700.0
100.0,50.0,0.0,2.0,2.0,1.0,891.0,4.299981810618192e-07,1.6199919627979398e-07,0.016332581002643565,0.015377715000795433,29.173475057999894,-2060.0,-3700.0
100.0,50.0,0.0,2.0,2.0,1.0,892.0,4.1399835026822984e-07,1.3300086720846593e-07,0.01754902999891783,0.01409880499704741,29.205129431000387,-2060.0,-3700.0
100.0,50.0,0.0,2.0,2.0,1.0,893.0,4.949979484081268e-07,1.6200283425860107e-07,0.01782073600043077,0.01598590499997954,29.23894271899917,-2060.0,-3700.0
100.0,50.0,0.0,2.0,2.0,1.0,894.0,5.029978638049215e-07,1.6100239008665085e-07,0.01643153500117478,0.014275138000812149,29.269656509000924,-2060.0,-3700.0
100.0,50.0,0.0,2.0,2.0,1.0,895.0,5.359979695640504e-07,1.4699980965815485e-07,0.018169259001297178,0.014453495998168364,29.302285920999566,-2060.0,-3700.0
100.0,50.0,0.0,2.0,2.0,1.0,896.0,3.440000000409782e-07,1.3700264389626682e-07,0.01891057099783211,0.016415204001532402,29.337618179000856,-2060.0,-3700.0
100.0,50.0,0.0,2.0,2.0,1.0,897.0,4.5499837142415345e-07,1.809967216104269e-07,0.018582265998702496,0.012535071997263003,29.36874226800137,-2060.0,-3700.0
100.0,50.0,0.0,2.0,2.0,1.0,898.0,4.519970389083028e-07,1.5999830793589354e-07,0.018035077999229543,0.018180809001933085,29.404964584999107,-2060.0,-3700.0
100.0,50.0,0.0,2.0,2.0,1.0,899.0,4.120010999031365e-07,1.4800025383010507e-07,0.018074553001497407,0.013271403997350717,29.436316642000747,-2060.0,-3700.0
100.0,50.0,0.0,2.0,2.0,1.0,900.0,4.699977580457926e-07,1.6500052879564464e-07,0.01730968300034874,0.016123807999974815,29.469756694001262,-2060.0,-3700.0
100.0,50.0,0.0,2.0,2.0,1.0,901.0,4.3699765228666365e-07,1.410007826052606e-07,0.019030153001949657,0.01311941700259922,29.50191221500063,-2060.0,-3700.0
100.0,50.0,0.0,2.0,2.0,1.0,902.0,4.989997250959277e-07,1.490006980020553e-07,0.0180164249977679,0.014752988998225192,29.534688435000135,-2060.0,-3700.0
100.0,50.0,0.0,2.0,2.0,1.0,903.0,4.3300315155647695e-07,1.6199919627979398e-07,0.018570308002381353,0.011333344999002293,29.564598426000885,-2060.0,-3700.0
100.0,50.0,0.0,2.0,2.0,1.0,904.0,4.029971023555845e-07,1.5700061339884996e-07,0.017238059001101647,0.019160897998517612,29.60100461299953,-2060.0,-3700.0
100.0,50.0,0.0,2.0,2.0,1.0,905.0,4.929970600642264e-07,1.4800025383010507e-07,0.016863965000084136,0.017736972000420792,29.635612172001856,-2060.0,-3700.0
100.0,50.0,0.0,2.0,2.0,1.0,906.0,4.6000059228390455e-07,1.3799945008940995e-07,0.01906162100203801,0.012338189000729471,29.667018158001156,-2060.0,-3700.0
100.0,50.0,0.0,2.0,2.0,1.0,907.0,4.790017555933446e-07,1.490006980020553e-07,0.01809411700014607,0.014807930998358643,29.69992692500091,-2060.0,-3700.0
100.0,50.0,0.0,2.0,2.0,1.0,908.0,5.100009730085731e-07,1.6999911167658865e-07,0.017376439001964172,0.014700715000799391,29.73201104400141,-2060.0,-3700.0
100.0,50.0,0.0,2.0,2.0,1.0,909.0,5.330002750270069e-07,1.6999911167658865e-07,0.018198349000158487,0.017460502000176348,29.76767758600181,-2060.0,-3700.0
100.0,50.0,0.0,2.0,2.0,1.0,910.0,6.429982022382319e-07,2.0099832909181714e-07,0.02110011399781797,0.01305057100034901,29.80183688300167,-2060.0,-3700.0
100.0,50.0,0.0,2.0,2.0,1.0,911.0,5.059991963207722e-07,1.5600016922689974e-07,0.01830686900211731,0.016717877002520254,29.836868211001274,-2060.0,-3700.0
100.0,50.0,0.0,2.0,2.0,1.0,912.0,4.7000139602459967e-07,1.410007826052606e-07,0.018390812001598533,0.01473788300063461,29.8700037339986,-2060.0,-3700.0
100.0,50.0,0.0,2.0,2.0,1.0,913.0,5.129986675456166e-07,1.7300044419243932e-07,0.01754593299847329,0.0164156799983175,29.90397268599918,-2060.0,-3700.0
100.0,50.0,0.0,2.0,2.0,1.0,914.0,5.039983079768717e-07,1.3399767340160906e-07,0.018404066999210045,0.014046284999494674,29.936429553999915,-2060.0,-3700.0
100.0,50.0,0.0,2.0,2.0,1.0,915.0,4.95998392580077e-07,1.590015017427504e-07,0.01710003599873744,0.014128404000075534,29.967664889001753,-2060.0,-3700.0
100.0,50.0,0.0,2.0,2.0,1.0,916.0,4.969988367520273e-07,1.4699980965815485e-07,0.016931957001361297,0.015045535001263488,29.99964927399924,-2060.0,-3700.0
100.0,50.0,0.0,2.0,2.0,1.0,917.0,3.86000465368852e-07,1.759981387294829e-07,0.016742048999731196,0.018410828000924084,30.034809111999493,-2060.0,-3700.0
100.0,50.0,0.0,2.0,2.0,1.0,918.0,4.90999809699133e-07,1.629996404517442e-07,0.01689043799706269,0.015527249001024757,30.06727121199947,-2060.0,-3700.0
100.0,50.0,0.0,2.0,2.0,1.0,919.0,4.6000059228390455e-07,1.4200122677721083e-07,0.017994784997426905,0.011420498001825763,30.096692426999653,-2060.0,-3700.0
100.0,50.0,0.0,2.0,2.0,1.0,920.0,4.339999577496201e-07,1.6000194591470063e-07,0.018026256002485752,0.01314855899909162,30.127873583998735,-2060.0,-3700.0
100.0,50.0,0.0,2.0,2.0,1.0,921.0,4.129979060962796e-07,1.6100239008665085e-07,0.016510305998963304,0.013907107997511048,30.15829758200198,-2060.0,-3700.0
100.0,50.0,0.0,2.0,2.0,1.0,922.0,5.319998308550566e-07,1.66997779160738e-07,0.017163144999358337,0.014712203999806661,30.190179470999283,-2060.0,-3700.0
100.0,50.0,0.0,2.0,2.0,1.0,923.0,4.6400236897170544e-07,1.540029188618064e-07,0.017223366001417162,0.012886377997347154,30.22029579900118,-2060.0,-3700.0
100.0,50.0,0.0,2.0,2.0,1.0,924.0,4.820030881091952e-07,1.629996404517442e-07,0.017064626001229044,0.014149560000078054,30.251516759999504,-2060.0,-3700.0
100.0,50.0,0.0,2.0,2.0,1.0,925.0,4.779976734425873e-07,1.410007826052606e-07,0.017625188000238268,0.012686137997661717,30.281834938999964,-2060.0,-3700.0
100.0,50.0,0.0,2.0,2.0,1.0,926.0,4.619978426489979e-07,1.4399847714230418e-07,0.019352767998498166,0.012484986000345089,30.313678861999506,-2060.0,-3700.0
100.0,50.0,0.0,2.0,2.0,1.0,927.0,4.2399915400892496e-07,1.6899866750463843e-07,0.017264509999222355,0.011870537000504555,30.34282073400027,-2060.0,-3700.0
100.0,50.0,0.0,2.0,2.0,1.0,928.0,5.059991963207722e-07,1.7300044419243932e-07,0.018081105998135172,0.013280002000101376,30.374188564001088,-2060.0,-3700.0
100.0,50.0,0.0,2.0,2.0,1.0,929.0,3.770001058001071e-07,1.5700061339884996e-07,0.015702682998380624,0.014482656999462051,30.404380809999566,-2060.0,-3700.0
100.0,50.0,0.0,2.0,2.0,1.0,930.0,5.090005288366228e-07,1.629996404517442e-07,0.016388936001021648,0.014700887000799412,30.435477773000457,-2060.0,-3700.0
100.0,50.0,0.0,2.0,2.0,1.0,931.0,4.4699845602735877e-07,1.6900230548344553e-07,0.016611020000709686,0.015987019000021974,30.46808186099952,-2060.0,-3700.0
100.0,50.0,0.0,2.0,2.0,1.0,932.0,3.0099909054115415e-07,1.4599936548620462e-07,0.01707196200004546,0.01538780500050052,30.5005480539985,-2060.0,-3700.0
100.0,50.0,0.0,2.0,2.0,1.0,933.0,4.780013114213943e-07,1.4200122677721083e-07,0.0177713759985636,0.014156062999973074,30.532481828999153,-2060.0,-3700.0
100.0,50.0,0.0,2.0,2.0,1.0,934.0,3.709974407684058e-07,1.6000194591470063e-07,0.015179769998212578,0.015534837999439333,30.563203314999555,-2060.0,-3700.0
100.0,50.0,0.0,2.0,2.0,1.0,935.0,5.120018613524735e-07,1.500011421740055e-07,0.01979476799897384,0.018995759997778805,30.602000472001237,-2060.0,-3700.0
100.0,50.0,0.0,2.0,2.0,1.0,936.0,6.859991117380559e-07,1.3899989426136017e-07,0.019529137996869395,0.019079997000517324,30.64061603400114,-2060.0,-3700.0
100.0,50.0,0.0,2.0,2.0,1.0,937.0,4.5900014811195433e-07,1.400003384333104e-07,0.01702018799915095,0.01733402600075351,30.674976672999037,-2060.0,-3700.0
100.0,50.0,0.0,2.0,2.0,1.0,938.0,3.839995770249516e-07,1.539992808829993e-07,0.018851403998269234,0.01091708199965069,30.704751073000807,-2060.0,-3700.0
100.0,50.0,0.0,2.0,2.0,1.0,939.0,3.979985194746405e-07,1.849984982982278e-07,0.016811712997878203,0.014442556002904894,30.73601218800104,-2060.0,-3700.0
100.0,50.0,0.0,2.0,2.0,1.0,940.0,5.219990271143615e-07,1.6899866750463843e-07,0.01732572399851051,0.019627746001788182,30.772972347000177,-2060.0,-3700.0
100.0,50.0,0.0,2.0,2.0,1.0,941.0,4.2799729271791875e-07,1.6900230548344553e-07,0.018118528001650702,0.015877145997365005,30.80697589099873,-2060.0,-3700.0
100.0,50.0,0.0,2.0,2.0,1.0,942.0,5.750007403548807e-07,2.2800304577685893e-07,0.01724320799985435,0.011100479001470376,30.83532768200166,-2060.0,-3700.0
100.0,50.0,0.0,2.0,2.0,1.0,943.0,5.23999915458262e-07,1.6100239008665085e-07,0.01705982400017092,0.015017006000562105,30.86741112800155,-2060.0,-3700.0
100.0,50.0,0.0,2.0,2.0,1.0,944.0,4.6399873099289834e-07,1.360021997243166e-07,0.019116950003081,0.01759636099814088,30.904130840001017,-2060.0,-3700.0
100.0,50.0,0.0,2.0,2.0,1.0,945.0,4.780013114213943e-07,1.360021997243166e-07,0.019399793000047794,0.01014189399938914,30.933678860001237,-2060.0,-3700.0
100.0,50.0,0.0,2.0,2.0,1.0,946.0,3.2800016924738884e-07,1.590015017427504e-07,0.01617197700034012,0.014021939001395367,30.96387903199866,-2060.0,-3700.0
100.0,50.0,0.0,2.0,2.0,1.0,947.0,4.90999809699133e-07,1.539992808829993e-07,0.018468387999746483,0.01574513100058539,30.998099454998737,-2060.0,-3700.0
100.0,50.0,0.0,2.0,2.0,1.0,948.0,5.09997335029766e-07,1.7099955584853888e-07,0.018647779001184972,0.013806707996991463,31.030560391001927,-2060.0,-3700.0
100.0,50.0,0.0,2.0,2.0,1.0,949.0,4.710018401965499e-07,1.4299803297035396e-07,0.01710223099871655,0.013657278002938256,31.061326061000727,-2060.0,-3700.0
100.0,50.0,0.0,2.0,2.0,1.0,950.0,5.149995558895171e-07,1.7000274965539575e-07,0.01813585200216039,0.016539889998966828,31.096008156000607,-2060.0,-3700.0
100.0,50.0,0.0,2.0,2.0,1.0,951.0,4.5100023271515965e-07,1.6700141713954508e-07,0.017178340000100434,0.017803590002586134,31.13099647299896,-2060.0,-3700.0
100.0,50.0,0.0,2.0,2.0,1.0,952.0,4.3599720811471343e-07,1.5200203051790595e-07,0.018097159001627006,0.014702045999001712,31.16380292300164,-2060.0,-3700.0
100.0,50.0,0.0,2.0,2.0,1.0,953.0,5.170004442334175e-07,1.629996404517442e-07,0.01751195600081701,0.012222590001329081,31.193544206998922,-2060.0,-3700.0
100.0,50.0,0.0,2.0,2.0,1.0,954.0,3.219975042156875e-07,1.629996404517442e-07,0.01845841400063364,0.015624144001776585,31.2276333660011,-2060.0,-3700.0
100.0,50.0,0.0,2.0,2.0,1.0,955.0,5.019974196329713e-07,1.630032784305513e-07,0.01690653100013151,0.019810811001661932,31.26435746900097,-2060.0,-3700.0
100.0,50.0,0.0,2.0,2.0,1.0,956.0,4.800021997652948e-07,1.3699900591745973e-07,0.020322283999121282,0.017835906000982504,31.30252241600101,-2060.0,-3700.0
100.0,50.0,0.0,2.0,2.0,1.0,957.0,5.040019459556788e-07,1.8699938664212823e-07,0.017320908002147917,0.016368570999475196,31.336218732998532,-2060.0,-3700.0
100.0,50.0,0.0,2.0,2.0,1.0,958.0,3.579989424906671e-07,1.4200122677721083e-07,0.017254667000088375,0.012658104998990893,31.366138122000848,-2060.0,-3700.0
100.0,50.0,0.0,2.0,2.0,1.0,959.0,5.19001332577318e-07,1.6700141713954508e-07,0.016694153000571532,0.012896348998765461,31.395735860001878,-2060.0,-3700.0
100.0,50.0,0.0,2.0,2.0,1.0,960.0,5.210022209212184e-07,1.6600097296759486e-07,0.017072022001229925,0.015712308002548525,31.428526973999396,-2060.0,-3700.0
100.0,50.0,0.0,2.0,2.0,1.0,961.0,4.350004019215703e-07,1.4600300346501172e-07,0.020504110001638765,0.011311493999528466,31.4603491400012,-2060.0,-3700.0
100.0,50.0,0.0,2.0,2.0,1.0,962.0,5.09997335029766e-07,1.6600097296759486e-07,0.015898852001555497,0.014527382998494431,31.490782166001736,-2060.0,-3700.0
100.0,50.0,0.0,2.0,2.0,1.0,963.0,4.870016709901392e-07,1.3899989426136017e-07,0.02109931800077902,0.012445928001397988,31.524334033998457,-2060.0,-3700.0
100.0,50.0,0.0,2.0,2.0,1.0,964.0,5.250003596302122e-07,1.5499972505494952e-07,0.01595097500103293,0.015948448002745863,31.556240206999064,-2060.0,-3700.0
100.0,50.0,0.0,2.0,2.0,1.0,965.0,5.100009730085731e-07,1.5800105757080019e-07,0.01825986199764884,0.011581112001294969,31.586087759998918,-2060.0,-3700.0
100.0,50.0,0.0,2.0,2.0,1.0,966.0,4.5100023271515965e-07,1.7799902707338333e-07,0.015718611000920646,0.016026150002289796,31.61783927400029,-2060.0,-3700.0
100.0,50.0,0.0,2.0,2.0,1.0,967.0,3.7900099414400756e-07,1.4999750419519842e-07,0.017839393000031123,0.017454977001762018,31.6531409119998,-2060.0,-3700.0
100.0,50.0,0.0,2.0,2.0,1.0,968.0,3.899986040778458e-07,1.500011421740055e-07,0.016897590998269152,0.009894394999719225,31.679939535999438,-2060.0,-3700.0
100.0,50.0,0.0,2.0,2.0,1.0,969.0,4.169996827840805e-07,1.6600097296759486e-07,0.01809904599940637,0.014866891000565374,31.71291198900144,-2060.0,-3700.0
100.0,50.0,0.0,2.0,2.0,1.0,970.0,4.879984771832824e-07,1.6100239008665085e-07,0.018187429999670712,0.01618479599710554,31.74729151900101,-2060.0,-3700.0
100.0,50.0,0.0,2.0,2.0,1.0,971.0,4.399989848025143e-07,1.5499972505494952e-07,0.017865354002424283,0.011367127997800708,31.77653039500001,-2060.0,-3700.0
100.0,50.0,0.0,2.0,2.0,1.0,972.0,3.9999940781854093e-07,1.450025592930615e-07,0.018446909998601768,0.01122408100127359,31.806208115998743,-2060.0,-3700.0
100.0,50.0,0.0,2.0,2.0,1.0,973.0,3.799978003371507e-07,1.5299883671104908e-07,0.018547253999713575,0.017281344000366516,31.84204340799988,-2060.0,-3700.0
100.0,50.0,0.0,2.0,2.0,1.0,974.0,4.4499756768345833e-07,1.410007826052606e-07,0.01809258600042085,0.012406730998918647,31.872549276999052,-2060.0,-3700.0
100.0,50.0,0.0,2.0,2.0,1.0,975.0,7.469971023965627e-07,1.3500175555236638e-07,0.017011746000207495,0.014940058001229772,31.904508471001463,-2060.0,-3700.0
100.0,50.0,0.0,2.0,2.0,1.0,976.0,3.799978003371507e-07,1.66997779160738e-07,0.015976451999449637,0.019653962001029868,31.94014511700152,-2060.0,-3700.0
100.0,50.0,0.0,2.0,2.0,1.0,977.0,4.579997039400041e-07,1.449989213142544e-07,0.02027513800203451,0.014580622999346815,31.975007266999455,-2060.0,-3700.0
100.0,50.0,0.0,2.0,2.0,1.0,978.0,5.319998308550566e-07,1.5499972505494952e-07,0.016767582997999853,0.012538145001599332,32.004319693998696,-2060.0,-3700.0
100.0,50.0,0.0,2.0,2.0,1.0,979.0,3.759996616281569e-07,1.3400131138041615e-07,0.017612936997466022,0.016378854001231957,32.038317821999954,-2060.0,-3700.0
100.0,50.0,0.0,2.0,2.0,1.0,980.0,4.6100103645585477e-07,1.5100158634595573e-07,0.017193509000207996,0.011231069001951255,32.066749200999766,-2060.0,-3700.0
100.0,50.0,0.0,2.0,2.0,1.0,981.0,5.160000000614673e-07,1.6099875210784376e-07,0.018762977997539565,0.016793587998108706,32.10231315200144,-2060.0,-3700.0
100.0,50.0,0.0,2.0,2.0,1.0,982.0,5.250003596302122e-07,1.6099875210784376e-07,0.017965000002732268,0.015168322999670636,32.13545353199879,-2060.0,-3700.0
100.0,50.0,0.0,2.0,2.0,1.0,983.0,5.250003596302122e-07,1.6099875210784376e-07,0.020096594998904038,0.01793324300160748,32.173490744000446,-2060.0,-3700.0
100.0,50.0,0.0,2.0,2.0,1.0,984.0,3.9199949242174625e-07,1.3499811757355928e-07,0.018523798000387615,0.01439921099881758,32.20641982400048,-2060.0,-3700.0
100.0,50.0,0.0,2.0,2.0,1.0,985.0,4.709982022177428e-07,1.4200122677721083e-07,0.019095244999334682,0.016964234000624856,32.242485801998555,-2060.0,-3700.0
100.0,50.0,0.0,2.0,2.0,1.0,986.0,4.6800050768069923e-07,1.4999750419519842e-07,0.016419638999650488,0.014524353999149753,32.273436381001375,-2060.0,-3700.0
100.0,50.0,0.0,2.0,2.0,1.0,987.0,4.540015652310103e-07,1.5200203051790595e-07,0.01688161200218019,0.010724973999458598,32.3010498750009,-2060.0,-3700.0
100.0,50.0,0.0,2.0,2.0,1.0,988.0,4.95998392580077e-07,1.6500052879564464e-07,0.01889632500024163,0.01471458399828407,32.33466748000137,-2060.0,-3700.0
100.0,50.0,0.0,2.0,2.0,1.0,989.0,3.759996616281569e-07,1.4199758879840374e-07,0.01776428599987412,0.010359024003264494,32.362796976001846,-2060.0,-3700.0
100.0,50.0,0.0,2.0,2.0,1.0,990.0,3.66999302059412e-07,1.6500052879564464e-07,0.018568176001281245,0.019437999002548167,32.400809890001256,-2060.0,-3700.0
100.0,50.0,0.0,2.0,2.0,1.0,991.0,4.960020305588841e-07,1.3499811757355928e-07,0.020145399998000357,0.014200868998159422,32.43516335399909,-2060.0,-3700.0
100.0,50.0,0.0,2.0,2.0,1.0,992.0,4.440007614903152e-07,1.410007826052606e-07,0.01853737499914132,0.014199794000887778,32.467907516002015,-2060.0,-3700.0
100.0,50.0,0.0,2.0,2.0,1.0,993.0,5.039983079768717e-07,1.629996404517442e-07,0.01764621599795646,0.01605947500138427,32.50161985500017,-2060.0,-3700.0
100.0,50.0,0.0,2.0,2.0,1.0,994.0,4.6000059228390455e-07,1.5300247468985617e-07,0.016591528998105787,0.012705011999059934,32.530923432001146,-2060.0,-3700.0
100.0,50.0,0.0,2.0,2.0,1.0,995.0,4.6800050768069923e-07,1.5100158634595573e-07,0.01776201100074104,0.012317049000557745,32.56100915099887,-2060.0,-3700.0
100.0,50.0,0.0,2.0,2.0,1.0,996.0,5.160000000614673e-07,1.5800105757080019e-07,0.018457692000083625,0.013413092001428595,32.592886255999474,-2060.0,-3700.0
100.0,50.0,0.0,2.0,2.0,1.0,997.0,4.2800093069672585e-07,1.5600016922689974e-07,0.01717267499770969,0.012535683999885805,32.62260142499872,-2060.0,-3700.0
100.0,50.0,0.0,2.0,2.0,1.0,998.0,3.569984983187169e-07,1.5700061339884996e-07,0.016686448001564713,0.016965645001619123,32.656259693998436,-2060.0,-3700.0
100.0,50.0,0.0,2.0,2.0,1.0,999.0,3.630011633504182e-07,1.6499689081683755e-07,0.016485285999806365,0.010515017998841358,32.6832664829999,-2060.0,-3700.0
100.0,50.0,0.0,2.0,2.0,1.0,1000.0,5.160000000614673e-07,1.5199839253909886e-07,0.017572683002072154,0.016886099001567345,32.717732437999075,-2060.0,-3700.0
100.0,50.0,0.0,2.0,2.0,1.0,1001.0,3.2899697544053197e-07,1.5800105757080019e-07,0.01745063099951949,0.018334093001612928,32.75352423300137,-2060.0,-3700.0
100.0,50.0,0.0,2.0,2.0,1.0,1002.0,4.130015440750867e-07,2.130000211764127e-07,0.01874517399846809,0.011825664001662517,32.78410291099863,-2060.0,-3700.0
100.0,50.0,0.0,2.0,2.0,1.0,1003.0,4.6499917516484857e-07,1.4399847714230418e-07,0.017308282000158215,0.014020720998814795,32.81543827600035,-2060.0,-3700.0
100.0,50.0,0.0,2.0,2.0,1.0,1004.0,7.05000275047496e-07,1.4699980965815485e-07,0.018960967001476092,0.016237742001976585,32.8506434109986,-2060.0,-3700.0
100.0,50.0,0.0,2.0,2.0,1.0,1005.0,5.629990482702851e-07,1.579974195919931e-07,0.0170900890007033,0.014318446999823209,32.88205882500188,-2060.0,-3700.0
100.0,50.0,0.0,2.0,2.0,1.0,1006.0,5.399997462518513e-07,1.5700061339884996e-07,0.016107474999444094,0.014865563996863784,32.913038613001845,-2060.0,-3700.0
100.0,50.0,0.0,2.0,2.0,1.0,1007.0,5.23999915458262e-07,1.6400008462369442e-07,0.018139733998395968,0.01680399099859642,32.94798857999922,-2060.0,-3700.0
100.0,50.0,0.0,2.0,2.0,1.0,1008.0,4.67000063508749e-07,1.4200122677721083e-07,0.0183571050001774,0.013911669000663096,32.98026386100173,-2060.0,-3700.0
100.0,50.0,0.0,2.0,2.0,1.0,1009.0,5.069996404927224e-07,1.3199678505770862e-07,0.01818413200089708,0.01693071699992288,33.01539936200061,-2060.0,-3700.0
100.0,50.0,0.0,2.0,2.0,1.0,1010.0,4.659996193367988e-07,1.4300167094916105e-07,0.017316010998911224,0.015425295001477934,33.048146968001674,-2060.0,-3700.0
100.0,50.0,0.0,2.0,2.0,1.0,1011.0,3.5099947126582265e-07,1.590015017427504e-07,0.016534342998056673,0.01323698999840417,33.077924948000145,-2060.0,-3700.0
100.0,50.0,0.0,2.0,2.0,1.0,1012.0,4.90999809699133e-07,1.4599936548620462e-07,0.016964750000624917,0.014478491997579113,33.10937512700184,-2060.0,-3700.0
100.0,50.0,0.0,2.0,2.0,1.0,1013.0,5.28998498339206e-07,1.629996404517442e-07,0.016758022997237276,0.012437803001375869,33.13857806500164,-2060.0,-3700.0
100.0,50.0,0.0,2.0,2.0,1.0,1014.0,4.4600164983421564e-07,1.400003384333104e-07,0.01856238999971538,0.014382980996742845,33.17152997299854,-2060.0,-3700.0
100.0,50.0,0.0,2.0,2.0,1.0,1015.0,4.799985617864877e-07,1.539992808829993e-07,0.01847250400169287,0.014759121000679443,33.20476826400045,-2060.0,-3700.0
100.0,50.0,0.0,2.0,2.0,1.0,1016.0,5.399997462518513e-07,1.5999830793589354e-07,0.018559811000159243,0.00942625699826749,33.23276196200095,-2060.0,-3700.0
100.0,50.0,0.0,2.0,2.0,1.0,1017.0,5.280016921460629e-07,1.679982233326882e-07,0.016527472998859594,0.014310008999018464,33.26360732900139,-2060.0,-3700.0
100.0,50.0,0.0,2.0,2.0,1.0,1018.0,5.160000000614673e-07,1.6899866750463843e-07,0.01822047899986501,0.016639045999909285,33.29847399400023,-2060.0,-3700.0
100.0,50.0,0.0,2.0,2.0,1.0,1019.0,3.540008037816733e-07,1.4200122677721083e-07,0.0189019540011941,0.01325751200056402,33.33064017200013,-2060.0,-3700.0
100.0,50.0,0.0,2.0,2.0,1.0,1020.0,5.219990271143615e-07,1.7300044419243932e-07,0.015763832001539413,0.013759206001850544,33.36016980500062,-2060.0,-3700.0
100.0,50.0,0.0,2.0,2.0,1.0,1021.0,4.6800050768069923e-07,1.4400211512111127e-07,0.016825284001242835,0.015676528000767576,33.392677757001366,-2060.0,-3700.0
100.0,50.0,0.0,2.0,2.0,1.0,1022.0,3.9599763113074005e-07,1.400003384333104e-07,0.017124499998317333,0.014768073000595905,33.4245763809995,-2060.0,-3700.0
100.0,50.0,0.0,2.0,2.0,1.0,1023.0,4.930006980430335e-07,1.3300086720846593e-07,0.01759510600095382,0.014322908999020001,33.45650084299996,-2060.0,-3700.0
100.0,50.0,0.0,2.0,2.0,1.0,1024.0,4.1400198824703693e-07,1.629996404517442e-07,0.019130728996969992,0.012907787000585813,33.48854547299925,-2060.0,-3700.0
100.0,50.0,0.0,2.0,2.0,1.0,1025.0,3.4599725040607154e-07,1.4399847714230418e-07,0.016760661997977877,0.01648386599845253,33.5217964959993,-2060.0,-3700.0
100.0,50.0,0.0,2.0,2.0,1.0,1026.0,5.04998752148822e-07,1.5299883671104908e-07,0.020464065000851406,0.015125008998438716,33.55739269100013,-2060.0,-3700.0
100.0,50.0,0.0,2.0,2.0,1.0,1027.0,4.339999577496201e-07,1.5700061339884996e-07,0.017623458999878494,0.011728009001672035,33.58675072299957,-2060.0,-3700.0
100.0,50.0,0.0,2.0,2.0,1.0,1028.0,4.47998900199309e-07,1.6099875210784376e-07,0.017879515002277913,0.011064815997087862,33.61570166100137,-2060.0,-3700.0
100.0,50.0,0.0,2.0,2.0,1.0,1029.0,4.660032573156059e-07,1.4200122677721083e-07,0.018275623999215895,0.015891873998043593,33.649876299001335,-2060.0,-3700.0
100.0,50.0,0.0,2.0,2.0,1.0,1030.0,3.450004442129284e-07,1.489970600232482e-07,0.01729759199952241,0.014683270001114579,33.68186350000178,-2060.0,-3700.0
100.0,50.0,0.0,2.0,2.0,1.0,1031.0,5.040019459556788e-07,1.5899786376394331e-07,0.020084543000848498,0.020851164001214784,33.722805823999806,-2060.0,-3700.0
100.0,50.0,0.0,2.0,2.0,1.0,1032.0,4.5100023271515965e-07,1.4299803297035396e-07,0.01961887100333115,0.01752461499927449,33.759955670000636,-2060.0,-3700.0
100.0,50.0,0.0,2.0,2.0,1.0,1033.0,3.7800054997205734e-07,1.5999830793589354e-07,0.01761844200154883,0.01743012899896712,33.79501081000126,-2060.0,-3700.0
100.0,50.0,0.0,2.0,2.0,1.0,1034.0,4.2300234781578183e-07,1.5199839253909886e-07,0.019521777001500595,0.017204269002832007,33.83174322600098,-2060.0,-3700.0
100.0,50.0,0.0,2.0,2.0,1.0,1035.0,4.870016709901392e-07,1.4699980965815485e-07,0.016786246000265237,0.018257140000059735,33.8667930369993,-2060.0,-3700.0
100.0,50.0,0.0,2.0,2.0,1.0,1036.0,3.6600249586626887e-07,1.590015017427504e-07,0.017613520998565946,0.015838190000067698,33.900251111001126,-2060.0,-3700.0
100.0,50.0,0.0,2.0,2.0,1.0,1037.0,3.710010787472129e-07,1.490006980020553e-07,0.017310324001300614,0.016617712997685885,33.93418523999935,-2060.0,-3700.0
100.0,50.0,0.0,2.0,2.0,1.0,1038.0,4.710018401965499e-07,1.489970600232482e-07,0.017393526002706494,0.01633561199923861,33.967921239000134,-2060.0,-3700.0
100.0,50.0,0.0,2.0,2.0,1.0,1039.0,5.189976945985109e-07,1.7400088836438954e-07,0.01836496000032639,0.012995484001294244,33.99928883599932,-2060.0,-3700.0
100.0,50.0,0.0,2.0,2.0,1.0,1040.0,4.989997250959277e-07,1.7799902707338333e-07,0.0173604970004817,0.011587831999349874,34.02824405199863,-2060.0,-3700.0
100.0,50.0,0.0,2.0,2.0,1.0,1041.0,4.899993655271828e-07,1.720000000204891e-07,0.01824175399815431,0.013084149999485817,34.059576585001196,-2060.0,-3700.0
100.0,50.0,0.0,2.0,2.0,1.0,1042.0,4.019966581836343e-07,1.4300167094916105e-07,0.020652800998504972,0.015189783000096213,34.095425537001574,-2060.0,-3700.0
100.0,50.0,0.0,2.0,2.0,1.0,1043.0,5.219990271143615e-07,1.5699697542004287e-07,0.01974706499822787,0.01972758899864857,34.13490682599877,-2060.0,-3700.0
100.0,50.0,0.0,2.0,2.0,1.0,1044.0,4.3799809645861387e-07,1.6099875210784376e-07,0.01885422700070194,0.017022513999108924,34.170789938998496,-2060.0,-3700.0
100.0,50.0,0.0,2.0,2.0,1.0,1045.0,5.059991963207722e-07,1.7499769455753267e-07,0.01774554399889894,0.01243531699947198,34.20097736000025,-2060.0,-3700.0
100.0,50.0,0.0,2.0,2.0,1.0,1046.0,4.400026227813214e-07,1.5299883671104908e-07,0.01704539500133251,0.01584027100034291,34.23386972699882,-2060.0,-3700.0
100.0,50.0,0.0,2.0,2.0,1.0,1047.0,4.530011210590601e-07,1.500011421740055e-07,0.017680576998827746,0.0122315830012667,34.26378843000202,-2060.0,-3700.0
100.0,50.0,0.0,2.0,2.0,1.0,1048.0,3.6900019040331244e-07,1.400003384333104e-07,0.017082406997360522,0.013882716000807704,34.294760093998775,-2060.0,-3700.0
100.0,50.0,0.0,2.0,2.0,1.0,1049.0,4.2399915400892496e-07,1.7099955584853888e-07,0.016940662000706652,0.013870899001631187,34.32557870199889,-2060.0,-3700.0
100.0,50.0,0.0,2.0,2.0,1.0,1050.0,5.149995558895171e-07,1.720000000204891e-07,0.016431137999461498,0.016837739996844903,34.35885403900102,-2060.0,-3700.0
100.0,50.0,0.0,2.0,2.0,1.0,1051.0,3.9199949242174625e-07,1.500011421740055e-07,0.016527542000403628,0.01097050099997432,34.386358747000486,-2060.0,-3700.0
100.0,50.0,0.0,2.0,2.0,1.0,1052.0,5.000001692678779e-07,1.6400008462369442e-07,0.016841792999912286,0.022618613998929504,34.42582611499893,-2060.0,-3700.0
100.0,50.0,0.0,2.0,2.0,1.0,1053.0,4.76997229270637e-07,1.490006980020553e-07,0.02106876700054272,0.01405011500173714,34.460951488999854,-2060.0,-3700.0
100.0,50.0,0.0,2.0,2.0,1.0,1054.0,4.47998900199309e-07,1.400003384333104e-07,0.01719306700033485,0.015719210998213384,34.493870065998635,-2060.0,-3700.0
100.0,50.0,0.0,2.0,2.0,1.0,1055.0,4.800021997652948e-07,1.5700061339884996e-07,0.016293696000502678,0.016041936996771256,34.526212531000056,-2060.0,-3700.0
100.0,50.0,0.0,2.0,2.0,1.0,1056.0,4.899993655271828e-07,1.450025592930615e-07,0.021121644000231754,0.0189684760007367,34.56630938300077,-2060.0,-3700.0
100.0,50.0,0.0,2.0,2.0,1.0,1057.0,4.079993232153356e-07,1.6199919627979398e-07,0.016720034000172745,0.01743610700214049,34.600472158999764,-2060.0,-3700.0
100.0,50.0,0.0,2.0,2.0,1.0,1058.0,5.280016921460629e-07,1.5700061339884996e-07,0.01654264000171679,0.017477027999120764,34.63449869000033,-2060.0,-3700.0
100.0,50.0,0.0,2.0,2.0,1.0,1059.0,3.7000063457526267e-07,1.4599936548620462e-07,0.017340692000288982,0.013493254002241883,34.66533884000091,-2060.0,-3700.0
100.0,50.0,0.0,2.0,2.0,1.0,1060.0,4.879984771832824e-07,1.6400008462369442e-07,0.016391951001423877,0.012155235999671277,34.69389268899977,-2060.0,-3700.0
100.0,50.0,0.0,2.0,2.0,1.0,1061.0,3.7300196709111333e-07,1.4699980965815485e-07,0.01802304400189314,0.012239902000146685,34.72416242300096,-2060.0,-3700.0
100.0,50.0,0.0,2.0,2.0,1.0,1062.0,5.149995558895171e-07,1.7500133253633976e-07,0.01710721299969009,0.012909099001262803,34.754185885998595,-2060.0,-3700.0
100.0,50.0,0.0,2.0,2.0,1.0,1063.0,5.069996404927224e-07,1.860025804489851e-07,0.01694930699886754,0.01310830799775431,34.78425098699881,-2060.0,-3700.0
100.0,50.0,0.0,2.0,2.0,1.0,1064.0,5.139991117175668e-07,1.6099875210784376e-07,0.018893985001341207,0.015558351999061415,34.81870985099886,-2060.0,-3700.0
100.0,50.0,0.0,2.0,2.0,1.0,1065.0,4.390021786093712e-07,1.3499811757355928e-07,0.017601520001335302,0.010796861002745572,34.84711526400133,-2060.0,-3700.0
100.0,50.0,0.0,2.0,2.0,1.0,1066.0,5.410001904238015e-07,1.4400211512111127e-07,0.01843712000118103,0.014972332999604987,34.88053197000045,-2060.0,-3700.0
100.0,50.0,0.0,2.0,2.0,1.0,1067.0,5.030015017837286e-07,1.6499689081683755e-07,0.018940279998787446,0.018428130002575926,34.91790725700048,-2060.0,-3700.0
100.0,50.0,0.0,2.0,2.0,1.0,1068.0,5.399997462518513e-07,1.6500052879564464e-07,0.016405689999373863,0.01638353999805986,34.950703362999775,-2060.0,-3700.0
100.0,50.0,0.0,2.0,2.0,1.0,1069.0,3.950008249375969e-07,1.5600016922689974e-07,0.01770936500179232,0.016195596999750705,34.98461589400176,-2060.0,-3700.0
100.0,50.0,0.0,2.0,2.0,1.0,1070.0,3.5199991543777287e-07,1.4200122677721083e-07,0.019265758997789817,0.017885298002511263,35.02177332000065,-2060.0,-3700.0
100.0,50.0,0.0,2.0,2.0,1.0,1071.0,3.540008037816733e-07,1.500011421740055e-07,0.01887378500032355,0.016354346000298392,35.057008110001334,-2060.0,-3700.0
100.0,50.0,0.0,2.0,2.0,1.0,1072.0,5.120018613524735e-07,1.6099875210784376e-07,0.016172912997717503,0.0130064080003649,35.08619455200096,-2060.0,-3700.0
100.0,50.0,0.0,2.0,2.0,1.0,1073.0,5.030015017837286e-07,1.5999830793589354e-07,0.016866644997207914,0.013342369002202759,35.1164101180002,-2060.0,-3700.0
100.0,50.0,0.0,2.0,2.0,1.0,1074.0,3.659988578874618e-07,1.4599936548620462e-07,0.017814835999161005,0.014501506997476099,35.14873295800135,-2060.0,-3700.0
100.0,50.0,0.0,2.0,2.0,1.0,1075.0,4.629982868209481e-07,1.4200122677721083e-07,0.019027930000447668,0.016644012001052033,35.184411221998744,-2060.0,-3700.0
100.0,50.0,0.0,2.0,2.0,1.0,1076.0,4.760004230774939e-07,1.4399847714230418e-07,0.019997527000668924,0.01525098300044192,35.2196664639996,-2060.0,-3700.0
100.0,50.0,0.0,2.0,2.0,1.0,1077.0,4.889989213552326e-07,1.4699980965815485e-07,0.017744081997079775,0.016839906998939114,35.25425719499981,-2060.0,-3700.0
100.0,50.0,0.0,2.0,2.0,1.0,1078.0,5.000001692678779e-07,1.679982233326882e-07,0.016181578001123853,0.014909787998476531,35.28535532300157,-2060.0,-3700.0
100.0,50.0,0.0,2.0,2.0,1.0,1079.0,4.969988367520273e-07,1.81000359589234e-07,0.015983860001142602,0.013935589999164222,35.31528146900018,-2060.0,-3700.0
100.0,50.0,0.0,2.0,2.0,1.0,1080.0,5.170004442334175e-07,1.770022208802402e-07,0.016451351999421604,0.015668243999243714,35.34740770500139,-2060.0,-3700.0
100.0,50.0,0.0,2.0,2.0,1.0,1081.0,4.519970389083028e-07,1.410007826052606e-07,0.01849169400156825,0.016372039000998484,35.38227765999909,-2060.0,-3700.0
100.0,50.0,0.0,2.0,2.0,1.0,1082.0,3.6899655242450535e-07,1.6100239008665085e-07,0.017319631999271223,0.015142129999730969,35.414746563001245,-2060.0,-3700.0
100.0,50.0,0.0,2.0,2.0,1.0,1083.0,4.749999789055437e-07,1.4099714462645352e-07,0.018484034997527488,0.01626487000248744,35.449502153998765,-2060.0,-3700.0
100.0,50.0,0.0,2.0,2.0,1.0,1084.0,4.930006980430335e-07,1.6599733498878777e-07,0.01852984099969035,0.013536344999010907,35.48157558100138,-2060.0,-3700.0
100.0,50.0,0.0,2.0,2.0,1.0,1085.0,5.080000846646726e-07,1.500011421740055e-07,0.017753847998392303,0.012144781001552474,35.5114812920001,-2060.0,-3700.0
100.0,50.0,0.0,2.0,2.0,1.0,1086.0,5.039983079768717e-07,1.5700061339884996e-07,0.01611445399976219,0.013265171997772995,35.54086762099905,-2060.0,-3700.0
100.0,50.0,0.0,2.0,2.0,1.0,1087.0,3.489985829219222e-07,1.629996404517442e-07,0.01811241100222105,0.01825735300008091,35.57724339800188,-2060.0,-3700.0
100.0,50.0,0.0,2.0,2.0,1.0,1088.0,6.730006134603173e-07,1.6400008462369442e-07,0.01650097099991399,0.016438303999166237,35.6101891090002,-2060.0,-3700.0
100.0,50.0,0.0,2.0,2.0,1.0,1089.0,7.249982445500791e-07,1.7100319382734597e-07,0.018569956999272108,0.015909439000097336,35.64467480299936,-2060.0,-3700.0
100.0,50.0,0.0,2.0,2.0,1.0,1090.0,3.530003596097231e-07,1.490006980020553e-07,0.018033932999969693,0.014053676000912674,35.67676827399919,-2060.0,-3700.0
100.0,50.0,0.0,2.0,2.0,1.0,1091.0,3.090026439167559e-07,1.5299883671104908e-07,0.018551032000686973,0.014393854999070754,35.709719548001885,-2060.0,-3700.0
100.0,50.0,0.0,2.0,2.0,1.0,1092.0,3.5600169212557375e-07,1.450025592930615e-07,0.017624112999328645,0.014233788002457004,35.74158374399849,-2060.0,-3700.0
100.0,50.0,0.0,2.0,2.0,1.0,1093.0,4.519970389083028e-07,1.6600097296759486e-07,0.02085289000024204,0.01066894600080559,35.77311220399861,-2060.0,-3700.0
100.0,50.0,0.0,2.0,2.0,1.0,1094.0,3.890017978847027e-07,1.5299883671104908e-07,0.018727327998931287,0.016645339001115644,35.80849068099997,-2060.0,-3700.0
100.0,50.0,0.0,2.0,2.0,1.0,1095.0,4.780013114213943e-07,1.5099794836714864e-07,0.018002218999754405,0.012445817999832798,35.83894517799854,-2060.0,-3700.0
100.0,50.0,0.0,2.0,2.0,1.0,1096.0,3.5600169212557375e-07,1.66997779160738e-07,0.017109666998294415,0.01522934999957215,35.87129125499996,-2060.0,-3700.0
100.0,50.0,0.0,2.0,2.0,1.0,1097.0,5.080000846646726e-07,1.539992808829993e-07,0.016796383999462705,0.012313988998357672,35.900408328001504,-2060.0,-3700.0
100.0,50.0,0.0,2.0,2.0,1.0,1098.0,4.989997250959277e-07,1.4699980965815485e-07,0.016322256000421476,0.013215024999226443,35.929952409998805,-2060.0,-3700.0
100.0,50.0,0.0,2.0,2.0,1.0,1099.0,4.520006768871099e-07,1.4399847714230418e-07,0.01943168800062267,0.013957446000858909,35.96334809600012,-2060.0,-3700.0
100.0,50.0,0.0,2.0,2.0,1.0,1100.0,5.199981387704611e-07,1.9199796952307224e-07,0.01701725500242901,0.015258892999554519,35.995631294001214,-2060.0,-3700.0
100.0,50.0,0.0,2.0,2.0,1.0,1101.0,4.169996827840805e-07,1.4800025383010507e-07,0.019193383999663638,0.015735644999949727,36.03056658100104,-2060.0,-3700.0
100.0,50.0,0.0,2.0,2.0,1.0,1102.0,5.090005288366228e-07,1.6100239008665085e-07,0.016443868000351358,0.01688979399841628,36.06390642000042,-2060.0,-3700.0
100.0,50.0,0.0,2.0,2.0,1.0,1103.0,4.2000101529993117e-07,1.4299803297035396e-07,0.019432652999967104,0.01596367999809445,36.099309498000366,-2060.0,-3700.0
100.0,50.0,0.0,2.0,2.0,1.0,1104.0,5.76997990719974e-07,2.349988790228963e-07,0.01630948499951046,0.01631153199923574,36.131938683000044,-2060.0,-3700.0
100.0,50.0,0.0,2.0,2.0,1.0,1105.0,5.469992174766958e-07,1.6400008462369442e-07,0.017252585999813164,0.012775798000802752,36.161973895999836,-2060.0,-3700.0
100.0,50.0,0.0,2.0,2.0,1.0,1106.0,5.149995558895171e-07,1.5600016922689974e-07,0.016785854000772815,0.0144910439994419,36.19325821900202,-2060.0,-3700.0
100.0,50.0,0.0,2.0,2.0,1.0,1107.0,5.389993020799011e-07,1.679982233326882e-07,0.017599473998416215,0.01357582900163834,36.22444019899922,-2060.0,-3700.0
100.0,50.0,0.0,2.0,2.0,1.0,1108.0,4.6399873099289834e-07,1.400003384333104e-07,0.018742222997389035,0.018860975997085916,36.26204947500082,-2060.0,-3700.0
100.0,50.0,0.0,2.0,2.0,1.0,1109.0,4.710018401965499e-07,1.5200203051790595e-07,0.01750423599878559,0.012104569999792147,36.29166487399925,-2060.0,-3700.0
100.0,50.0,0.0,2.0,2.0,1.0,1110.0,5.609981599263847e-07,1.5999830793589354e-07,0.01676319800026249,0.015430022001964971,36.32386483500159,-2060.0,-3700.0
100.0,50.0,0.0,2.0,2.0,1.0,1111.0,4.1900057112798095e-07,1.5299883671104908e-07,0.016991259002679726,0.019172483000147622,36.360034868001094,-2060.0,-3700.0
100.0,50.0,0.0,2.0,2.0,1.0,1112.0,3.350032784510404e-07,1.6999911167658865e-07,0.017985772999963956,0.01584156500030076,36.393868638999265,-2060.0,-3700.0
100.0,50.0,0.0,2.0,2.0,1.0,1113.0,3.9700171328149736e-07,1.680018613114953e-07,0.01821831900088,0.011142126000777353,36.423235704001854,-2060.0,-3700.0
100.0,50.0,0.0,2.0,2.0,1.0,1114.0,3.7900099414400756e-07,1.7899947124533355e-07,0.016339999001502292,0.012277281002752716,36.45186034500148,-2060.0,-3700.0
100.0,50.0,0.0,2.0,2.0,1.0,1115.0,4.790017555933446e-07,1.7300044419243932e-07,0.015455826000106754,0.015810862998478115,36.48313376000078,-2060.0,-3700.0
100.0,50.0,0.0,2.0,2.0,1.0,1116.0,4.95998392580077e-07,1.7500133253633976e-07,0.01733015499848989,0.015898918998573208,36.51636975600195,-2060.0,-3700.0
100.0,50.0,0.0,2.0,2.0,1.0,1117.0,4.62001480627805e-07,1.4299803297035396e-07,0.01945385499857366,0.014255688998673577,36.550085487000615,-2060.0,-3700.0
100.0,50.0,0.0,2.0,2.0,1.0,1118.0,4.129979060962796e-07,1.5800105757080019e-07,0.015950087003147928,0.017812473000958562,36.5838546720006,-2060.0,-3700.0
100.0,50.0,0.0,2.0,2.0,1.0,1119.0,4.47998900199309e-07,1.4099714462645352e-07,0.01815254999746685,0.015967266001098324,36.61798099299995,-2060.0,-3700.0
100.0,50.0,0.0,2.0,2.0,1.0,1120.0,4.71998646389693e-07,1.5600016922689974e-07,0.019364535000931937,0.012069755997799803,36.649422124999546,-2060.0,-3700.0
100.0,50.0,0.0,2.0,2.0,1.0,1121.0,5.200017767492682e-07,1.5999830793589354e-07,0.018336323999392334,0.017769743000826566,36.68553573299869,-2060.0,-3700.0
100.0,50.0,0.0,2.0,2.0,1.0,1122.0,4.920002538710833e-07,1.5200203051790595e-07,0.017281272001127945,0.012892320002720226,36.71571582600154,-2060.0,-3700.0
100.0,50.0,0.0,2.0,2.0,1.0,1123.0,3.3300239010713995e-07,1.3800308806821704e-07,0.017035445998772047,0.016999289000523277,36.74975688500126,-2060.0,-3700.0
100.0,50.0,0.0,2.0,2.0,1.0,1124.0,4.7399953473359346e-07,1.4399847714230418e-07,0.01725412899759249,0.012299796999286627,36.779317819000426,-2060.0,-3700.0
100.0,50.0,0.0,2.0,2.0,1.0,1125.0,3.850000211969018e-07,1.539992808829993e-07,0.01730224000129965,0.018379791999905137,36.81500684799903,-2060.0,-3700.0
100.0,50.0,0.0,2.0,2.0,1.0,1126.0,3.8199868868105114e-07,1.500011421740055e-07,0.01631173200075864,0.01502047200119705,36.8463455860001,-2060.0,-3700.0
100.0,50.0,0.0,2.0,2.0,1.0,1127.0,3.710010787472129e-07,1.5100158634595573e-07,0.017760514998371946,0.014098012998147169,36.87821089299905,-2060.0,-3700.0
100.0,50.0,0.0,2.0,2.0,1.0,1128.0,3.929999365936965e-07,1.5300247468985617e-07,0.022714053997333394,0.018173321997892344,36.91910455700054,-2060.0,-3700.0
100.0,50.0,0.0,2.0,2.0,1.0,1129.0,4.579997039400041e-07,1.4200122677721083e-07,0.01983440799813252,0.016309482001815923,36.95525493799869,-2060.0,-3700.0
100.0,50.0,0.0,2.0,2.0,1.0,1130.0,4.260000423528254e-07,1.6199919627979398e-07,0.017432894001103705,0.01472198899864452,36.987416717001906,-2060.0,-3700.0
100.0,50.0,0.0,2.0,2.0,1.0,1131.0,4.920002538710833e-07,1.7300044419243932e-07,0.01639278800212196,0.012412157000653679,37.01622866099933,-2060.0,-3700.0
100.0,50.0,0.0,2.0,2.0,1.0,1132.0,4.62001480627805e-07,1.3499811757355928e-07,0.016416492999269394,0.015151368999795523,37.047803313998884,-2060.0,-3700.0
100.0,50.0,0.0,2.0,2.0,1.0,1133.0,4.720022843685001e-07,1.360021997243166e-07,0.017528595999465324,0.015974321999237873,37.081312827001966,-2060.0,-3700.0
100.0,50.0,0.0,2.0,2.0,1.0,1134.0,4.890025593340397e-07,1.8199716578237712e-07,0.017211497000971576,0.013445454998873174,37.11197630300012,-2060.0,-3700.0
100.0,50.0,0.0,2.0,2.0,1.0,1135.0,8.479983080178499e-07,1.489970600232482e-07,0.01720766699872911,0.014288223999756156,37.14347957300197,-2060.0,-3700.0
100.0,50.0,0.0,2.0,2.0,1.0,1136.0,4.850007826462388e-07,1.5299883671104908e-07,0.019255824998253956,0.017457514997659018,37.18020040000192,-2060.0,-3700.0
100.0,50.0,0.0,2.0,2.0,1.0,1137.0,4.399989848025143e-07,1.8200080376118422e-07,0.017665325998677872,0.019109382999886293,37.216983023001376,-2060.0,-3700.0
100.0,50.0,0.0,2.0,2.0,1.0,1138.0,4.889989213552326e-07,1.2300006346777081e-07,0.019285482998384396,0.016448366000986425,37.252723411998886,-2060.0,-3700.0
100.0,50.0,0.0,2.0,2.0,1.0,1139.0,5.059991963207722e-07,1.6599733498878777e-07,0.016271679000055883,0.017533515998366056,37.28653534299883,-2060.0,-3700.0
100.0,50.0,0.0,2.0,2.0,1.0,1140.0,4.260000423528254e-07,1.4599936548620462e-07,0.018797226002789102,0.015801073001057375,37.32114140400154,-2060.0,-3700.0
100.0,50.0,0.0,2.0,2.0,1.0,1141.0,5.330002750270069e-07,1.490006980020553e-07,0.019897930000297492,0.014195986001141137,37.355241932000354,-2060.0,-3700.0
100.0,50.0,0.0,2.0,2.0,1.0,1142.0,4.859975888393819e-07,1.399967004545033e-07,0.019182962998456787,0.01765668399821152,37.392088347001845,-2060.0,-3700.0
100.0,50.0,0.0,2.0,2.0,1.0,1143.0,5.139991117175668e-07,1.6900230548344553e-07,0.018200894999608863,0.017041800001607044,37.42733782199866,-2060.0,-3700.0
100.0,50.0,0.0,2.0,2.0,1.0,1144.0,4.6400236897170544e-07,1.400003384333104e-07,0.018821595000190428,0.01604832399971201,37.46221379100098,-2060.0,-3700.0
100.0,50.0,0.0,2.0,2.0,1.0,1145.0,4.4699845602735877e-07,1.6500052879564464e-07,0.017920114001753973,0.014810325999860652,37.494950788001006,-2060.0,-3700.0
100.0,50.0,0.0,2.0,2.0,1.0,1146.0,4.7000139602459967e-07,1.5899786376394331e-07,0.01941000599981635,0.014085406997764949,37.52845245299977,-2060.0,-3700.0
100.0,50.0,0.0,2.0,2.0,1.0,1147.0,4.569992597680539e-07,1.320004230365157e-07,0.01919471599831013,0.014889188001689035,37.562543035001,-2060.0,-3700.0
100.0,50.0,0.0,2.0,2.0,1.0,1148.0,5.369984137360007e-07,1.6400008462369442e-07,0.017104197999287862,0.014710981002281187,37.59436522300166,-2060.0,-3700.0
100.0,50.0,0.0,2.0,2.0,1.0,1149.0,4.619978426489979e-07,1.4300167094916105e-07,0.01762385400070343,0.013743309998972109,37.625739279999834,-2060.0,-3700.0
100.0,50.0,0.0,2.0,2.0,1.0,1150.0,4.539979272522032e-07,1.3899989426136017e-07,0.022222175997740123,0.016430391999165295,37.66439830500167,-2060.0,-3700.0
100.0,50.0,0.0,2.0,2.0,1.0,1151.0,5.170004442334175e-07,1.5099794836714864e-07,0.01797957700182451,0.017378338998241816,37.69976267500169,-2060.0,-3700.0
100.0,50.0,0.0,2.0,2.0,1.0,1152.0,4.6500281314365566e-07,1.5100158634595573e-07,0.019806958000117447,0.012940443000843516,37.73251620500014,-2060.0,-3700.0
100.0,50.0,0.0,2.0,2.0,1.0,1153.0,4.899993655271828e-07,1.7999991541728377e-07,0.01773708499968052,0.01656824199744733,37.766828472998895,-2060.0,-3700.0
100.0,50.0,0.0,2.0,2.0,1.0,1154.0,3.400018613319844e-07,1.4800025383010507e-07,0.017068876997655025,0.01613153099970077,37.80003588099862,-2060.0,-3700.0
100.0,50.0,0.0,2.0,2.0,1.0,1155.0,3.929999365936965e-07,1.3400131138041615e-07,0.02078456399976858,0.018573891000414733,37.839400868000666,-2060.0,-3700.0
100.0,50.0,0.0,2.0,2.0,1.0,1156.0,4.779976734425873e-07,1.5600016922689974e-07,0.017638178000197513,0.015285525998478988,37.87233104199913,-2060.0,-3700.0
100.0,50.0,0.0,2.0,2.0,1.0,1157.0,3.1500167096965015e-07,1.3800308806821704e-07,0.01679649200013955,0.010938118000922259,37.900071562999074,-2060.0,-3700.0
100.0,50.0,0.0,2.0,2.0,1.0,1158.0,4.309986252337694e-07,1.8000355339609087e-07,0.016260563999821898,0.012898163000500062,37.92923648099895,-2060.0,-3700.0
100.0,50.0,0.0,2.0,2.0,1.0,1159.0,4.5900014811195433e-07,1.450025592930615e-07,0.01670437099892297,0.014280913001130102,37.960228474999894,-2060.0,-3700.0
100.0,50.0,0.0,2.0,2.0,1.0,1160.0,3.839995770249516e-07,1.5499972505494952e-07,0.016561803000513464,0.01524595400042017,37.99204244000066,-2060.0,-3700.0
100.0,50.0,0.0,2.0,2.0,1.0,1161.0,3.130007826257497e-07,1.320004230365157e-07,0.017837781997513957,0.01282526599970879,38.02271122499951,-2060.0,-3700.0
100.0,50.0,0.0,2.0,2.0,1.0,1162.0,4.2300234781578183e-07,1.539992808829993e-07,0.018724541001574835,0.011507818999234587,38.05295023199869,-2060.0,-3700.0
100.0,50.0,0.0,2.0,2.0,1.0,1163.0,5.090005288366228e-07,1.5699697542004287e-07,0.016343216000677785,0.013679530999070266,38.082979342001636,-2060.0,-3700.0
100.0,50.0,0.0,2.0,2.0,1.0,1164.0,4.1000021155923605e-07,1.5100158634595573e-07,0.01883522800198989,0.01679790900016087,38.1186188540014,-2060.0,-3700.0
100.0,50.0,0.0,2.0,2.0,1.0,1165.0,3.4299955586902797e-07,1.4400211512111127e-07,0.019312306998472195,0.014059573000849923,38.15199690499867,-2060.0,-3700.0
100.0,50.0,0.0,2.0,2.0,1.0,1166.0,4.6000059228390455e-07,1.5499972505494952e-07,0.019498130001011305,0.01602099400042789,38.18752277800013,-2060.0,-3700.0
100.0,50.0,0.0,2.0,2.0,1.0,1167.0,5.130023055244237e-07,1.6700141713954508e-07,0.017443475997424684,0.02022954299900448,38.22520236199853,-2060.0,-3700.0
100.0,50.0,0.0,2.0,2.0,1.0,1168.0,4.899993655271828e-07,1.6400008462369442e-07,0.01694066100026248,0.014487931002804544,38.256639174000156,-2060.0,-3700.0
100.0,50.0,0.0,2.0,2.0,1.0,1169.0,3.3199830795638263e-07,1.4699980965815485e-07,0.01583783199748723,0.01508803799879388,38.28757243600194,-2060.0,-3700.0
100.0,50.0,0.0,2.0,2.0,1.0,1170.0,3.619970811996609e-07,1.6100239008665085e-07,0.015934418002871098,0.019488496000121813,38.323001952001505,-2060.0,-3700.0
100.0,50.0,0.0,2.0,2.0,1.0,1171.0,4.849971446674317e-07,1.5200203051790595e-07,0.02020181699845125,0.015813974998309277,38.359024416000466,-2060.0,-3700.0
100.0,50.0,0.0,2.0,2.0,1.0,1172.0,3.1400122679769993e-07,1.3500175555236638e-07,0.017594818000361556,0.013886619999539107,38.39051205799842,-2060.0,-3700.0
100.0,50.0,0.0,2.0,2.0,1.0,1173.0,4.5499837142415345e-07,1.4200122677721083e-07,0.01771597799961455,0.014771322999877157,38.4230065849988,-2060.0,-3700.0
100.0,50.0,0.0,2.0,2.0,1.0,1174.0,4.940011422149837e-07,1.500011421740055e-07,0.019097180000244407,0.013643449001392582,38.455754152000736,-2060.0,-3700.0
100.0,50.0,0.0,2.0,2.0,1.0,1175.0,5.100009730085731e-07,1.5700061339884996e-07,0.017220401001395658,0.01608834099897649,38.48906952700054,-2060.0,-3700.0
100.0,50.0,0.0,2.0,2.0,1.0,1176.0,5.000001692678779e-07,1.4800025383010507e-07,0.018473120999260573,0.012170231002528453,38.51971966700148,-2060.0,-3700.0
100.0,50.0,0.0,2.0,2.0,1.0,1177.0,4.3800173443742096e-07,1.6500052879564464e-07,0.016674041999067413,0.010557396999502089,38.54695777700181,-2060.0,-3700.0
100.0,50.0,0.0,2.0,2.0,1.0,1178.0,6.280024535953999e-07,1.5600016922689974e-07,0.016607736000878504,0.011132642001030035,38.57470490099877,-2060.0,-3700.0
100.0,50.0,0.0,2.0,2.0,1.0,1179.0,5.080000846646726e-07,1.7099955584853888e-07,0.016164830998604884,0.01131269799952861,38.602189086999715,-2060.0,-3700.0
100.0,50.0,0.0,2.0,2.0,1.0,1180.0,4.249995981808752e-07,1.4400211512111127e-07,0.019679346998600522,0.016566287999012275,38.638440866001474,-2060.0,-3700.0
100.0,50.0,0.0,2.0,2.0,1.0,1181.0,5.009969754610211e-07,1.4800025383010507e-07,0.018898029997217236,0.00987314599842648,38.66721840899845,-2060.0,-3700.0
100.0,50.0,0.0,2.0,2.0,1.0,1182.0,4.770008672494441e-07,1.4699980965815485e-07,0.016952791000221623,0.012473775997932535,38.69665165799961,-2060.0,-3700.0
100.0,50.0,0.0,2.0,2.0,1.0,1183.0,4.2299870983697474e-07,1.5499972505494952e-07,0.017165269997349242,0.010298913999577053,38.7241222670018,-2060.0,-3700.0
100.0,50.0,0.0,2.0,2.0,1.0,1184.0,2.990018401760608e-07,1.399967004545033e-07,0.017402942998160142,0.010566914999799337,38.75209873800122,-2060.0,-3700.0
100.0,50.0,0.0,2.0,2.0,1.0,1185.0,7.970011211000383e-07,1.6000194591470063e-07,0.017189463000249816,0.013518752999516437,38.78281391800192,-2060.0,-3700.0
100.0,50.0,0.0,2.0,2.0,1.0,1186.0,3.500026650726795e-07,1.5099794836714864e-07,0.020189582002785755,0.0130368729987822,38.81604653799877,-2060.0,-3700.0
100.0,50.0,0.0,2.0,2.0,1.0,1187.0,4.90999809699133e-07,1.5299883671104908e-07,0.01748872100142762,0.013585840999439824,38.847128040000825,-2060.0,-3700.0
100.0,50.0,0.0,2.0,2.0,1.0,1188.0,4.720022843685001e-07,1.539992808829993e-07,0.01566127600017353,0.013563497999712126,38.87635943699934,-2060.0,-3700.0
100.0,50.0,0.0,2.0,2.0,1.0,1189.0,4.119974619243294e-07,1.4699980965815485e-07,0.017213325001648627,0.01308463299938012,38.906664043999626,-2060.0,-3700.0
100.0,50.0,0.0,2.0,2.0,1.0,1190.0,4.920002538710833e-07,1.5700061339884996e-07,0.01823995099766762,0.01287222999962978,38.937782940000034,-2060.0,-3700.0
100.0,50.0,0.0,2.0,2.0,1.0,1191.0,4.920002538710833e-07,1.6100239008665085e-07,0.01871477700115065,0.01883905899740057,38.97534353800074,-2060.0,-3700.0
100.0,50.0,0.0,2.0,2.0,1.0,1192.0,3.530003596097231e-07,1.4699980965815485e-07,0.01860749800107442,0.015771285998198437,39.00972859200192,-2060.0,-3700.0
100.0,50.0,0.0,2.0,2.0,1.0,1193.0,4.4099942897446454e-07,1.400003384333104e-07,0.019852765999530675,0.014150529001199175,39.04373910600043,-2060.0,-3700.0
100.0,50.0,0.0,2.0,2.0,1.0,1194.0,3.990026016253978e-07,1.5499972505494952e-07,0.01654104499903042,0.015878897000220604,39.07616570100072,-2060.0,-3700.0
100.0,50.0,0.0,2.0,2.0,1.0,1195.0,5.069996404927224e-07,1.8300124793313444e-07,0.015933090999169508,0.01854910800102516,39.11065482399863,-2060.0,-3700.0
100.0,50.0,0.0,2.0,2.0,1.0,1196.0,2.990018401760608e-07,1.5200203051790595e-07,0.019227206001232844,0.013735641001403565,39.14362430699839,-2060.0,-3700.0
100.0,50.0,0.0,2.0,2.0,1.0,1197.0,5.259971658233553e-07,1.6200283425860107e-07,0.01685489699957543,0.02011648199913907,39.18060287100161,-2060.0,-3700.0
100.0,50.0,0.0,2.0,2.0,1.0,1198.0,4.899993655271828e-07,1.4200122677721083e-07,0.0198654979976709,0.013662420002219733,39.21413743000085,-2060.0,-3700.0
100.0,50.0,0.0,2.0,2.0,1.0,1199.0,3.4999902709387243e-07,1.5499972505494952e-07,0.020313944998633815,0.01370115200188593,39.24815910599864,-2060.0,-3700.0
100.0,50.0,0.0,2.0,2.0,1.0,1200.0,5.119982233736664e-07,1.630032784305513e-07,0.01860852900063037,0.016482889997860184,39.28325763999965,-2060.0,-3700.0
100.0,50.0,0.0,2.0,2.0,1.0,1201.0,3.62000719178468e-07,1.9200160750187933e-07,0.017225709001650102,0.013030631002038717,39.31352091300141,-2060.0,-3700.0
100.0,50.0,0.0,2.0,2.0,1.0,1202.0,5.250003596302122e-07,1.679982233326882e-07,0.017580752999492688,0.011012528000719612,39.34212097699856,-2060.0,-3700.0
100.0,50.0,0.0,2.0,2.0,1.0,1203.0,5.160000000614673e-07,1.4800025383010507e-07,0.016126208000059705,0.010640303000400309,39.36889434600016,-2060.0,-3700.0
100.0,50.0,0.0,2.0,2.0,1.0,1204.0,4.489993443712592e-07,1.5100158634595573e-07,0.01772451299984823,0.01851003499905346,39.40513537700099,-2060.0,-3700.0
100.0,50.0,0.0,2.0,2.0,1.0,1205.0,4.4100306695327163e-07,1.6600097296759486e-07,0.020948068999132374,0.014762634000362596,39.44085253999947,-2060.0,-3700.0
100.0,50.0,0.0,2.0,2.0,1.0,1206.0,3.630011633504182e-07,1.4599936548620462e-07,0.018966311999975005,0.015798161999555305,39.47562357900097,-2060.0,-3700.0
100.0,50.0,0.0,2.0,2.0,1.0,1207.0,4.6500281314365566e-07,1.5999830793589354e-07,0.017359222001687158,0.01646733500092523,39.50945684099861,-2060.0,-3700.0
100.0,50.0,0.0,2.0,2.0,1.0,1208.0,3.670029400382191e-07,1.720000000204891e-07,0.017685672002698993,0.014065824001590954,39.541215426001145,-2060.0,-3700.0
100.0,50.0,0.0,2.0,2.0,1.0,1209.0,4.930006980430335e-07,1.5600016922689974e-07,0.017033230000379262,0.01359820099969511,39.571853360001114,-2060.0,-3700.0
100.0,50.0,0.0,2.0,2.0,1.0,1210.0,4.6499917516484857e-07,1.540029188618064e-07,0.019512887000018964,0.014069991000724258,39.605443330001435,-2060.0,-3700.0
100.0,50.0,0.0,2.0,2.0,1.0,1211.0,4.62001480627805e-07,1.450025592930615e-07,0.019254236998676788,0.016107404000649694,39.64081173299928,-2060.0,-3700.0
100.0,50.0,0.0,2.0,2.0,1.0,1212.0,5.100009730085731e-07,1.720000000204891e-07,0.016816038001707057,0.015496508000069298,39.6731309200004,-2060.0,-3700.0
100.0,50.0,0.0,2.0,2.0,1.0,1213.0,4.62001480627805e-07,1.490006980020553e-07,0.018756905999907758,0.019682392001413973,39.71157667299849,-2060.0,-3700.0
100.0,50.0,0.0,2.0,2.0,1.0,1214.0,4.95998392580077e-07,1.629996404517442e-07,0.017975480001041433,0.0106270680007583,39.740186017999804,-2060.0,-3700.0
100.0,50.0,0.0,2.0,2.0,1.0,1215.0,4.90999809699133e-07,1.6199919627979398e-07,0.016375540999433724,0.011399395996704698,39.76796779000142,-2060.0,-3700.0
100.0,50.0,0.0,2.0,2.0,1.0,1216.0,4.899993655271828e-07,1.4699980965815485e-07,0.019462240998109337,0.012209489999804646,39.79964588599978,-2060.0,-3700.0
100.0,50.0,0.0,2.0,2.0,1.0,1217.0,4.1900057112798095e-07,1.590015017427504e-07,0.01839884999935748,0.019037180001760134,39.83708908100016,-2060.0,-3700.0
100.0,50.0,0.0,2.0,2.0,1.0,1218.0,4.940011422149837e-07,1.4399847714230418e-07,0.01794058099767426,0.017686031002085656,39.872722348001844,-2060.0,-3700.0
100.0,50.0,0.0,2.0,2.0,1.0,1219.0,4.819994501303881e-07,1.400003384333104e-07,0.016776340002252255,0.01824907899936079,39.9077543079984,-2060.0,-3700.0
100.0,50.0,0.0,2.0,2.0,1.0,1220.0,4.809990059584379e-07,1.7299680621363223e-07,0.018614289998367894,0.018237611999211367,39.94461317099922,-2060.0,-3700.0
100.0,50.0,0.0,2.0,2.0,1.0,1221.0,3.86000465368852e-07,1.5299883671104908e-07,0.016594377000728855,0.01404701299907174,39.97526110599938,-2060.0,-3700.0
100.0,50.0,0.0,2.0,2.0,1.0,1222.0,5.19001332577318e-07,1.5299883671104908e-07,0.016558626000914956,0.018381472000328358,40.0102082730009,-2060.0,-3700.0
100.0,50.0,0.0,2.0,2.0,1.0,1223.0,3.759996616281569e-07,1.4800025383010507e-07,0.017537658000946976,0.01456931299981079,40.04232198599857,-2060.0,-3700.0
100.0,50.0,0.0,2.0,2.0,1.0,1224.0,4.709982022177428e-07,1.400003384333104e-07,0.01859804700143286,0.011321427999064326,40.072281193999515,-2060.0,-3700.0
100.0,50.0,0.0,2.0,2.0,1.0,1225.0,5.090005288366228e-07,1.6400008462369442e-07,0.017963900001632283,0.017942512000445276,40.10819430799893,-2060.0,-3700.0
100.0,50.0,0.0,2.0,2.0,1.0,1226.0,4.6000059228390455e-07,1.4600300346501172e-07,0.019036382000194862,0.01629830099773244,40.14353552000102,-2060.0,-3700.0
100.0,50.0,0.0,2.0,2.0,1.0,1227.0,5.09997335029766e-07,1.5800105757080019e-07,0.017439110000850633,0.014295893000962678,40.17527726800108,-2060.0,-3700.0
100.0,50.0,0.0,2.0,2.0,1.0,1228.0,4.879984771832824e-07,1.8500213627703488e-07,0.01591706099861767,0.0158356569991156,40.20703675899858,-2060.0,-3700.0
100.0,50.0,0.0,2.0,2.0,1.0,1229.0,4.069988790433854e-07,1.5800105757080019e-07,0.01724508299957961,0.01497506299710949,40.23926355200092,-2060.0,-3700.0
100.0,50.0,0.0,2.0,2.0,1.0,1230.0,4.95998392580077e-07,1.7799902707338333e-07,0.01801370999965002,0.016467731999000534,40.27375173499968,-2060.0,-3700.0
100.0,50.0,0.0,2.0,2.0,1.0,1231.0,5.090005288366228e-07,1.490006980020553e-07,0.01746268799979589,0.014079994998610346,40.30530112500128,-2060.0,-3700.0
100.0,50.0,0.0,2.0,2.0,1.0,1232.0,3.489985829219222e-07,1.359985617455095e-07,0.020451954998861765,0.01604239199878066,40.34180240999922,-2060.0,-3700.0
100.0,50.0,0.0,2.0,2.0,1.0,1233.0,4.799985617864877e-07,1.5699697542004287e-07,0.01663658200050122,0.012679897998168599,40.37112604399954,-2060.0,-3700.0
100.0,50.0,0.0,2.0,2.0,1.0,1234.0,4.90999809699133e-07,1.5700061339884996e-07,0.016304063999996288,0.013927822998084594,40.401364879999164,-2060.0,-3700.0
100.0,50.0,0.0,2.0,2.0,1.0,1235.0,5.060028342995793e-07,1.5700061339884996e-07,0.017424597001081565,0.01234308799757855,40.4311395850018,-2060.0,-3700.0
100.0,50.0,0.0,2.0,2.0,1.0,1236.0,5.039983079768717e-07,1.5899786376394331e-07,0.01748706100261188,0.013051871002971893,40.46168500299973,-2060.0,-3700.0
100.0,50.0,0.0,2.0,2.0,1.0,1237.0,4.399989848025143e-07,1.5999830793589354e-07,0.016540504002477974,0.011354820999258664,40.48958700499861,-2060.0,-3700.0
100.0,50.0,0.0,2.0,2.0,1.0,1238.0,3.4600088838487864e-07,1.449989213142544e-07,0.017528249001770746,0.017808020998927532,40.52492959400115,-2060.0,-3700.0
100.0,50.0,0.0,2.0,2.0,1.0,1239.0,5.410001904238015e-07,1.6199919627979398e-07,0.020185745997878257,0.012292491999687627,40.557415195999056,-2060.0,-3700.0
100.0,50.0,0.0,2.0,2.0,1.0,1240.0,4.779976734425873e-07,1.4300167094916105e-07,0.016853302000527037,0.015805895996891195,40.59008064700174,-2060.0,-3700.0
100.0,50.0,0.0,2.0,2.0,1.0,1241.0,3.249988367315382e-07,1.5299883671104908e-07,0.017326186996797333,0.01523244200143381,40.62264646699987,-2060.0,-3700.0
100.0,50.0,0.0,2.0,2.0,1.0,1242.0,4.95998392580077e-07,2.439992385916412e-07,0.01643187800073065,0.014309991998743499,40.65339667800072,-2060.0,-3700.0
100.0,50.0,0.0,2.0,2.0,1.0,1243.0,2.8800059226341546e-07,1.399967004545033e-07,0.017027075999067165,0.010891237001487752,40.68132131799939,-2060.0,-3700.0
100.0,50.0,0.0,2.0,2.0,1.0,1244.0,4.6499917516484857e-07,1.5699697542004287e-07,0.01782269700197503,0.014478173998213606,40.71362824799871,-2060.0,-3700.0
100.0,50.0,0.0,2.0,2.0,1.0,1245.0,3.8700090954080224e-07,1.5500336303375661e-07,0.02014817899907939,0.013263612003356684,40.747046655000304,-2060.0,-3700.0
100.0,50.0,0.0,2.0,2.0,1.0,1246.0,5.340007191989571e-07,1.6600097296759486e-07,0.01866300799883902,0.01664375700056553,40.78236065300007,-2060.0,-3700.0
100.0,50.0,0.0,2.0,2.0,1.0,1247.0,5.059991963207722e-07,1.6900230548344553e-07,0.01634349500091048,0.01566447300137952,40.8143758490005,-2060.0,-3700.0
100.0,50.0,0.0,2.0,2.0,1.0,1248.0,5.290021363180131e-07,1.6499689081683755e-07,0.017684843001916306,0.01673194100294495,40.848800095001934,-2060.0,-3700.0
100.0,50.0,0.0,2.0,2.0,1.0,1249.0,4.840003384742886e-07,1.400003384333104e-07,0.018835941998986527,0.012900788999104407,40.88054353999905,-2060.0,-3700.0
100.0,50.0,0.0,2.0,2.0,1.0,1250.0,5.100009730085731e-07,1.5299883671104908e-07,0.016176336001080927,0.010088491002534283,40.90681498200138,-2060.0,-3700.0
100.0,50.0,0.0,2.0,2.0,1.0,1251.0,4.299981810618192e-07,1.4600300346501172e-07,0.018479949998436496,0.015775899002619553,40.941077930001484,-2060.0,-3700.0
100.0,50.0,0.0,2.0,2.0,1.0,1252.0,3.950008249375969e-07,1.5700061339884996e-07,0.01718363000327372,0.018201537001004908,40.97646995499963,-2060.0,-3700.0
100.0,50.0,0.0,2.0,2.0,1.0,1253.0,4.950015863869339e-07,1.4300167094916105e-07,0.016442249998362968,0.014557774000422796,41.00747699800195,-2060.0,-3700.0
100.0,50.0,0.0,2.0,2.0,1.0,1254.0,5.09997335029766e-07,1.4800025383010507e-07,0.018232400001579663,0.014440013001149055,41.040156093000405,-2060.0,-3700.0
100.0,50.0,0.0,2.0,2.0,1.0,1255.0,5.170004442334175e-07,1.5899786376394331e-07,0.017220632998942165,0.01832424999884097,41.075707465999585,-2060.0,-3700.0
100.0,50.0,0.0,2.0,2.0,1.0,1256.0,3.9999940781854093e-07,1.4200122677721083e-07,0.019800781999947503,0.01132576700183563,41.10684109200156,-2060.0,-3700.0
100.0,50.0,0.0,2.0,2.0,1.0,1257.0,5.350011633709073e-07,1.6899866750463843e-07,0.019044982000195887,0.016089774999272777,41.14198336299887,-2060.0,-3700.0
100.0,50.0,0.0,2.0,2.0,1.0,1258.0,5.229994712863117e-07,1.6900230548344553e-07,0.017911073999130167,0.01485287100149435,41.17475489500066,-2060.0,-3700.0
100.0,50.0,0.0,2.0,2.0,1.0,1259.0,5.009969754610211e-07,1.7400088836438954e-07,0.01630264400228043,0.017248315998585895,41.208313135000935,-2060.0,-3700.0
100.0,50.0,0.0,2.0,2.0,1.0,1260.0,4.809990059584379e-07,1.399967004545033e-07,0.01801240900022094,0.016031976003432646,41.24236413299877,-2060.0,-3700.0
100.0,50.0,0.0,2.0,2.0,1.0,1261.0,4.299981810618192e-07,1.7400088836438954e-07,0.01677241099969251,0.014471030001004692,41.273614439000085,-2060.0,-3700.0
100.0,50.0,0.0,2.0,2.0,1.0,1262.0,4.90999809699133e-07,1.5800105757080019e-07,0.020001043998490786,0.01407706800091546,41.3076991429989,-2060.0,-3700.0
100.0,50.0,0.0,2.0,2.0,1.0,1263.0,5.109977792017162e-07,1.5800105757080019e-07,0.017989743002544856,0.014288777998444857,41.33998487400095,-2060.0,-3700.0
100.0,50.0,0.0,2.0,2.0,1.0,1264.0,3.119967004749924e-07,1.6499689081683755e-07,0.019491662002110388,0.017532459998619743,41.37701563399969,-2060.0,-3700.0
100.0,50.0,0.0,2.0,2.0,1.0,1265.0,5.830006557516754e-07,1.81000359589234e-07,0.018042864998278674,0.011386948001018027,41.40645263400074,-2060.0,-3700.0
100.0,50.0,0.0,2.0,2.0,1.0,1266.0,4.969988367520273e-07,1.629996404517442e-07,0.01752752999891527,0.013734370000747731,41.43772179900043,-2060.0,-3700.0
100.0,50.0,0.0,2.0,2.0,1.0,1267.0,5.080000846646726e-07,1.6000194591470063e-07,0.016198806999454973,0.01543017400035751,41.46935724600189,-2060.0,-3700.0
100.0,50.0,0.0,2.0,2.0,1.0,1268.0,4.52997483080253e-07,1.5199839253909886e-07,0.019243086000642506,0.01710906299922499,41.50571630700142,-2060.0,-3700.0
100.0,50.0,0.0,2.0,2.0,1.0,1269.0,4.5600245357491076e-07,1.4699980965815485e-07,0.019971723999333335,0.01619046600171714,41.54188500500095,-2060.0,-3700.0
100.0,50.0,0.0,2.0,2.0,1.0,1270.0,3.7800054997205734e-07,1.6400008462369442e-07,0.019410247001360403,0.015490161000343505,41.5767920219987,-2060.0,-3700.0
100.0,50.0,0.0,2.0,2.0,1.0,1271.0,3.4099866752512753e-07,1.7500133253633976e-07,0.017491882001195336,0.015454562999366317,41.609745607998775,-2060.0,-3700.0
100.0,50.0,0.0,2.0,2.0,1.0,1272.0,5.170004442334175e-07,1.8500213627703488e-07,0.01848341200093273,0.01126446999842301,41.63950018600008,-2060.0,-3700.0
100.0,50.0,0.0,2.0,2.0,1.0,1273.0,3.450004442129284e-07,1.489970600232482e-07,0.019748937000258593,0.015952349996950943,41.675207899999805,-2060.0,-3700.0
100.0,50.0,0.0,2.0,2.0,1.0,1274.0,4.870016709901392e-07,1.5999830793589354e-07,0.016225583996856585,0.01602170499972999,41.70746232199963,-2060.0,-3700.0
100.0,50.0,0.0,2.0,2.0,1.0,1275.0,3.4099866752512753e-07,2.1199957700446248e-07,0.01809262399910949,0.013999254002555972,41.73956307000117,-2060.0,-3700.0
100.0,50.0,0.0,2.0,2.0,1.0,1276.0,3.8699727156199515e-07,1.3699900591745973e-07,0.01979820899941842,0.015540593998593977,41.77490867099914,-2060.0,-3700.0
100.0,50.0,0.0,2.0,2.0,1.0,1277.0,5.000001692678779e-07,1.629996404517442e-07,0.017039007998391753,0.017425346999516478,41.80937987799916,-2060.0,-3700.0
100.0,50.0,0.0,2.0,2.0,1.0,1278.0,3.5500124795362353e-07,1.490006980020553e-07,0.01840015700145159,0.011322496000502724,41.839108848998876,-2060.0,-3700.0
100.0,50.0,0.0,2.0,2.0,1.0,1279.0,3.899986040778458e-07,1.590015017427504e-07,0.016326461001881398,0.017244941998797003,41.87268647699966,-2060.0,-3700.0
100.0,50.0,0.0,2.0,2.0,1.0,1280.0,3.799978003371507e-07,1.449989213142544e-07,0.01738807999936398,0.012639089000003878,41.902719404999516,-2060.0,-3700.0
100.0,50.0,0.0,2.0,2.0,1.0,1281.0,3.440000000409782e-07,1.5999830793589354e-07,0.017438414997741347,0.012840998002502602,41.93300496300071,-2060.0,-3700.0
100.0,50.0,0.0,2.0,2.0,1.0,1282.0,4.4999978854320943e-07,1.320004230365157e-07,0.01941399100178387,0.017587341000762535,41.970012959001906,-2060.0,-3700.0
100.0,50.0,0.0,2.0,2.0,1.0,1283.0,4.869980330113322e-07,1.6099875210784376e-07,0.01859986899944488,0.010891365996940294,41.99951139100085,-2060.0,-3700.0
100.0,50.0,0.0,2.0,2.0,1.0,1284.0,4.889989213552326e-07,1.490006980020553e-07,0.018501446000300348,0.00967635399865685,42.02769648400135,-2060.0,-3700.0
100.0,50.0,0.0,2.0,2.0,1.0,1285.0,5.449983291327953e-07,1.7400088836438954e-07,0.016478539000672754,0.02178481800001464,42.06596678400092,-2060.0,-3700.0
100.0,50.0,0.0,2.0,2.0,1.0,1286.0,4.6000059228390455e-07,1.410007826052606e-07,0.019907974998204736,0.014115273999777855,42.099996109998756,-2060.0,-3700.0
100.0,50.0,0.0,2.0,2.0,1.0,1287.0,3.7000063457526267e-07,1.590015017427504e-07,0.02068079300079262,0.013372293000429636,42.13405545700152,-2060.0,-3700.0
100.0,50.0,0.0,2.0,2.0,1.0,1288.0,4.209978214930743e-07,1.5600016922689974e-07,0.017482721003034385,0.014698275001137517,42.166243105999456,-2060.0,-3700.0
100.0,50.0,0.0,2.0,2.0,1.0,1289.0,4.489993443712592e-07,1.6600097296759486e-07,0.01791087099991273,0.012562087998958305,42.19672275600169,-2060.0,-3700.0
100.0,50.0,0.0,2.0,2.0,1.0,1290.0,3.489985829219222e-07,1.5299883671104908e-07,0.01979848599876277,0.015787463999004103,42.23231534500155,-2060.0,-3700.0
100.0,50.0,0.0,2.0,2.0,1.0,1291.0,3.6399796954356134e-07,1.6000194591470063e-07,0.01806598000257509,0.014198023000062676,42.26458573399941,-2060.0,-3700.0
100.0,50.0,0.0,2.0,2.0,1.0,1292.0,4.840003384742886e-07,1.4800025383010507e-07,0.01837787600015872,0.016573477998463204,42.2995438830003,-2060.0,-3700.0
100.0,50.0,0.0,2.0,2.0,1.0,1293.0,5.23999915458262e-07,1.6999911167658865e-07,0.01655870399918058,0.015434700999321649,42.33154398099941,-2060.0,-3700.0
100.0,50.0,0.0,2.0,2.0,1.0,1294.0,4.2299870983697474e-07,1.8699938664212823e-07,0.016785447998699965,0.013928325999586377,42.36226438399899,-2060.0,-3700.0
100.0,50.0,0.0,2.0,2.0,1.0,1295.0,3.4999902709387243e-07,1.5600016922689974e-07,0.018589294002595125,0.012411286003043642,42.39327162200061,-2060.0,-3700.0
100.0,50.0,0.0,2.0,2.0,1.0,1296.0,4.3299951357766986e-07,1.680018613114953e-07,0.01741197400042438,0.016152331998455338,42.42684254300184,-2060.0,-3700.0
100.0,50.0,0.0,2.0,2.0,1.0,1297.0,5.059991963207722e-07,1.5499972505494952e-07,0.019949957000790164,0.012785050999809755,42.45958441300172,-2060.0,-3700.0
100.0,50.0,0.0,2.0,2.0,1.0,1298.0,5.870024324394763e-07,1.539992808829993e-07,0.016989402000035625,0.014919058001396479,42.49149960300201,-2060.0,-3700.0
100.0,50.0,0.0,2.0,2.0,1.0,1299.0,4.3599720811471343e-07,1.3699900591745973e-07,0.017035482997016516,0.012092723001842387,42.52063495599941,-2060.0,-3700.0
100.0,50.0,0.0,2.0,2.0,1.0,1300.0,5.160000000614673e-07,1.500011421740055e-07,0.017613115996937267,0.01084689599883859,42.54910174700126,-2060.0,-3700.0
100.0,50.0,0.0,2.0,2.0,1.0,1301.0,5.359979695640504e-07,1.5499972505494952e-07,0.016911644997890107,0.01433606800128473,42.58035607700003,-2060.0,-3700.0
100.0,50.0,0.0,2.0,2.0,1.0,1302.0,5.090005288366228e-07,1.5600016922689974e-07,0.017266988001210848,0.01206343800004106,42.6096931739994,-2060.0,-3700.0
100.0,50.0,0.0,2.0,2.0,1.0,1303.0,7.710004865657538e-07,1.400003384333104e-07,0.018326470999454614,0.014327434000733774,42.642354168001475,-2060.0,-3700.0
100.0,50.0,0.0,2.0,2.0,1.0,1304.0,4.4999978854320943e-07,1.400003384333104e-07,0.01872015399931115,0.01439792299788678,42.67547804900096,-2060.0,-3700.0
100.0,50.0,0.0,2.0,2.0,1.0,1305.0,3.9200313040055335e-07,1.5800105757080019e-07,0.018667885000468232,0.013511090997781139,42.70766349399855,-2060.0,-3700.0
100.0,50.0,0.0,2.0,2.0,1.0,1306.0,5.000001692678779e-07,1.500011421740055e-07,0.019236775999161182,0.01424821899854578,42.74115507299939,-2060.0,-3700.0
100.0,50.0,0.0,2.0,2.0,1.0,1307.0,4.76997229270637e-07,1.410007826052606e-07,0.020158275998255704,0.016120159001729917,42.77743986199857,-2060.0,-3700.0
100.0,50.0,0.0,2.0,2.0,1.0,1308.0,7.739981811027974e-07,1.4599936548620462e-07,0.017500791000202298,0.016671912002493627,42.81161983700076,-2060.0,-3700.0
100.0,50.0,0.0,2.0,2.0,1.0,1309.0,3.1899980967864394e-07,1.6600097296759486e-07,0.018376965999777894,0.015856366000662092,42.84585945800063,-2060.0,-3700.0
100.0,50.0,0.0,2.0,2.0,1.0,1310.0,3.530003596097231e-07,1.320004230365157e-07,0.018751118001091527,0.014817749997746432,42.87943544600057,-2060.0,-3700.0
100.0,50.0,0.0,2.0,2.0,1.0,1311.0,4.850007826462388e-07,1.5999830793589354e-07,0.017580045998329297,0.01232751000134158,42.90934998300145,-2060.0,-3700.0
100.0,50.0,0.0,2.0,2.0,1.0,1312.0,5.100009730085731e-07,1.7300044419243932e-07,0.01774315000147908,0.018456714999047108,42.94555643100102,-2060.0,-3700.0
100.0,50.0,0.0,2.0,2.0,1.0,1313.0,3.9999940781854093e-07,1.450025592930615e-07,0.015876893998211017,0.009201232001942117,42.97064116600086,-2060.0,-3700.0
100.0,50.0,0.0,2.0,2.0,1.0,1314.0,4.270004865247756e-07,1.4599936548620462e-07,0.016796297997643705,0.012028795001242543,42.99947318900013,-2060.0,-3700.0
100.0,50.0,0.0,2.0,2.0,1.0,1315.0,5.119982233736664e-07,1.6899866750463843e-07,0.016693413999746554,0.019105966999632074,43.035279605999676,-2060.0,-3700.0
100.0,50.0,0.0,2.0,2.0,1.0,1316.0,2.8800059226341546e-07,1.3499811757355928e-07,0.01936215000023367,0.012942910998390289,43.067590783000924,-2060.0,-3700.0
100.0,50.0,0.0,2.0,2.0,1.0,1317.0,5.170004442334175e-07,1.6600097296759486e-07,0.017960460998438066,0.01630619800198474,43.1018644020005,-2060.0,-3700.0
100.0,50.0,0.0,2.0,2.0,1.0,1318.0,3.659988578874618e-07,1.6999911167658865e-07,0.01765018600053736,0.015618135999829974,43.135139665999304,-2060.0,-3700.0
100.0,50.0,0.0,2.0,2.0,1.0,1319.0,3.839995770249516e-07,1.720000000204891e-07,0.01717546600048081,0.01609009700041497,43.16841214099986,-2060.0,-3700.0
100.0,50.0,0.0,2.0,2.0,1.0,1320.0,7.839989848434925e-07,1.5600016922689974e-07,0.017638976001762785,0.012681123997026589,43.19873891200041,-2060.0,-3700.0
100.0,50.0,0.0,2.0,2.0,1.0,1321.0,4.400026227813214e-07,1.6400008462369442e-07,0.016727179998270003,0.015762502000143286,43.23123565900096,-2060.0,-3700.0
100.0,50.0,0.0,2.0,2.0,1.0,1322.0,5.38002495886758e-07,1.4800025383010507e-07,0.01753439599997364,0.013855753997631837,43.262632740999834,-2060.0,-3700.0
100.0,50.0,0.0,2.0,2.0,1.0,1323.0,3.3400283427909017e-07,1.3699900591745973e-07,0.018148418002965627,0.013598926001577638,43.294386861998646,-2060.0,-3700.0
100.0,50.0,0.0,2.0,2.0,1.0,1324.0,5.319998308550566e-07,1.6000194591470063e-07,0.018548933003330603,0.012485277999076061,43.32542808500148,-2060.0,-3700.0
100.0,50.0,0.0,2.0,2.0,1.0,1325.0,3.4999902709387243e-07,1.4300167094916105e-07,0.02098666700112517,0.017870736999611836,43.36429171200143,-2060.0,-3700.0
100.0,50.0,0.0,2.0,2.0,1.0,1326.0,3.699969965964556e-07,1.489970600232482e-07,0.016959208998741815,0.013726971999858506,43.39498432500113,-2060.0,-3700.0
100.0,50.0,0.0,2.0,2.0,1.0,1327.0,4.979992809239775e-07,1.6500052879564464e-07,0.015256220001901966,0.01797165099924314,43.42821914800152,-2060.0,-3700.0
100.0,50.0,0.0,2.0,2.0,1.0,1328.0,3.699969965964556e-07,1.5700061339884996e-07,0.018702688001212664,0.01676116399903549,43.46368977900056,-2060.0,-3700.0
100.0,50.0,0.0,2.0,2.0,1.0,1329.0,4.300018190406263e-07,1.4699980965815485e-07,0.01699057400037418,0.01189659499868867,43.492583878000005,-2060.0,-3700.0
100.0,50.0,0.0,2.0,2.0,1.0,1330.0,3.6900019040331244e-07,1.6099875210784376e-07,0.017964148999453755,0.015012587002274813,43.525567210999725,-2060.0,-3700.0
100.0,50.0,0.0,2.0,2.0,1.0,1331.0,4.3799809645861387e-07,1.2899909052066505e-07,0.01926174300024286,0.01399560699792346,43.55883065599846,-2060.0,-3700.0
100.0,50.0,0.0,2.0,2.0,1.0,1332.0,4.2299870983697474e-07,1.6199919627979398e-07,0.016432068998256,0.017405220001819544,43.59267442000055,-2060.0,-3700.0
100.0,50.0,0.0,2.0,2.0,1.0,1333.0,4.47998900199309e-07,1.5700061339884996e-07,0.016946464002103312,0.015039809000882087,43.62466701399899,-2060.0,-3700.0
100.0,50.0,0.0,2.0,2.0,1.0,1334.0,3.7800054997205734e-07,1.590015017427504e-07,0.018180719001975376,0.014643226997577585,43.65749699400112,-2060.0,-3700.0
100.0,50.0,0.0,2.0,2.0,1.0,1335.0,4.159992386121303e-07,1.7400088836438954e-07,0.01763171600032365,0.01337521499954164,43.68851077799991,-2060.0,-3700.0
100.0,50.0,0.0,2.0,2.0,1.0,1336.0,4.870016709901392e-07,1.6599733498878777e-07,0.01544508399820188,0.012735993001115276,43.71669865700096,-2060.0,-3700.0
100.0,50.0,0.0,2.0,2.0,1.0,1337.0,4.309986252337694e-07,1.7400088836438954e-07,0.01725747399905231,0.016212401998927817,43.75017568200201,-2060.0,-3700.0
100.0,50.0,0.0,2.0,2.0,1.0,1338.0,5.130023055244237e-07,1.4199758879840374e-07,0.0207562620016688,0.016417525002907496,43.787356862001616,-2060.0,-3700.0
100.0,50.0,0.0,2.0,2.0,1.0,1339.0,5.149995558895171e-07,1.6199919627979398e-07,0.019352766998053994,0.016496806998475222,43.823213521998696,-2060.0,-3700.0
100.0,50.0,0.0,2.0,2.0,1.0,1340.0,5.039983079768717e-07,1.4599936548620462e-07,0.017218977998709306,0.01705176000177744,43.857491074999416,-2060.0,-3700.0
100.0,50.0,0.0,2.0,2.0,1.0,1341.0,3.300010575912893e-07,1.4999750419519842e-07,0.01719786200192175,0.012735960001009516,43.88743094500023,-2060.0,-3700.0
100.0,50.0,0.0,2.0,2.0,1.0,1342.0,4.5999695430509746e-07,1.3300086720846593e-07,0.017623463998461375,0.013693651999346912,43.91875438699935,-2060.0,-3700.0
100.0,50.0,0.0,2.0,2.0,1.0,1343.0,4.90999809699133e-07,1.450025592930615e-07,0.015263450000929879,0.015635615000064718,43.94965987799878,-2060.0,-3700.0
100.0,50.0,0.0,2.0,2.0,1.0,1344.0,7.989983714651316e-07,1.5099794836714864e-07,0.016985785998258507,0.01686845200310927,43.983520550998946,-2060.0,-3700.0
100.0,50.0,0.0,2.0,2.0,1.0,1345.0,5.600013537332416e-07,1.309999788645655e-07,0.016054259998782072,0.012559676000819309,44.01214102399899,-2060.0,-3700.0
100.0,50.0,0.0,2.0,2.0,1.0,1346.0,4.079993232153356e-07,1.6400008462369442e-07,0.01539974700062885,0.015445658998942235,44.04299255600199,-2060.0,-3700.0
100.0,50.0,0.0,2.0,2.0,1.0,1347.0,3.4600088838487864e-07,1.410007826052606e-07,0.016632579998258734,0.01469231699957163,44.07432353100012,-2060.0,-3700.0
100.0,50.0,0.0,2.0,2.0,1.0,1348.0,4.040011845063418e-07,1.720000000204891e-07,0.01836571400053799,0.017402982000930933,44.11009876599928,-2060.0,-3700.0
100.0,50.0,0.0,2.0,2.0,1.0,1349.0,3.950008249375969e-07,1.5199839253909886e-07,0.014713303000462474,0.01665843400041922,44.14147732600031,-2060.0,-3700.0
100.0,50.0,0.0,2.0,2.0,1.0,1350.0,4.659996193367988e-07,1.4699980965815485e-07,0.01718929699927685,0.01596984500065446,44.1746431290012,-2060.0,-3700.0
100.0,50.0,0.0,2.0,2.0,1.0,1351.0,5.160000000614673e-07,1.5899786376394331e-07,0.017081971000152407,0.016476200999022694,44.208208382999146,-2060.0,-3700.0
100.0,50.0,0.0,2.0,2.0,1.0,1352.0,5.100009730085731e-07,1.4800025383010507e-07,0.017308256999967853,0.016415195001172833,44.2419390210016,-2060.0,-3700.0
100.0,50.0,0.0,2.0,2.0,1.0,1353.0,4.539979272522032e-07,1.4800025383010507e-07,0.017792083002859727,0.021245060001092497,44.28098315999887,-2060.0,-3700.0
100.0,50.0,0.0,2.0,2.0,1.0,1354.0,3.929999365936965e-07,1.359985617455095e-07,0.01884595000228728,0.018240673001855612,44.31807642200147,-2060.0,-3700.0
100.0,50.0,0.0,2.0,2.0,1.0,1355.0,3.86000465368852e-07,1.849984982982278e-07,0.01647289800166618,0.016412848999607377,44.35096852700008,-2060.0,-3700.0
100.0,50.0,0.0,2.0,2.0,1.0,1356.0,4.360008460935205e-07,1.7099955584853888e-07,0.018168823000451084,0.016385467002692167,44.38552979299857,-2060.0,-3700.0
100.0,50.0,0.0,2.0,2.0,1.0,1357.0,5.029978638049215e-07,1.5899786376394331e-07,0.01834556900212192,0.013281184998049866,44.417163270001765,-2060.0,-3700.0
100.0,50.0,0.0,2.0,2.0,1.0,1358.0,3.6900019040331244e-07,1.7399725038558245e-07,0.01773322499866481,0.01218798800255172,44.447091171001375,-2060.0,-3700.0
100.0,50.0,0.0,2.0,2.0,1.0,1359.0,3.800014383159578e-07,1.5999830793589354e-07,0.016627224002149887,0.013924000999395503,44.4776493749996,-2060.0,-3700.0
100.0,50.0,0.0,2.0,2.0,1.0,1360.0,4.699977580457926e-07,2.2099993657320738e-07,0.02068350400077179,0.010962660999211948,44.50930367800174,-2060.0,-3700.0
100.0,50.0,0.0,2.0,2.0,1.0,1361.0,4.930006980430335e-07,1.860025804489851e-07,0.01718159599840874,0.01425874500273494,44.54075079199902,-2060.0,-3700.0
100.0,50.0,0.0,2.0,2.0,1.0,1362.0,4.779976734425873e-07,1.5700061339884996e-07,0.017928060002304846,0.010519808001845377,44.56920513500154,-2060.0,-3700.0
100.0,50.0,0.0,2.0,2.0,1.0,1363.0,4.3599720811471343e-07,1.5800105757080019e-07,0.017516733998490963,0.011425780998251867,44.598154153001815,-2060.0,-3700.0
100.0,50.0,0.0,2.0,2.0,1.0,1364.0,4.43000317318365e-07,1.4699980965815485e-07,0.016809476001071744,0.014009624002937926,44.62898004900126,-2060.0,-3700.0
100.0,50.0,0.0,2.0,2.0,1.0,1365.0,4.309986252337694e-07,1.6199919627979398e-07,0.01687924499856308,0.012917763000587001,44.65878354400047,-2060.0,-3700.0
100.0,50.0,0.0,2.0,2.0,1.0,1366.0,5.150031938683242e-07,1.4999750419519842e-07,0.018538643002102617,0.015282144999218872,44.69261116399866,-2060.0,-3700.0
100.0,50.0,0.0,2.0,2.0,1.0,1367.0,2.9600050766021013e-07,1.4199758879840374e-07,0.020312306998675922,0.01110823400085792,44.72403846399902,-2060.0,-3700.0
100.0,50.0,0.0,2.0,2.0,1.0,1368.0,4.3299951357766986e-07,1.7099955584853888e-07,0.019908233000023756,0.010842084997420898,44.75479583099877,-2060.0,-3700.0
100.0,50.0,0.0,2.0,2.0,1.0,1369.0,4.930006980430335e-07,1.7999991541728377e-07,0.016668984997522784,0.019974610000645043,44.79144595899925,-2060.0,-3700.0
100.0,50.0,0.0,2.0,2.0,1.0,1370.0,4.760004230774939e-07,1.4700344763696194e-07,0.020231653998052934,0.012464498002373148,44.824148518000584,-2060.0,-3700.0
100.0,50.0,0.0,2.0,2.0,1.0,1371.0,3.6900019040331244e-07,1.5999830793589354e-07,0.016876217003300553,0.014339724999445025,44.85537122000096,-2060.0,-3700.0
100.0,50.0,0.0,2.0,2.0,1.0,1372.0,4.989997250959277e-07,1.5299883671104908e-07,0.016379640001105145,0.015977043000020785,44.88773473200126,-2060.0,-3700.0
100.0,50.0,0.0,2.0,2.0,1.0,1373.0,3.249988367315382e-07,1.5099794836714864e-07,0.016688700001395773,0.010127335001016036,44.914557020001666,-2060.0,-3700.0
100.0,50.0,0.0,2.0,2.0,1.0,1374.0,3.9999940781854093e-07,1.4399847714230418e-07,0.01649449800243019,0.015843870001845062,44.946901932999026,-2060.0,-3700.0
100.0,50.0,0.0,2.0,2.0,1.0,1375.0,4.76997229270637e-07,1.449989213142544e-07,0.018231252000987297,0.014087965999351582,44.979227714000444,-2060.0,-3700.0
100.0,50.0,0.0,2.0,2.0,1.0,1376.0,3.6500205169431865e-07,1.6600097296759486e-07,0.017573077999259112,0.019560453998565208,45.016367607000575,-2060.0,-3700.0
100.0,50.0,0.0,2.0,2.0,1.0,1377.0,5.269976099953055e-07,1.4600300346501172e-07,0.01662405300157843,0.016102686000522226,45.04910114900122,-2060.0,-3700.0
100.0,50.0,0.0,2.0,2.0,1.0,1378.0,3.360000846441835e-07,1.4399847714230418e-07,0.016274378998787142,0.012929242999234702,45.07831113700013,-2060.0,-3700.0
100.0,50.0,0.0,2.0,2.0,1.0,1379.0,4.81002643937245e-07,1.4200122677721083e-07,0.0159569149982417,0.010491193999769166,45.10476612899947,-2060.0,-3700.0
100.0,50.0,0.0,2.0,2.0,1.0,1380.0,4.840003384742886e-07,1.540029188618064e-07,0.017367006999847945,0.012052309000864625,45.134192134999466,-2060.0,-3700.0
100.0,50.0,0.0,2.0,2.0,1.0,1381.0,4.7299909056164324e-07,1.4200122677721083e-07,0.017556876999151427,0.017867377999209566,45.16962313100157,-2060.0,-3700.0
100.0,50.0,0.0,2.0,2.0,1.0,1382.0,3.449968062341213e-07,1.4400211512111127e-07,0.016988020001008408,0.012293169998883968,45.19891065200136,-2060.0,-3700.0
100.0,50.0,0.0,2.0,2.0,1.0,1383.0,3.9699807530269027e-07,1.7100319382734597e-07,0.018232008998893434,0.01608715299880714,45.233236616000795,-2060.0,-3700.0
100.0,50.0,0.0,2.0,2.0,1.0,1384.0,5.020010576117784e-07,1.4399847714230418e-07,0.017586234000191325,0.014208781998604536,45.2650384640001,-2060.0,-3700.0
100.0,50.0,0.0,2.0,2.0,1.0,1385.0,4.749999789055437e-07,1.5899786376394331e-07,0.017177892998006428,0.014027818997419672,45.29625044600107,-2060.0,-3700.0
100.0,50.0,0.0,2.0,2.0,1.0,1386.0,4.710018401965499e-07,1.539992808829993e-07,0.02040551900063292,0.015791948997502914,45.332454665000114,-2060.0,-3700.0
100.0,50.0,0.0,2.0,2.0,1.0,1387.0,5.640031304210424e-07,1.5800105757080019e-07,0.018111343000782654,0.011761116998968646,45.36233387899847,-2060.0,-3700.0
100.0,50.0,0.0,2.0,2.0,1.0,1388.0,3.9700171328149736e-07,1.6099875210784376e-07,0.017350571000861237,0.009860223002760904,45.389551036998455,-2060.0,-3700.0
100.0,50.0,0.0,2.0,2.0,1.0,1389.0,6.340014806482941e-07,1.579974195919931e-07,0.017249192998860963,0.013523584999347804,45.420330061999266,-2060.0,-3700.0
100.0,50.0,0.0,2.0,2.0,1.0,1390.0,4.030007403343916e-07,1.2800228432752192e-07,0.017998726001678733,0.011711662002198864,45.45004683500156,-2060.0,-3700.0
100.0,50.0,0.0,2.0,2.0,1.0,1391.0,4.849971446674317e-07,1.5100158634595573e-07,0.01889080299952184,0.015754968000692315,45.48469943999953,-2060.0,-3700.0
100.0,50.0,0.0,2.0,2.0,1.0,1392.0,4.920002538710833e-07,1.5100158634595573e-07,0.018583377001050394,0.018894102999183815,45.5221838489997,-2060.0,-3700.0
100.0,50.0,0.0,2.0,2.0,1.0,1393.0,4.900030035059899e-07,1.4699980965815485e-07,0.018554878999566427,0.011946847000217531,45.55269190599938,-2060.0,-3700.0
100.0,50.0,0.0,2.0,2.0,1.0,1394.0,4.7000139602459967e-07,1.5600016922689974e-07,0.017877974998555146,0.009882407997793052,45.58045872100047,-2060.0,-3700.0
100.0,50.0,0.0,2.0,2.0,1.0,1395.0,5.029978638049215e-07,1.5499972505494952e-07,0.016965558999800123,0.018471547999070026,45.615902568999445,-2060.0,-3700.0
100.0,50.0,0.0,2.0,2.0,1.0,1396.0,3.3700052881613374e-07,1.5099794836714864e-07,0.017514846000267426,0.012974417997611454,45.646398761000455,-2060.0,-3700.0
100.0,50.0,0.0,2.0,2.0,1.0,1397.0,4.76997229270637e-07,2.5500048650428653e-07,0.016919006000534864,0.010219184001471149,45.67354488199999,-2060.0,-3700.0
100.0,50.0,0.0,2.0,2.0,1.0,1398.0,4.3700129026547074e-07,1.359985617455095e-07,0.017643492999923183,0.014754546002222924,45.70594946499841,-2060.0,-3700.0
100.0,50.0,0.0,2.0,2.0,1.0,1399.0,5.210022209212184e-07,1.5800105757080019e-07,0.015782645998115186,0.012937206000060542,45.734676414002024,-2060.0,-3700.0
100.0,50.0,0.0,2.0,2.0,1.0,1400.0,4.1900057112798095e-07,1.809967216104269e-07,0.01867484100148431,0.016983875997539144,45.77034174800065,-2060.0,-3700.0
100.0,50.0,0.0,2.0,2.0,1.0,1401.0,3.850000211969018e-07,1.450025592930615e-07,0.01838294199842494,0.016406215996539686,45.80513893399984,-2060.0,-3700.0
100.0,50.0,0.0,2.0,2.0,1.0,1402.0,4.789981176145375e-07,1.8900027498602867e-07,0.01789333600027021,0.016336224998667603,45.83937763499853,-2060.0,-3700.0
100.0,50.0,0.0,2.0,2.0,1.0,1403.0,3.0500086722895503e-07,1.4399847714230418e-07,0.020414605001860764,0.01175430100192898,45.87155225600145,-2060.0,-3700.0
100.0,50.0,0.0,2.0,2.0,1.0,1404.0,4.4099942897446454e-07,1.4599936548620462e-07,0.01839188000303693,0.015853609002078883,45.90580459299963,-2060.0,-3700.0
100.0,50.0,0.0,2.0,2.0,1.0,1405.0,5.020010576117784e-07,1.6599733498878777e-07,0.017448829003114952,0.011152814000524813,45.93441305899978,-2060.0,-3700.0
100.0,50.0,0.0,2.0,2.0,1.0,1406.0,4.90999809699133e-07,1.6500052879564464e-07,0.018373159000475425,0.01147459299681941,45.964267459999974,-2060.0,-3700.0
100.0,50.0,0.0,2.0,2.0,1.0,1407.0,4.969988367520273e-07,1.6500052879564464e-07,0.0171910540011595,0.012868967001850251,45.9943348759989,-2060.0,-3700.0
100.0,50.0,0.0,2.0,2.0,1.0,1408.0,5.260008038021624e-07,1.4699980965815485e-07,0.018334817999857478,0.01635103399894433,46.029027984001004,-2060.0,-3700.0
100.0,50.0,0.0,2.0,2.0,1.0,1409.0,5.010006134398282e-07,1.629996404517442e-07,0.018337079000048107,0.010847449000721099,46.05821912100146,-2060.0,-3700.0
100.0,50.0,0.0,2.0,2.0,1.0,1410.0,4.6900095185264945e-07,1.4200122677721083e-07,0.01796658899911563,0.012644956001167884,46.08883755200077,-2060.0,-3700.0
100.0,50.0,0.0,2.0,2.0,1.0,1411.0,4.5599881559610367e-07,1.7300044419243932e-07,0.018272392997459974,0.013340464000066277,46.1204578700017,-2060.0,-3700.0
100.0,50.0,0.0,2.0,2.0,1.0,1412.0,5.020010576117784e-07,1.6999911167658865e-07,0.018113643000106094,0.013507460000255378,46.15208640000128,-2060.0,-3700.0
100.0,50.0,0.0,2.0,2.0,1.0,1413.0,5.209985829424113e-07,1.7099955584853888e-07,0.01845419199889875,0.020806226999411592,46.1913538459994,-2060.0,-3700.0
100.0,50.0,0.0,2.0,2.0,1.0,1414.0,4.5100023271515965e-07,1.3300086720846593e-07,0.018675883002288174,0.013166787000955082,46.223203034001926,-2060.0,-3700.0
100.0,50.0,0.0,2.0,2.0,1.0,1415.0,4.4199987314641476e-07,1.6700141713954508e-07,0.017243694001081167,0.015385044000140624,46.255838549001055,-2060.0,-3700.0
100.0,50.0,0.0,2.0,2.0,1.0,1416.0,4.910034476779401e-07,1.5999830793589354e-07,0.017250232998776482,0.01236371000049985,46.285459154998534,-2060.0,-3700.0
100.0,50.0,0.0,2.0,2.0,1.0,1417.0,5.200017767492682e-07,1.629996404517442e-07,0.01716755999950692,0.01625534000049811,46.31888879300095,-2060.0,-3700.0
100.0,50.0,0.0,2.0,2.0,1.0,1418.0,4.1399835026822984e-07,1.7600177670828998e-07,0.02008798899987596,0.012629189997824142,46.35161230700032,-2060.0,-3700.0
100.0,50.0,0.0,2.0,2.0,1.0,1419.0,4.489993443712592e-07,1.4800025383010507e-07,0.0172580239996023,0.013142368003173033,46.38201946499976,-2060.0,-3700.0
100.0,50.0,0.0,2.0,2.0,1.0,1420.0,4.400026227813214e-07,1.4400211512111127e-07,0.017952353999135084,0.017730915002175607,46.41770976100088,-2060.0,-3700.0
100.0,50.0,0.0,2.0,2.0,1.0,1421.0,3.8599682739004493e-07,1.7300044419243932e-07,0.019198636000510305,0.01431892399705248,46.451234222000494,-2060.0,-3700.0
100.0,50.0,0.0,2.0,2.0,1.0,1422.0,4.789981176145375e-07,1.5600016922689974e-07,0.01565054999809945,0.015686824001022615,46.48257833699972,-2060.0,-3700.0
100.0,50.0,0.0,2.0,2.0,1.0,1423.0,4.6800050768069923e-07,1.4800025383010507e-07,0.020061980998434592,0.01221812799849431,46.51486504100103,-2060.0,-3700.0
100.0,50.0,0.0,2.0,2.0,1.0,1424.0,4.829998943023384e-07,1.6900230548344553e-07,0.01712012300049537,0.014792953999858582,46.54678529300145,-2060.0,-3700.0
100.0,50.0,0.0,2.0,2.0,1.0,1425.0,4.480025381781161e-07,1.6200283425860107e-07,0.018230097000923706,0.01248253900121199,46.577504820001195,-2060.0,-3700.0
100.0,50.0,0.0,2.0,2.0,1.0,1426.0,4.489993443712592e-07,1.4599936548620462e-07,0.016389568001613952,0.01159058800112689,46.60549159400034,-2060.0,-3700.0
100.0,50.0,0.0,2.0,2.0,1.0,1427.0,4.659996193367988e-07,1.540029188618064e-07,0.018413327998132445,0.017058376000932185,46.64096963799966,-2060.0,-3700.0
100.0,50.0,0.0,2.0,2.0,1.0,1428.0,4.210014594718814e-07,1.400003384333104e-07,0.01960548699935316,0.014644998998846859,46.67522653500055,-2060.0,-3700.0
100.0,50.0,0.0,2.0,2.0,1.0,1429.0,3.259992809034884e-07,1.5600016922689974e-07,0.015479063000384485,0.01582267000048887,46.70653431699975,-2060.0,-3700.0
100.0,50.0,0.0,2.0,2.0,1.0,1430.0,4.520006768871099e-07,1.4399847714230418e-07,0.020614642999134958,0.019205878998036496,46.746361739998974,-2060.0,-3700.0
100.0,50.0,0.0,2.0,2.0,1.0,1431.0,4.619978426489979e-07,1.320004230365157e-07,0.019288406998384744,0.010179090000747237,46.77583584799868,-2060.0,-3700.0
100.0,50.0,0.0,2.0,2.0,1.0,1432.0,5.189976945985109e-07,1.590015017427504e-07,0.01727088199913851,0.01285492900206009,46.80596951000189,-2060.0,-3700.0
100.0,50.0,0.0,2.0,2.0,1.0,1433.0,9.140021575149149e-07,1.949993020389229e-07,0.020515018000878626,0.012542893000500044,46.839036335000856,-2060.0,-3700.0
100.0,50.0,0.0,2.0,2.0,1.0,1434.0,4.120010999031365e-07,1.6600097296759486e-07,0.01719120599955204,0.010193729001912288,46.86642825200033,-2060.0,-3700.0
100.0,50.0,0.0,2.0,2.0,1.0,1435.0,4.809990059584379e-07,1.5999830793589354e-07,0.016466393000882817,0.014451577000727411,46.89735271700192,-2060.0,-3700.0
100.0,50.0,0.0,2.0,2.0,1.0,1436.0,4.040011845063418e-07,1.4800025383010507e-07,0.019975401999545284,0.018393276001006598,46.93572816500091,-2060.0,-3700.0
100.0,50.0,0.0,2.0,2.0,1.0,1437.0,4.439971235115081e-07,1.490006980020553e-07,0.01855686099952436,0.014013942000019597,46.9683052750006,-2060.0,-3700.0
100.0,50.0,0.0,2.0,2.0,1.0,1438.0,4.950015863869339e-07,1.449989213142544e-07,0.016300966999551747,0.012708151996775996,46.9973210499993,-2060.0,-3700.0
100.0,50.0,0.0,2.0,2.0,1.0,1439.0,4.389985406305641e-07,1.400003384333104e-07,0.02082799699928728,0.014497168001980754,47.03265258800093,-2060.0,-3700.0
100.0,50.0,0.0,2.0,2.0,1.0,1440.0,4.799985617864877e-07,1.629996404517442e-07,0.016344305000529857,0.012307762997807004,47.06131188099971,-2060.0,-3700.0
100.0,50.0,0.0,2.0,2.0,1.0,1441.0,5.000001692678779e-07,1.679982233326882e-07,0.01707777800038457,0.014187878001393983,47.0925845089987,-2060.0,-3700.0
100.0,50.0,0.0,2.0,2.0,1.0,1442.0,9.569994290359318e-07,1.590015017427504e-07,0.017316430999926524,0.012171501999546308,47.12208248800016,-2060.0,-3700.0
100.0,50.0,0.0,2.0,2.0,1.0,1443.0,4.520006768871099e-07,1.5700061339884996e-07,0.015728343001683243,0.016173990999959642,47.15399103600066,-2060.0,-3700.0
100.0,50.0,0.0,2.0,2.0,1.0,1444.0,4.569992597680539e-07,1.3899989426136017e-07,0.017019805000018096,0.016156224999576807,47.18717425499926,-2060.0,-3700.0
100.0,50.0,0.0,2.0,2.0,1.0,1445.0,4.969988367520273e-07,1.6700141713954508e-07,0.016163825999683468,0.018958583001221996,47.22230380399924,-2060.0,-3700.0
100.0,50.0,0.0,2.0,2.0,1.0,1446.0,4.389985406305641e-07,1.4800025383010507e-07,0.01840549199914676,0.013388143997872248,47.25410388599994,-2060.0,-3700.0
100.0,50.0,0.0,2.0,2.0,1.0,1447.0,5.379988579079509e-07,1.500011421740055e-07,0.020144890000665328,0.012086351001926232,47.2863418090019,-2060.0,-3700.0
100.0,50.0,0.0,2.0,2.0,1.0,1448.0,4.760004230774939e-07,1.849984982982278e-07,0.01797837499907473,0.01478390599731938,47.31911088199922,-2060.0,-3700.0
100.0,50.0,0.0,2.0,2.0,1.0,1449.0,5.149995558895171e-07,1.7000274965539575e-07,0.01720082999963779,0.014574348999303766,47.350892930000555,-2060.0,-3700.0
100.0,50.0,0.0,2.0,2.0,1.0,1450.0,4.0899976738728583e-07,1.3899989426136017e-07,0.01918676700006472,0.011884899002325255,47.381970824000746,-2060.0,-3700.0
100.0,50.0,0.0,2.0,2.0,1.0,1451.0,4.6499917516484857e-07,1.3799945008940995e-07,0.02236629199978779,0.01222136300202692,47.416565468000044,-2060.0,-3700.0
100.0,50.0,0.0,2.0,2.0,1.0,1452.0,3.8299913285300136e-07,1.5600016922689974e-07,0.016321469000104116,0.0146378809986345,47.447531357000116,-2060.0,-3700.0
100.0,50.0,0.0,2.0,2.0,1.0,1453.0,4.360008460935205e-07,1.359985617455095e-07,0.017456192999816267,0.016475019001518376,47.48146893200101,-2060.0,-3700.0
100.0,50.0,0.0,2.0,2.0,1.0,1454.0,3.759996616281569e-07,1.629996404517442e-07,0.01693548899856978,0.013719967999350047,47.51213126899893,-2060.0,-3700.0
100.0,50.0,0.0,2.0,2.0,1.0,1455.0,4.4499756768345833e-07,1.4300167094916105e-07,0.01847542399991653,0.018026019002718385,47.54863915899841,-2060.0,-3700.0
100.0,50.0,0.0,2.0,2.0,1.0,1456.0,4.5600245357491076e-07,1.5499972505494952e-07,0.020008453000627924,0.016016999001294607,47.58467130799909,-2060.0,-3700.0
100.0,50.0,0.0,2.0,2.0,1.0,1457.0,5.030015017837286e-07,1.7899947124533355e-07,0.016175797001778847,0.014165496999339666,47.615019803000905,-2060.0,-3700.0
100.0,50.0,0.0,2.0,2.0,1.0,1458.0,4.6899731387384236e-07,1.5299883671104908e-07,0.0158069630015234,0.01813764499820536,47.64897137099979,-2060.0,-3700.0
100.0,50.0,0.0,2.0,2.0,1.0,1459.0,5.09997335029766e-07,1.5300247468985617e-07,0.017185492997668916,0.014433811000344576,47.68059799800176,-2060.0,-3700.0
100.0,50.0,0.0,2.0,2.0,1.0,1460.0,3.5099947126582265e-07,1.5499972505494952e-07,0.017856145001132973,0.015474802999960957,47.713935722000315,-2060.0,-3700.0
100.0,50.0,0.0,2.0,2.0,1.0,1461.0,3.9600126910954714e-07,1.5800105757080019e-07,0.01732814199931454,0.016569637002248783,47.74784021600135,-2060.0,-3700.0
100.0,50.0,0.0,2.0,2.0,1.0,1462.0,5.509973561856896e-07,1.6600097296759486e-07,0.019147789000271587,0.015255444999638712,47.78225036400181,-2060.0,-3700.0
100.0,50.0,0.0,2.0,2.0,1.0,1463.0,4.659996193367988e-07,1.320004230365157e-07,0.01952097199682612,0.01775733899921761,47.819535184000415,-2060.0,-3700.0
100.0,50.0,0.0,2.0,2.0,1.0,1464.0,5.010006134398282e-07,1.4699980965815485e-07,0.017452208001486724,0.013395449001109228,47.850389518000156,-2060.0,-3700.0
100.0,50.0,0.0,2.0,2.0,1.0,1465.0,4.879984771832824e-07,1.7400088836438954e-07,0.017156833000626648,0.018097528998623602,47.885651634998794,-2060.0,-3700.0
100.0,50.0,0.0,2.0,2.0,1.0,1466.0,4.71998646389693e-07,1.410007826052606e-07,0.0177748120004253,0.012466913998650853,47.91590013699897,-2060.0,-3700.0
100.0,50.0,0.0,2.0,2.0,1.0,1467.0,5.370020517148077e-07,1.7099955584853888e-07,0.0170753499987768,0.014921347999916179,47.94790356999874,-2060.0,-3700.0
100.0,50.0,0.0,2.0,2.0,1.0,1468.0,4.90999809699133e-07,1.4599936548620462e-07,0.016986529000860173,0.01277481899887789,47.97767209800077,-2060.0,-3700.0
100.0,50.0,0.0,2.0,2.0,1.0,1469.0,3.940003807656467e-07,1.5700061339884996e-07,0.017508289001852972,0.014867264999338659,48.01005378099944,-2060.0,-3700.0
100.0,50.0,0.0,2.0,2.0,1.0,1470.0,4.709982022177428e-07,1.490006980020553e-07,0.016849717998411506,0.012753210998198483,48.03966362800202,-2060.0,-3700.0
100.0,50.0,0.0,2.0,2.0,1.0,1471.0,3.320019459351897e-07,1.759981387294829e-07,0.01741020400004345,0.015654552000341937,48.072734662000585,-2060.0,-3700.0
100.0,50.0,0.0,2.0,2.0,1.0,1472.0,4.67000063508749e-07,1.5099794836714864e-07,0.015437819998624036,0.01530559100137907,48.10348415699991,-2060.0,-3700.0
100.0,50.0,0.0,2.0,2.0,1.0,1473.0,4.300018190406263e-07,1.2999953469261527e-07,0.018653663999430137,0.012754696999763837,48.13489881699934,-2060.0,-3700.0
100.0,50.0,0.0,2.0,2.0,1.0,1474.0,5.939982656855136e-07,1.5800105757080019e-07,0.01767357399876346,0.018269928001245717,48.17084923999937,-2060.0,-3700.0
100.0,50.0,0.0,2.0,2.0,1.0,1475.0,4.5100023271515965e-07,1.5299883671104908e-07,0.018638541998370783,0.01764279100098065,48.207137669000076,-2060.0,-3700.0
100.0,50.0,0.0,2.0,2.0,1.0,1476.0,4.260000423528254e-07,1.4599936548620462e-07,0.01796971899966593,0.01442187899738201,48.23953603100017,-2060.0,-3700.0
100.0,50.0,0.0,2.0,2.0,1.0,1477.0,4.2900137486867607e-07,1.5800105757080019e-07,0.017174594002426602,0.019392742000491126,48.27610979900055,-2060.0,-3700.0
100.0,50.0,0.0,2.0,2.0,1.0,1478.0,4.5599881559610367e-07,1.6700141713954508e-07,0.01925425299850758,0.011757059997762553,48.307127224001306,-2060.0,-3700.0
100.0,50.0,0.0,2.0,2.0,1.0,1479.0,3.350032784510404e-07,1.5100158634595573e-07,0.01588982099929126,0.012351762001344468,48.33537500300008,-2060.0,-3700.0
100.0,50.0,0.0,2.0,2.0,1.0,1480.0,4.800021997652948e-07,1.6000194591470063e-07,0.019707917999767233,0.011141343999042874,48.36623120299919,-2060.0,-3700.0
100.0,50.0,0.0,2.0,2.0,1.0,1481.0,5.169968062546104e-07,1.5999830793589354e-07,0.017289928000536747,0.018037986003037076,48.40156572300111,-2060.0,-3700.0
100.0,50.0,0.0,2.0,2.0,1.0,1482.0,4.920002538710833e-07,1.450025592930615e-07,0.018288445000507636,0.013960907999717165,48.433821524999075,-2060.0,-3700.0
100.0,50.0,0.0,2.0,2.0,1.0,1483.0,4.6900095185264945e-07,1.4800025383010507e-07,0.016364978000638075,0.01018576600108645,48.460378906002006,-2060.0,-3700.0
100.0,50.0,0.0,2.0,2.0,1.0,1484.0,4.4999978854320943e-07,1.4399847714230418e-07,0.018614037999213906,0.014363662001414923,48.49336298200069,-2060.0,-3700.0
100.0,50.0,0.0,2.0,2.0,1.0,1485.0,3.889981599058956e-07,1.8900027498602867e-07,0.015374069000245072,0.012278668000362813,48.52102234999984,-2060.0,-3700.0
100.0,50.0,0.0,2.0,2.0,1.0,1486.0,5.229994712863117e-07,1.7899947124533355e-07,0.0165736150011071,0.012246523998328485,48.549848949998704,-2060.0,-3700.0
100.0,50.0,0.0,2.0,2.0,1.0,1487.0,4.130015440750867e-07,1.5499972505494952e-07,0.016563260000111768,0.015425802001118427,48.58184455399896,-2060.0,-3700.0
100.0,50.0,0.0,2.0,2.0,1.0,1488.0,4.6000059228390455e-07,1.449989213142544e-07,0.019335724999109516,0.014201308000338031,48.615388079000695,-2060.0,-3700.0
100.0,50.0,0.0,2.0,2.0,1.0,1489.0,4.770008672494441e-07,1.5499972505494952e-07,0.016600588001892902,0.01381228000172996,48.64580778000163,-2060.0,-3700.0
100.0,50.0,0.0,2.0,2.0,1.0,1490.0,4.780013114213943e-07,1.4299803297035396e-07,0.01920126700133551,0.019417804996919585,48.68443331399976,-2060.0,-3700.0
100.0,50.0,0.0,2.0,2.0,1.0,1491.0,3.590030246414244e-07,1.5800105757080019e-07,0.017902748000778956,0.015116788999876007,48.717459452000185,-2060.0,-3700.0
100.0,50.0,0.0,2.0,2.0,1.0,1492.0,3.339991963002831e-07,1.6899866750463843e-07,0.016008579001209,0.01750972399895545,48.75098443100069,-2060.0,-3700.0
100.0,50.0,0.0,2.0,2.0,1.0,1493.0,5.05002390127629e-07,1.4599936548620462e-07,0.017555798000103096,0.01621680199968978,48.78476378900086,-2060.0,-3700.0
100.0,50.0,0.0,2.0,2.0,1.0,1494.0,4.95998392580077e-07,1.579974195919931e-07,0.01664822299790103,0.014385678001417546,48.81580497200048,-2060.0,-3700.0
100.0,50.0,0.0,2.0,2.0,1.0,1495.0,4.6400236897170544e-07,1.4800025383010507e-07,0.01837963599973591,0.010426211996673374,48.84461697000006,-2060.0,-3700.0
100.0,50.0,0.0,2.0,2.0,1.0,1496.0,3.800014383159578e-07,1.4199758879840374e-07,0.01770385799682117,0.01372282300144434,48.87605008399987,-2060.0,-3700.0
100.0,50.0,0.0,2.0,2.0,1.0,1497.0,4.1500243241898715e-07,1.5300247468985617e-07,0.016382643996621482,0.012304277999646729,48.904744253999525,-2060.0,-3700.0
100.0,50.0,0.0,2.0,2.0,1.0,1498.0,3.6100027500651777e-07,1.629996404517442e-07,0.017035247998137493,0.012529501000244636,48.934315427999536,-2060.0,-3700.0
100.0,50.0,0.0,2.0,2.0,1.0,1499.0,4.6400236897170544e-07,1.4399847714230418e-07,0.016682907000358682,0.01604391100045177,48.96704958600094,-2060.0,-3700.0
100.0,50.0,0.0,2.0,2.0,1.0,1500.0,5.209985829424113e-07,1.5299883671104908e-07,0.017057576002116548,0.01594555399788078,49.00005925300138,-2060.0,-3700.0
100.0,50.0,0.0,2.0,2.0,1.0,1501.0,6.330010364763439e-07,1.769985829014331e-07,0.01866566500029876,0.010962797001411673,49.029694498000026,-2060.0,-3700.0
100.0,50.0,0.0,2.0,2.0,1.0,1502.0,4.890025593340397e-07,1.6999911167658865e-07,0.019311001000460237,0.017419577001419384,49.06643184800123,-2060.0,-3700.0
100.0,50.0,0.0,2.0,2.0,1.0,1503.0,4.869980330113322e-07,1.449989213142544e-07,0.01738198599923635,0.018053445000987267,49.10187434099862,-2060.0,-3700.0
100.0,50.0,0.0,2.0,2.0,1.0,1504.0,4.709982022177428e-07,1.500011421740055e-07,0.019798883997282246,0.016463676001876593,49.138143287000275,-2060.0,-3700.0
100.0,50.0,0.0,2.0,2.0,1.0,1505.0,4.869980330113322e-07,1.4999750419519842e-07,0.017898612000863068,0.019355172997165937,49.1754038600011,-2060.0,-3700.0
100.0,50.0,0.0,2.0,2.0,1.0,1506.0,5.23999915458262e-07,1.5299883671104908e-07,0.017927362001501024,0.014867698002490215,49.20820549600103,-2060.0,-3700.0
100.0,50.0,0.0,2.0,2.0,1.0,1507.0,3.839995770249516e-07,1.400003384333104e-07,0.019132576999254525,0.01350561900108005,49.24084982400018,-2060.0,-3700.0
100.0,50.0,0.0,2.0,2.0,1.0,1508.0,2.950000634882599e-07,1.539992808829993e-07,0.018833374000678305,0.017707019000226865,49.277396760000556,-2060.0,-3700.0
100.0,50.0,0.0,2.0,2.0,1.0,1509.0,4.169996827840805e-07,1.2999953469261527e-07,0.019487887002469506,0.016293438002321636,49.3131844640011,-2060.0,-3700.0
100.0,50.0,0.0,2.0,2.0,1.0,1510.0,4.7000139602459967e-07,1.4599936548620462e-07,0.020462565000343602,0.012468226999772014,49.346121806000156,-2060.0,-3700.0
100.0,50.0,0.0,2.0,2.0,1.0,1511.0,4.800021997652948e-07,1.6700141713954508e-07,0.018123080997611396,0.015580622999550542,49.37983241099937,-2060.0,-3700.0
100.0,50.0,0.0,2.0,2.0,1.0,1512.0,4.800021997652948e-07,1.5199839253909886e-07,0.01923423300104332,0.014136591002170462,49.41321024699937,-2060.0,-3700.0
100.0,50.0,0.0,2.0,2.0,1.0,1513.0,4.7299909056164324e-07,1.66997779160738e-07,0.01669518300332129,0.013888344998122193,49.4438006929995,-2060.0,-3700.0
100.0,50.0,0.0,2.0,2.0,1.0,1514.0,4.889989213552326e-07,1.5099794836714864e-07,0.01592147900009877,0.01498779800022021,49.47471654900073,-2060.0,-3700.0
100.0,50.0,0.0,2.0,2.0,1.0,1515.0,3.619970811996609e-07,1.5700061339884996e-07,0.01566336099858745,0.016854375000548316,49.50724056200124,-2060.0,-3700.0
100.0,50.0,0.0,2.0,2.0,1.0,1516.0,6.390000635292381e-07,1.4299803297035396e-07,0.01694316100110882,0.01552583800003049,49.53971634199843,-2060.0,-3700.0
100.0,50.0,0.0,2.0,2.0,1.0,1517.0,4.67000063508749e-07,1.320004230365157e-07,0.019751141000597272,0.011637196999799926,49.571111249999376,-2060.0,-3700.0
100.0,50.0,0.0,2.0,2.0,1.0,1518.0,4.800021997652948e-07,1.4299803297035396e-07,0.017262243000004673,0.013923768001404824,49.602303772000596,-2060.0,-3700.0
100.0,50.0,0.0,2.0,2.0,1.0,1519.0,4.880021151620895e-07,1.6900230548344553e-07,0.018453773998771794,0.015822780998860253,49.636586867000005,-2060.0,-3700.0
100.0,50.0,0.0,2.0,2.0,1.0,1520.0,4.62001480627805e-07,1.5100158634595573e-07,0.018460655999660958,0.01648378599929856,49.671538685000996,-2060.0,-3700.0
100.0,50.0,0.0,2.0,2.0,1.0,1521.0,5.010006134398282e-07,1.6599733498878777e-07,0.017173858999740332,0.021405359999334905,49.710124722998444,-2060.0,-3700.0
100.0,50.0,0.0,2.0,2.0,1.0,1522.0,3.839995770249516e-07,1.3399767340160906e-07,0.019588309001846937,0.01565557499998249,49.74537555899951,-2060.0,-3700.0
100.0,50.0,0.0,2.0,2.0,1.0,1523.0,4.310022632125765e-07,1.3500175555236638e-07,0.021173875000386033,0.014693075998366112,49.78124887800004,-2060.0,-3700.0
100.0,50.0,0.0,2.0,2.0,1.0,1524.0,4.749999789055437e-07,1.3300086720846593e-07,0.01794045299902791,0.014484772000287194,49.81368024499898,-2060.0,-3700.0
100.0,50.0,0.0,2.0,2.0,1.0,1525.0,2.950000634882599e-07,1.539992808829993e-07,0.018127986000763485,0.012314446998061612,49.844128633001674,-2060.0,-3700.0
100.0,50.0,0.0,2.0,2.0,1.0,1526.0,4.630019247997552e-07,1.3399767340160906e-07,0.019199622998712584,0.013719160997425206,49.87705430600181,-2060.0,-3700.0
100.0,50.0,0.0,2.0,2.0,1.0,1527.0,4.7399953473359346e-07,1.4599936548620462e-07,0.017822979996708455,0.014222560999769485,49.909106549999706,-2060.0,-3700.0
100.0,50.0,0.0,2.0,2.0,1.0,1528.0,4.7299909056164324e-07,1.5099794836714864e-07,0.01823654399777297,0.016102756999316625,49.9434526139994,-2060.0,-3700.0
100.0,50.0,0.0,2.0,2.0,1.0,1529.0,4.2900137486867607e-07,1.949993020389229e-07,0.017594488999748137,0.01635753300070064,49.977411227999255,-2060.0,-3700.0
100.0,50.0,0.0,2.0,2.0,1.0,1530.0,3.040004230570048e-07,1.2999953469261527e-07,0.01771839199864189,0.01253327700032969,50.00766912900144,-2060.0,-3700.0
100.0,50.0,0.0,2.0,2.0,1.0,1531.0,3.86000465368852e-07,1.5999830793589354e-07,0.017482033999840496,0.018760147999273613,50.043918309998844,-2060.0,-3700.0
100.0,50.0,0.0,2.0,2.0,1.0,1532.0,5.09997335029766e-07,1.500011421740055e-07,0.01827866500025266,0.013469755998812616,50.075696930998674,-2060.0,-3700.0
100.0,50.0,0.0,2.0,2.0,1.0,1533.0,4.5499837142415345e-07,1.3300086720846593e-07,0.017397504001564812,0.013222028999734903,50.106322881998494,-2060.0,-3700.0
100.0,50.0,0.0,2.0,2.0,1.0,1534.0,4.4599801185540855e-07,2.00001522898674e-07,0.01604347100146697,0.016052148999733618,50.13842521100014,-2060.0,-3700.0
100.0,50.0,0.0,2.0,2.0,1.0,1535.0,5.209985829424113e-07,1.5800105757080019e-07,0.015967380997608416,0.01570808299948112,50.17010739200123,-2060.0,-3700.0
100.0,50.0,0.0,2.0,2.0,1.0,1536.0,3.320019459351897e-07,1.7800266505219042e-07,0.020654411000577966,0.010604877999867313,50.2013732000014,-2060.0,-3700.0
100.0,50.0,0.0,2.0,2.0,1.0,1537.0,4.6900095185264945e-07,1.540029188618064e-07,0.017045034001057502,0.017495068997959606,50.235919591999846,-2060.0,-3700.0
100.0,50.0,0.0,2.0,2.0,1.0,1538.0,3.349996404722333e-07,1.5100158634595573e-07,0.020743299999594456,0.017818276999605587,50.27448759500112,-2060.0,-3700.0
100.0,50.0,0.0,2.0,2.0,1.0,1539.0,4.940011422149837e-07,1.5100158634595573e-07,0.016266058999462985,0.01609693299906212,50.30685767799878,-2060.0,-3700.0
100.0,50.0,0.0,2.0,2.0,1.0,1540.0,5.080000846646726e-07,1.6400008462369442e-07,0.01812724800038268,0.016124118999869097,50.341116129999136,-2060.0,-3700.0
100.0,50.0,0.0,2.0,2.0,1.0,1541.0,5.19001332577318e-07,1.6000194591470063e-07,0.019634045998827787,0.015613567000400508,50.37637065200033,-2060.0,-3700.0
100.0,50.0,0.0,2.0,2.0,1.0,1542.0,3.450004442129284e-07,1.6700141713954508e-07,0.01810923300217837,0.014366314000653801,50.40885265899851,-2060.0,-3700.0
100.0,50.0,0.0,2.0,2.0,1.0,1543.0,4.879984771832824e-07,1.6700141713954508e-07,0.016230881999945268,0.01395374899948365,50.43904390000171,-2060.0,-3700.0
100.0,50.0,0.0,2.0,2.0,1.0,1544.0,4.6900095185264945e-07,1.400003384333104e-07,0.017461208000895567,0.015257671002473217,50.471769521998795,-2060.0,-3700.0
100.0,50.0,0.0,2.0,2.0,1.0,1545.0,4.5599881559610367e-07,1.629996404517442e-07,0.017378672997438116,0.01611986900024931,50.50527474200135,-2060.0,-3700.0
100.0,50.0,0.0,2.0,2.0,1.0,1546.0,3.799978003371507e-07,1.4200122677721083e-07,0.01937095900211716,0.017588790000445442,50.54224112000156,-2060.0,-3700.0
100.0,50.0,0.0,2.0,2.0,1.0,1547.0,4.899993655271828e-07,1.4599936548620462e-07,0.018229098001029342,0.012579777001519687,50.57305650800117,-2060.0,-3700.0
100.0,50.0,0.0,2.0,2.0,1.0,1548.0,4.0099985199049115e-07,1.4800025383010507e-07,0.017499997000413714,0.016001488002075348,50.60656468800153,-2060.0,-3700.0
100.0,50.0,0.0,2.0,2.0,1.0,1549.0,4.780013114213943e-07,1.3400131138041615e-07,0.018957756001327652,0.014067850999708753,50.63959691999844,-2060.0,-3700.0
100.0,50.0,0.0,2.0,2.0,1.0,1550.0,4.95998392580077e-07,1.5499972505494952e-07,0.016677110997989075,0.016377197000110755,50.672658285999205,-2060.0,-3700.0
100.0,50.0,0.0,2.0,2.0,1.0,1551.0,7.090020517352968e-07,1.629996404517442e-07,0.018364187999395654,0.012156757999036927,50.70318640199912,-2060.0,-3700.0
100.0,50.0,0.0,2.0,2.0,1.0,1552.0,4.659996193367988e-07,1.449989213142544e-07,0.018666235999262426,0.017697375998977805,50.73955680200015,-2060.0,-3700.0
100.0,50.0,0.0,2.0,2.0,1.0,1553.0,3.7400241126306355e-07,1.679982233326882e-07,0.01802756200049771,0.016364826002245536,50.77395567200074,-2060.0,-3700.0
100.0,50.0,0.0,2.0,2.0,1.0,1554.0,4.0099985199049115e-07,1.539992808829993e-07,0.016961696001089877,0.01702350399864372,50.80794760700155,-2060.0,-3700.0
100.0,50.0,0.0,2.0,2.0,1.0,1555.0,4.6500281314365566e-07,1.4399847714230418e-07,0.019759651000640588,0.011129559999972116,50.83884304700041,-2060.0,-3700.0
100.0,50.0,0.0,2.0,2.0,1.0,1556.0,4.710018401965499e-07,1.5800105757080019e-07,0.017153415999928256,0.016419445997598814,50.87242299499849,-2060.0,-3700.0
100.0,50.0,0.0,2.0,2.0,1.0,1557.0,4.67000063508749e-07,1.449989213142544e-07,0.017777692999516148,0.015697453000029782,50.905904950999684,-2060.0,-3700.0
100.0,50.0,0.0,2.0,2.0,1.0,1558.0,4.569992597680539e-07,1.3400131138041615e-07,0.018333357998926658,0.01809616800164804,50.94234093900013,-2060.0,-3700.0
100.0,50.0,0.0,2.0,2.0,1.0,1559.0,4.390021786093712e-07,1.6899866750463843e-07,0.019712752000486944,0.01727379200019641,50.97933426199961,-2060.0,-3700.0
100.0,50.0,0.0,2.0,2.0,1.0,1560.0,3.540008037816733e-07,1.81000359589234e-07,0.01767251500132261,0.019233847997384146,51.016247511000984,-2060.0,-3700.0
100.0,50.0,0.0,2.0,2.0,1.0,1561.0,5.410001904238015e-07,1.949993020389229e-07,0.016970533000858268,0.0135075180005515,51.046732484999666,-2060.0,-3700.0
100.0,50.0,0.0,2.0,2.0,1.0,1562.0,4.0099985199049115e-07,1.5100158634595573e-07,0.017390860000887187,0.013954449001175817,51.078084332999424,-2060.0,-3700.0
100.0,50.0,0.0,2.0,2.0,1.0,1563.0,4.659996193367988e-07,1.4400211512111127e-07,0.020880984000541503,0.01671343700218131,51.115684977001365,-2060.0,-3700.0
100.0,50.0,0.0,2.0,2.0,1.0,1564.0,5.090005288366228e-07,1.4800025383010507e-07,0.017884105000121053,0.014644922001025407,51.148221993000334,-2060.0,-3700.0
100.0,50.0,0.0,2.0,2.0,1.0,1565.0,5.250003596302122e-07,1.7300044419243932e-07,0.01742684700002428,0.015147777998208767,51.18080380399988,-2060.0,-3700.0
100.0,50.0,0.0,2.0,2.0,1.0,1566.0,4.5500200940296054e-07,1.6599733498878777e-07,0.0177998569997726,0.013953649999166373,51.21256462599922,-2060.0,-3700.0
100.0,50.0,0.0,2.0,2.0,1.0,1567.0,3.3199830795638263e-07,1.5700061339884996e-07,0.019719039999472443,0.010852569997950923,51.24314274599965,-2060.0,-3700.0
100.0,50.0,0.0,2.0,2.0,1.0,1568.0,4.040011845063418e-07,1.759981387294829e-07,0.016509405999386217,0.01080273800107534,51.270461814001465,-2060.0,-3700.0
100.0,50.0,0.0,2.0,2.0,1.0,1569.0,5.05002390127629e-07,1.770022208802402e-07,0.017731929998262785,0.010900713001319673,51.29910114000086,-2060.0,-3700.0
100.0,50.0,0.0,2.0,2.0,1.0,1570.0,4.989997250959277e-07,1.4800025383010507e-07,0.019007640999916475,0.01623883700085571,51.33435403100157,-2060.0,-3700.0
100.0,50.0,0.0,2.0,2.0,1.0,1571.0,4.889989213552326e-07,1.720000000204891e-07,0.017735855999490013,0.012805870999727631,51.36490238999977,-2060.0,-3700.0
100.0,50.0,0.0,2.0,2.0,1.0,1572.0,4.840003384742886e-07,1.5200203051790595e-07,0.017701952998322668,0.0142326499990304,51.39684344399939,-2060.0,-3700.0
100.0,50.0,0.0,2.0,2.0,1.0,1573.0,5.080000846646726e-07,1.6899866750463843e-07,0.016851656000653747,0.014221239001926733,51.42792339500011,-2060.0,-3700.0
100.0,50.0,0.0,2.0,2.0,1.0,1574.0,5.09997335029766e-07,1.4699980965815485e-07,0.01653952800188563,0.015052897000714438,51.459522116998414,-2060.0,-3700.0
100.0,50.0,0.0,2.0,2.0,1.0,1575.0,4.5499837142415345e-07,1.4299803297035396e-07,0.01918805099921883,0.014977179998822976,51.493693521999376,-2060.0,-3700.0
100.0,50.0,0.0,2.0,2.0,1.0,1576.0,4.609973984770477e-07,1.4599936548620462e-07,0.018525915998907294,0.015960204000293743,51.52818571000171,-2060.0,-3700.0
100.0,50.0,0.0,2.0,2.0,1.0,1577.0,4.52997483080253e-07,1.2599775800481439e-07,0.02049469000121462,0.0152418840007158,51.56392831099947,-2060.0,-3700.0
100.0,50.0,0.0,2.0,2.0,1.0,1578.0,4.619978426489979e-07,1.3899989426136017e-07,0.021257016000163276,0.015623765000782441,51.60081617800097,-2060.0,-3700.0
100.0,50.0,0.0,2.0,2.0,1.0,1579.0,5.280016921460629e-07,1.7799902707338333e-07,0.018117054998583626,0.016023119998862967,51.634963394000806,-2060.0,-3700.0
100.0,50.0,0.0,2.0,2.0,1.0,1580.0,5.299989425111562e-07,1.7500133253633976e-07,0.01702654399923631,0.009536706002108986,51.66153375399881,-2060.0,-3700.0
100.0,50.0,0.0,2.0,2.0,1.0,1581.0,4.820030881091952e-07,1.679982233326882e-07,0.01937937500042608,0.016108506002638023,51.69702803200198,-2060.0,-3700.0
100.0,50.0,0.0,2.0,2.0,1.0,1582.0,4.540015652310103e-07,1.320004230365157e-07,0.01715762100138818,0.013403149998339359,51.72759598899938,-2060.0,-3700.0
100.0,50.0,0.0,2.0,2.0,1.0,1583.0,4.970024747308344e-07,1.680018613114953e-07,0.019743019998713862,0.01559642899883329,51.76294238400078,-2060.0,-3700.0
100.0,50.0,0.0,2.0,2.0,1.0,1584.0,4.2399915400892496e-07,1.6100239008665085e-07,0.017805566003517015,0.015761065002152463,51.7965156149985,-2060.0,-3700.0
100.0,50.0,0.0,2.0,2.0,1.0,1585.0,4.840003384742886e-07,1.4800025383010507e-07,0.019243375998485135,0.01613701200039941,51.831902565001656,-2060.0,-3700.0
100.0,50.0,0.0,2.0,2.0,1.0,1586.0,4.90999809699133e-07,1.4800025383010507e-07,0.018993011999555165,0.017722291999234585,51.868624545000785,-2060.0,-3700.0
100.0,50.0,0.0,2.0,2.0,1.0,1587.0,5.450019671116024e-07,1.629996404517442e-07,0.016347414002666483,0.019241737998527242,51.90422060900164,-2060.0,-3700.0
100.0,50.0,0.0,2.0,2.0,1.0,1588.0,4.969988367520273e-07,1.6100239008665085e-07,0.018838717001926852,0.017778809000446927,51.94084470600137,-2060.0,-3700.0
100.0,50.0,0.0,2.0,2.0,1.0,1589.0,4.849971446674317e-07,1.6000194591470063e-07,0.015805448001628974,0.019766516001254786,51.976423160002014,-2060.0,-3700.0
100.0,50.0,0.0,2.0,2.0,1.0,1590.0,4.4199987314641476e-07,1.4599936548620462e-07,0.020550581000861712,0.011788244999479502,52.00876870100183,-2060.0,-3700.0
100.0,50.0,0.0,2.0,2.0,1.0,1591.0,5.030015017837286e-07,1.720000000204891e-07,0.018059307996736607,0.01163338200058206,52.03846821700063,-2060.0,-3700.0
100.0,50.0,0.0,2.0,2.0,1.0,1592.0,3.169989213347435e-07,1.8900027498602867e-07,0.018392679001408396,0.014512443001876818,52.0713797310018,-2060.0,-3700.0
100.0,50.0,0.0,2.0,2.0,1.0,1593.0,5.010006134398282e-07,1.6199919627979398e-07,0.01817175100222812,0.01811122700019041,52.107669237000664,-2060.0,-3700.0
100.0,50.0,0.0,2.0,2.0,1.0,1594.0,3.130007826257497e-07,1.66997779160738e-07,0.017692347002594033,0.0179161859996384,52.14328409299924,-2060.0,-3700.0
100.0,50.0,0.0,2.0,2.0,1.0,1595.0,4.979992809239775e-07,1.540029188618064e-07,0.01753972999722464,0.014846674999716925,52.17567742100073,-2060.0,-3700.0
100.0,50.0,0.0,2.0,2.0,1.0,1596.0,4.840003384742886e-07,1.3799945008940995e-07,0.018412730998534244,0.01620569599981536,52.21030244400026,-2060.0,-3700.0
100.0,50.0,0.0,2.0,2.0,1.0,1597.0,4.43000317318365e-07,1.630032784305513e-07,0.017667652002273826,0.016013837997888913,52.24399065699981,-2060.0,-3700.0
100.0,50.0,0.0,2.0,2.0,1.0,1598.0,4.829998943023384e-07,1.5600016922689974e-07,0.016880517003301065,0.013272757001686841,52.2741512270004,-2060.0,-3700.0
100.0,50.0,0.0,2.0,2.0,1.0,1599.0,3.5999983083456755e-07,1.6400008462369442e-07,0.0172331360008684,0.015887623001617612,52.30727853699864,-2060.0,-3700.0
100.0,50.0,0.0,2.0,2.0,1.0,1600.0,4.71998646389693e-07,1.450025592930615e-07,0.018314835000637686,0.012639440999919316,52.33823955600019,-2060.0,-3700.0
100.0,50.0,0.0,2.0,2.0,1.0,1601.0,4.930006980430335e-07,1.500011421740055e-07,0.01615134500025306,0.012673309000092559,52.367070877000515,-2060.0,-3700.0
100.0,50.0,0.0,2.0,2.0,1.0,1602.0,4.5499837142415345e-07,1.6400008462369442e-07,0.016728424998291302,0.014227875999495154,52.39803431800101,-2060.0,-3700.0
100.0,50.0,0.0,2.0,2.0,1.0,1603.0,4.899993655271828e-07,1.5600016922689974e-07,0.016805631999886828,0.018576604998088442,52.433422989000974,-2060.0,-3700.0
100.0,50.0,0.0,2.0,2.0,1.0,1604.0,4.0600207285024226e-07,1.5299883671104908e-07,0.015279979001206812,0.015209552999294829,52.46391903499898,-2060.0,-3700.0
100.0,50.0,0.0,2.0,2.0,1.0,1605.0,3.6400160752236843e-07,1.6899866750463843e-07,0.015139285998884588,0.010123946001840523,52.48918879800112,-2060.0,-3700.0
100.0,50.0,0.0,2.0,2.0,1.0,1606.0,4.980029189027846e-07,1.5600016922689974e-07,0.015422090000356548,0.01550723000036669,52.520124857001065,-2060.0,-3700.0
100.0,50.0,0.0,2.0,2.0,1.0,1607.0,4.930006980430335e-07,1.450025592930615e-07,0.01636420700015151,0.01760212400040473,52.5540977769997,-2060.0,-3700.0
100.0,50.0,0.0,2.0,2.0,1.0,1608.0,4.880021151620895e-07,1.5100158634595573e-07,0.016245562001131475,0.015601310002239188,52.58595159200195,-2060.0,-3700.0
100.0,50.0,0.0,2.0,2.0,1.0,1609.0,4.6500281314365566e-07,1.590015017427504e-07,0.0170800159976352,0.012904131999675883,52.61594224000146,-2060.0,-3700.0
100.0,50.0,0.0,2.0,2.0,1.0,1610.0,4.219982656650245e-07,1.8199716578237712e-07,0.015373669997643447,0.013345977997232694,52.64466888199968,-2060.0,-3700.0
100.0,50.0,0.0,2.0,2.0,1.0,1611.0,5.219990271143615e-07,1.7999991541728377e-07,0.019297348000691272,0.015882570998655865,52.679855179001606,-2060.0,-3700.0
100.0,50.0,0.0,2.0,2.0,1.0,1612.0,4.5500200940296054e-07,1.500011421740055e-07,0.01758691299983184,0.01377886099726311,52.71122744999957,-2060.0,-3700.0
100.0,50.0,0.0,2.0,2.0,1.0,1613.0,4.7399953473359346e-07,1.3799945008940995e-07,0.019251435001933714,0.011972595999395708,52.74245848300052,-2060.0,-3700.0
100.0,50.0,0.0,2.0,2.0,1.0,1614.0,4.710018401965499e-07,1.5699697542004287e-07,0.016920304999075597,0.013822190998325823,52.773207704001834,-2060.0,-3700.0
100.0,50.0,0.0,2.0,2.0,1.0,1615.0,4.81002643937245e-07,1.309999788645655e-07,0.01878754800054594,0.010484439000720158,52.80248653500166,-2060.0,-3700.0
100.0,50.0,0.0,2.0,2.0,1.0,1616.0,4.540015652310103e-07,1.2999953469261527e-07,0.02362918800281477,0.011800743999629049,52.83792251699924,-2060.0,-3700.0
100.0,50.0,0.0,2.0,2.0,1.0,1617.0,2.8800059226341546e-07,1.5100158634595573e-07,0.018303695000213338,0.02077904899852001,52.877012404002016,-2060.0,-3700.0
100.0,50.0,0.0,2.0,2.0,1.0,1618.0,4.940011422149837e-07,1.629996404517442e-07,0.01732415900187334,0.010527216996706557,52.904871178001486,-2060.0,-3700.0
100.0,50.0,0.0,2.0,2.0,1.0,1619.0,5.459987733047456e-07,1.4699980965815485e-07,0.016885064000234706,0.01668108299782034,52.93844485899899,-2060.0,-3700.0
100.0,50.0,0.0,2.0,2.0,1.0,1620.0,5.200017767492682e-07,1.5299883671104908e-07,0.019822566999209812,0.011089668001659447,52.96936412600189,-2060.0,-3700.0
100.0,50.0,0.0,2.0,2.0,1.0,1621.0,4.869980330113322e-07,1.6600097296759486e-07,0.018606706002174178,0.016136833997734357,53.004114192001,-2060.0,-3700.0
100.0,50.0,0.0,2.0,2.0,1.0,1622.0,4.819994501303881e-07,1.8400169210508466e-07,0.018243714999698568,0.012448429999494692,53.03481340399958,-2060.0,-3700.0
100.0,50.0,0.0,2.0,2.0,1.0,1623.0,7.429989636875689e-07,1.7000274965539575e-07,0.01801830200201948,0.01655877099983627,53.06939785600116,-2060.0,-3700.0
100.0,50.0,0.0,2.0,2.0,1.0,1624.0,5.060028342995793e-07,1.6999911167658865e-07,0.017660360001173103,0.01595083700158284,53.103016094999475,-2060.0,-3700.0
100.0,50.0,0.0,2.0,2.0,1.0,1625.0,4.840003384742886e-07,1.5499972505494952e-07,0.01661900899853208,0.012018277997412952,53.13165998900149,-2060.0,-3700.0
100.0,50.0,0.0,2.0,2.0,1.0,1626.0,3.940003807656467e-07,1.5300247468985617e-07,0.020711012999527156,0.019558869000320556,53.17193627799861,-2060.0,-3700.0
100.0,50.0,0.0,2.0,2.0,1.0,1627.0,3.089990059379488e-07,1.360021997243166e-07,0.01616696700148168,0.015728277998277918,53.20383758200114,-2060.0,-3700.0
100.0,50.0,0.0,2.0,2.0,1.0,1628.0,4.749999789055437e-07,1.5299883671104908e-07,0.018296058999112574,0.012357352999970317,53.23449766599879,-2060.0,-3700.0
100.0,50.0,0.0,2.0,2.0,1.0,1629.0,7.279995770659298e-07,1.5999830793589354e-07,0.01711332500053686,0.01687437699729344,53.26849231799861,-2060.0,-3700.0
100.0,50.0,0.0,2.0,2.0,1.0,1630.0,4.6800050768069923e-07,1.5500336303375661e-07,0.021724067999457475,0.011952756998653058,53.30217614900175,-2060.0,-3700.0
100.0,50.0,0.0,2.0,2.0,1.0,1631.0,3.670029400382191e-07,1.6400008462369442e-07,0.017153458000393584,0.013644358001329238,53.33298064900009,-2060.0,-3700.0
100.0,50.0,0.0,2.0,2.0,1.0,1632.0,4.889989213552326e-07,1.6600097296759486e-07,0.01646161400276469,0.017965781000384595,53.36741502099903,-2060.0,-3700.0
100.0,50.0,0.0,2.0,2.0,1.0,1633.0,5.069996404927224e-07,1.7400088836438954e-07,0.017403103000106057,0.01869526600057725,53.40351990899944,-2060.0,-3700.0
100.0,50.0,0.0,2.0,2.0,1.0,1634.0,3.9099904824979603e-07,1.3500175555236638e-07,0.019150226999045117,0.014732704999914858,53.43740930200147,-2060.0,-3700.0
100.0,50.0,0.0,2.0,2.0,1.0,1635.0,4.260000423528254e-07,1.629996404517442e-07,0.01626925399978063,0.018228521999844816,53.47191366699917,-2060.0,-3700.0
100.0,50.0,0.0,2.0,2.0,1.0,1636.0,3.579989424906671e-07,1.500011421740055e-07,0.016797175001556752,0.019214905001717852,53.507932374999655,-2060.0,-3700.0
100.0,50.0,0.0,2.0,2.0,1.0,1637.0,4.57002897746861e-07,1.3799945008940995e-07,0.01942434900047374,0.013597395998658612,53.540960866001114,-2060.0,-3700.0
100.0,50.0,0.0,2.0,2.0,1.0,1638.0,4.929970600642264e-07,1.4399847714230418e-07,0.01796425200154772,0.0171309539982758,53.5760627439995,-2060.0,-3700.0
100.0,50.0,0.0,2.0,2.0,1.0,1639.0,4.779976734425873e-07,1.3899989426136017e-07,0.019917063000320923,0.0161146930004179,53.612100631999056,-2060.0,-3700.0
100.0,50.0,0.0,2.0,2.0,1.0,1640.0,7.470007403753698e-07,1.4199758879840374e-07,0.017397528001311002,0.012049600001773797,53.64155435700013,-2060.0,-3700.0
100.0,50.0,0.0,2.0,2.0,1.0,1641.0,5.149995558895171e-07,1.539992808829993e-07,0.018244978000439005,0.013680727999599185,53.67348724399926,-2060.0,-3700.0
100.0,50.0,0.0,2.0,2.0,1.0,1642.0,4.300018190406263e-07,1.6199919627979398e-07,0.018742159998510033,0.01674233800076763,53.70897852900089,-2060.0,-3700.0
100.0,50.0,0.0,2.0,2.0,1.0,1643.0,4.6900095185264945e-07,1.4800025383010507e-07,0.02038503999938257,0.012472177000745432,53.741842413000995,-2060.0,-3700.0
100.0,50.0,0.0,2.0,2.0,1.0,1644.0,4.799985617864877e-07,1.5800105757080019e-07,0.019318195998494048,0.016160671999386977,53.777328490999935,-2060.0,-3700.0
100.0,50.0,0.0,2.0,2.0,1.0,1645.0,4.489993443712592e-07,1.3499811757355928e-07,0.019376075000764104,0.01837783599694376,53.81508899899927,-2060.0,-3700.0
100.0,50.0,0.0,2.0,2.0,1.0,1646.0,3.6399796954356134e-07,1.4599936548620462e-07,0.018964483999297954,0.014373840000189375,53.84843364799963,-2060.0,-3700.0
100.0,50.0,0.0,2.0,2.0,1.0,1647.0,4.989997250959277e-07,1.6199919627979398e-07,0.016566712001804262,0.015566707003017655,53.880574139999226,-2060.0,-3700.0
100.0,50.0,0.0,2.0,2.0,1.0,1648.0,3.62000719178468e-07,1.5499972505494952e-07,0.018873537999752443,0.01722306399824447,53.916677048000565,-2060.0,-3700.0
100.0,50.0,0.0,2.0,2.0,1.0,1649.0,4.569992597680539e-07,1.5200203051790595e-07,0.017738085000019055,0.01741177400253946,53.95183317700139,-2060.0,-3700.0
100.0,50.0,0.0,2.0,2.0,1.0,1650.0,4.489993443712592e-07,1.4400211512111127e-07,0.016905467000469798,0.01432117700096569,53.98306722399866,-2060.0,-3700.0
100.0,50.0,0.0,2.0,2.0,1.0,1651.0,6.110021786298603e-07,2.5500048650428653e-07,0.01738699099951191,0.011082854001870146,54.01154602400129,-2060.0,-3700.0
100.0,50.0,0.0,2.0,2.0,1.0,1652.0,3.6900019040331244e-07,1.5199839253909886e-07,0.016210922000027495,0.011761877998651471,54.03952571300033,-2060.0,-3700.0
100.0,50.0,0.0,2.0,2.0,1.0,1653.0,4.749999789055437e-07,1.7999991541728377e-07,0.016165985998668475,0.014435206998314243,54.070133809000254,-2060.0,-3700.0
100.0,50.0,0.0,2.0,2.0,1.0,1654.0,4.6900095185264945e-07,1.7300044419243932e-07,0.019051724000746617,0.018186723998951493,54.107379149001645,-2060.0,-3700.0
100.0,50.0,0.0,2.0,2.0,1.0,1655.0,4.609973984770477e-07,1.500011421740055e-07,0.018311591000383487,0.014159221002046252,54.139856518999295,-2060.0,-3700.0
100.0,50.0,0.0,2.0,2.0,1.0,1656.0,5.029978638049215e-07,1.539992808829993e-07,0.016733214997657342,0.01714499999798136,54.17374168300012,-2060.0,-3700.0
100.0,50.0,0.0,2.0,2.0,1.0,1657.0,4.630019247997552e-07,1.360021997243166e-07,0.02016222000020207,0.010913819998677354,54.20482445599919,-2060.0,-3700.0
100.0,50.0,0.0,2.0,2.0,1.0,1658.0,4.969988367520273e-07,1.6899866750463843e-07,0.019592868000472663,0.01564830300048925,54.24007242100197,-2060.0,-3700.0
100.0,50.0,0.0,2.0,2.0,1.0,1659.0,3.9199949242174625e-07,1.539992808829993e-07,0.017870126001071185,0.015125709000130882,54.2730749830007,-2060.0,-3700.0
100.0,50.0,0.0,2.0,2.0,1.0,1660.0,4.760004230774939e-07,1.5800105757080019e-07,0.01754757900198456,0.012935358001413988,54.303564136000205,-2060.0,-3700.0
100.0,50.0,0.0,2.0,2.0,1.0,1661.0,4.389985406305641e-07,1.539992808829993e-07,0.018628442998306127,0.0172363290002977,54.33943540399923,-2060.0,-3700.0
100.0,50.0,0.0,2.0,2.0,1.0,1662.0,5.149995558895171e-07,1.7600177670828998e-07,0.01744487199903233,0.011340589997416828,54.36822786300036,-2060.0,-3700.0
100.0,50.0,0.0,2.0,2.0,1.0,1663.0,5.119982233736664e-07,1.5099794836714864e-07,0.017770195998309646,0.012704673998086946,54.39871012400181,-2060.0,-3700.0
100.0,50.0,0.0,2.0,2.0,1.0,1664.0,4.940011422149837e-07,1.7099955584853888e-07,0.01869488900047145,0.018384958999376977,54.4357969240009,-2060.0,-3700.0
100.0,50.0,0.0,2.0,2.0,1.0,1665.0,5.029978638049215e-07,1.4800025383010507e-07,0.01834150399736245,0.01347886700023082,54.46762399900035,-2060.0,-3700.0
100.0,50.0,0.0,2.0,2.0,1.0,1666.0,5.149995558895171e-07,1.5800105757080019e-07,0.019443522000074154,0.01508950800052844,54.50216348599861,-2060.0,-3700.0
100.0,50.0,0.0,2.0,2.0,1.0,1667.0,4.47998900199309e-07,1.4599936548620462e-07,0.01764693099903525,0.016043226001784205,54.535860192001564,-2060.0,-3700.0
100.0,50.0,0.0,2.0,2.0,1.0,1668.0,5.399997462518513e-07,1.6700141713954508e-07,0.01778677800029982,0.01609938600086025,54.569754151998495,-2060.0,-3700.0
100.0,50.0,0.0,2.0,2.0,1.0,1669.0,5.170004442334175e-07,1.5800105757080019e-07,0.016609805999905802,0.013372485998843331,54.59974318600143,-2060.0,-3700.0
100.0,50.0,0.0,2.0,2.0,1.0,1670.0,3.910026862286031e-07,1.5999830793589354e-07,0.01613698000073782,0.01609516800090205,54.63198212499992,-2060.0,-3700.0
100.0,50.0,0.0,2.0,2.0,1.0,1671.0,4.840003384742886e-07,1.5700061339884996e-07,0.017541135999636026,0.016265514997940045,54.66579545100103,-2060.0,-3700.0
100.0,50.0,0.0,2.0,2.0,1.0,1672.0,4.950015863869339e-07,1.5499972505494952e-07,0.016906279997783713,0.013191608999477467,54.69590020200121,-2060.0,-3700.0
100.0,50.0,0.0,2.0,2.0,1.0,1673.0,4.629982868209481e-07,1.4599936548620462e-07,0.01709056999970926,0.01417902100001811,54.727176234999206,-2060.0,-3700.0
100.0,50.0,0.0,2.0,2.0,1.0,1674.0,3.8800135371275246e-07,1.8799983081407845e-07,0.017694840997137362,0.016437751000921708,54.761315766001644,-2060.0,-3700.0
100.0,50.0,0.0,2.0,2.0,1.0,1675.0,4.569992597680539e-07,1.4799661585129797e-07,0.018337724002776667,0.015984400997695047,54.79564408599981,-2060.0,-3700.0
100.0,50.0,0.0,2.0,2.0,1.0,1676.0,3.9599763113074005e-07,1.590015017427504e-07,0.022754906000045594,0.015720567000244046,54.83412607699938,-2060.0,-3700.0
100.0,50.0,0.0,2.0,2.0,1.0,1677.0,4.4099942897446454e-07,1.6999911167658865e-07,0.01809892600067542,0.01778484600072261,54.87001641900133,-2060.0,-3700.0
100.0,50.0,0.0,2.0,2.0,1.0,1678.0,4.960020305588841e-07,1.500011421740055e-07,0.019256845000199974,0.012952290999237448,54.90223245499874,-2060.0,-3700.0
100.0,50.0,0.0,2.0,2.0,1.0,1679.0,5.109977792017162e-07,1.629996404517442e-07,0.017467208999732975,0.015952346002450213,54.935658490001515,-2060.0,-3700.0
100.0,50.0,0.0,2.0,2.0,1.0,1680.0,4.629982868209481e-07,1.4299803297035396e-07,0.018077046999678714,0.012222565001138719,54.96596513300028,-2060.0,-3700.0
100.0,50.0,0.0,2.0,2.0,1.0,1681.0,4.950015863869339e-07,1.4400211512111127e-07,0.019819692999590188,0.015335961001255782,55.00112714200077,-2060.0,-3700.0
100.0,50.0,0.0,2.0,2.0,1.0,1682.0,4.90999809699133e-07,1.7799902707338333e-07,0.018476949000614695,0.020713321999210166,55.040323946999706,-2060.0,-3700.0
100.0,50.0,0.0,2.0,2.0,1.0,1683.0,4.530011210590601e-07,1.3799945008940995e-07,0.017594377997738775,0.01129609000054188,55.06922108700019,-2060.0,-3700.0
100.0,50.0,0.0,2.0,2.0,1.0,1684.0,4.940011422149837e-07,1.5199839253909886e-07,0.015558999999484513,0.01699797400215175,55.101784441001655,-2060.0,-3700.0
100.0,50.0,0.0,2.0,2.0,1.0,1685.0,4.539979272522032e-07,1.410007826052606e-07,0.019666095002321526,0.019404184000450186,55.14086100200075,-2060.0,-3700.0
100.0,50.0,0.0,2.0,2.0,1.0,1686.0,4.629982868209481e-07,1.6899866750463843e-07,0.01608898999984376,0.014479214998573298,55.17143602500073,-2060.0,-3700.0
100.0,50.0,0.0,2.0,2.0,1.0,1687.0,3.9099904824979603e-07,1.2999953469261527e-07,0.02057858300031512,0.013607397002488142,55.20562830700146,-2060.0,-3700.0
100.0,50.0,0.0,2.0,2.0,1.0,1688.0,4.940011422149837e-07,1.7899947124533355e-07,0.019057577999774367,0.01199765099954675,55.23669182099911,-2060.0,-3700.0
100.0,50.0,0.0,2.0,2.0,1.0,1689.0,4.95998392580077e-07,2.2400126908905804e-07,0.020585046000633156,0.01788120199853438,55.275166703999275,-2060.0,-3700.0
100.0,50.0,0.0,2.0,2.0,1.0,1690.0,3.839995770249516e-07,1.5499972505494952e-07,0.017687016999843763,0.012537479000457097,55.30539809300171,-2060.0,-3700.0
100.0,50.0,0.0,2.0,2.0,1.0,1691.0,3.839995770249516e-07,1.7300044419243932e-07,0.017762329000106547,0.0175749949994497,55.34074189799867,-2060.0,-3700.0
100.0,50.0,0.0,2.0,2.0,1.0,1692.0,4.0099985199049115e-07,1.3799945008940995e-07,0.018398060998151777,0.012724553002044559,55.37187078200077,-2060.0,-3700.0
100.0,50.0,0.0,2.0,2.0,1.0,1693.0,4.780013114213943e-07,1.4800025383010507e-07,0.017896101999212988,0.011370779000571929,55.40114382300089,-2060.0,-3700.0
100.0,50.0,0.0,2.0,2.0,1.0,1694.0,6.689988367725164e-07,1.7499769455753267e-07,0.018146336999052437,0.017480600999988383,55.4367775110004,-2060.0,-3700.0
100.0,50.0,0.0,2.0,2.0,1.0,1695.0,4.480025381781161e-07,1.5099794836714864e-07,0.018225601001176983,0.013920842997322325,55.46893008999905,-2060.0,-3700.0
100.0,50.0,0.0,2.0,2.0,1.0,1696.0,4.0500162867829204e-07,1.6000194591470063e-07,0.016191570997762028,0.015088088002812583,55.500216241998714,-2060.0,-3700.0
100.0,50.0,0.0,2.0,2.0,1.0,1697.0,4.4599801185540855e-07,1.3300086720846593e-07,0.018705326998315286,0.013052720001724083,55.5319806309999,-2060.0,-3700.0
100.0,50.0,0.0,2.0,2.0,1.0,1698.0,4.86001226818189e-07,1.5200203051790595e-07,0.017506347001472022,0.01768925299984403,55.567183352999564,-2060.0,-3700.0
100.0,50.0,0.0,2.0,2.0,1.0,1699.0,4.2300234781578183e-07,1.3300086720846593e-07,0.014801118999457685,0.012689990002400009,55.5946811649992,-2060.0,-3700.0
100.0,50.0,0.0,2.0,2.0,1.0,1700.0,5.210022209212184e-07,1.539992808829993e-07,0.01694678200146882,0.016083443002571585,55.627717966999626,-2060.0,-3700.0
100.0,50.0,0.0,2.0,2.0,1.0,1701.0,4.270004865247756e-07,1.3800308806821704e-07,0.017707225000776816,0.013008965997869382,55.658440833001805,-2060.0,-3700.0
100.0,50.0,0.0,2.0,2.0,1.0,1702.0,3.62000719178468e-07,1.6100239008665085e-07,0.016409436000685673,0.015708957998867845,55.69056606099912,-2060.0,-3700.0
100.0,50.0,0.0,2.0,2.0,1.0,1703.0,4.5900014811195433e-07,1.2999953469261527e-07,0.02044494299843791,0.012654094000026817,55.723671686999296,-2060.0,-3700.0
100.0,50.0,0.0,2.0,2.0,1.0,1704.0,4.3799809645861387e-07,1.6099875210784376e-07,0.016466225999465678,0.014241107000998454,55.754385757998534,-2060.0,-3700.0
100.0,50.0,0.0,2.0,2.0,1.0,1705.0,5.369984137360007e-07,1.5999830793589354e-07,0.01964556600069045,0.01768021099996986,55.791718467000464,-2060.0,-3700.0
100.0,50.0,0.0,2.0,2.0,1.0,1706.0,4.7299909056164324e-07,1.4200122677721083e-07,0.02038461100164568,0.016623969000647776,55.82873404199927,-2060.0,-3700.0
100.0,50.0,0.0,2.0,2.0,1.0,1707.0,4.440007614903152e-07,1.4800025383010507e-07,0.019171298001310788,0.015766928998345975,55.863678918001824,-2060.0,-3700.0
100.0,50.0,0.0,2.0,2.0,1.0,1708.0,4.95998392580077e-07,1.7300044419243932e-07,0.016529438998986734,0.013935224000306334,55.894150770000124,-2060.0,-3700.0
100.0,50.0,0.0,2.0,2.0,1.0,1709.0,5.990004865452647e-07,2.3300162865780294e-07,0.016775616000813898,0.013275943998451112,55.924210971999855,-2060.0,-3700.0
100.0,50.0,0.0,2.0,2.0,1.0,1710.0,5.080000846646726e-07,1.629996404517442e-07,0.017961438999918755,0.014577595000446308,55.956756455001596,-2060.0,-3700.0
100.0,50.0,0.0,2.0,2.0,1.0,1711.0,4.519970389083028e-07,1.6199919627979398e-07,0.01575016899732873,0.014875460001348983,55.98738894300186,-2060.0,-3700.0
100.0,50.0,0.0,2.0,2.0,1.0,1712.0,5.23999915458262e-07,1.6400008462369442e-07,0.016576893998717424,0.017179908998514293,56.02115278099882,-2060.0,-3700.0
100.0,50.0,0.0,2.0,2.0,1.0,1713.0,4.62001480627805e-07,1.320004230365157e-07,0.019718576997547643,0.009304579998570262,56.05018281700177,-2060.0,-3700.0
100.0,50.0,0.0,2.0,2.0,1.0,1714.0,4.90999809699133e-07,1.769985829014331e-07,0.017874723998829722,0.014429728998948121,56.08249451300071,-2060.0,-3700.0
100.0,50.0,0.0,2.0,2.0,1.0,1715.0,5.000001692678779e-07,1.5600016922689974e-07,0.018468809001205955,0.016307138997945003,56.11727737199908,-2060.0,-3700.0
100.0,50.0,0.0,2.0,2.0,1.0,1716.0,4.989997250959277e-07,1.5600016922689974e-07,0.01754111899936106,0.014075057999434648,56.14890045300126,-2060.0,-3700.0
100.0,50.0,0.0,2.0,2.0,1.0,1717.0,4.890025593340397e-07,1.6000194591470063e-07,0.017685800998151535,0.01591668400214985,56.182509876998665,-2060.0,-3700.0
100.0,50.0,0.0,2.0,2.0,1.0,1718.0,3.679997462313622e-07,1.320004230365157e-07,0.01886601200021687,0.014792527003010036,56.21617501799847,-2060.0,-3700.0
100.0,50.0,0.0,2.0,2.0,1.0,1719.0,5.090005288366228e-07,1.679982233326882e-07,0.017269669002416776,0.016255787999398308,56.24970741500147,-2060.0,-3700.0
100.0,50.0,0.0,2.0,2.0,1.0,1720.0,5.029978638049215e-07,1.5999830793589354e-07,0.017682026002148632,0.015655650000553578,56.28305207900121,-2060.0,-3700.0
100.0,50.0,0.0,2.0,2.0,1.0,1721.0,4.28997736889869e-07,1.6700141713954508e-07,0.018052170998998918,0.014543646000674926,56.31565439800033,-2060.0,-3700.0
100.0,50.0,0.0,2.0,2.0,1.0,1722.0,4.520006768871099e-07,1.400003384333104e-07,0.022706084997480502,0.012486812996939989,56.350853971001925,-2060.0,-3700.0
100.0,50.0,0.0,2.0,2.0,1.0,1723.0,3.2900061341933906e-07,1.3800308806821704e-07,0.017698308001854457,0.012592888000654057,56.381151703000796,-2060.0,-3700.0
100.0,50.0,0.0,2.0,2.0,1.0,1724.0,5.309993866831064e-07,1.590015017427504e-07,0.017338356999971438,0.014920363999408437,56.41341734999878,-2060.0,-3700.0
100.0,50.0,0.0,2.0,2.0,1.0,1725.0,4.4199987314641476e-07,1.769985829014331e-07,0.01778579500023625,0.014266073998442153,56.44547538999905,-2060.0,-3700.0
100.0,50.0,0.0,2.0,2.0,1.0,1726.0,3.440000000409782e-07,1.6400008462369442e-07,0.01930118300151662,0.015660507000575308,56.48044348999974,-2060.0,-3700.0
100.0,50.0,0.0,2.0,2.0,1.0,1727.0,4.940011422149837e-07,1.489970600232482e-07,0.01726866299941321,0.017577708000317216,56.51529671900062,-2060.0,-3700.0
100.0,50.0,0.0,2.0,2.0,1.0,1728.0,3.7299832911230624e-07,1.5800105757080019e-07,0.016054005001933547,0.012722356997983297,56.54407952700058,-2060.0,-3700.0
100.0,50.0,0.0,2.0,2.0,1.0,1729.0,4.309986252337694e-07,1.4800025383010507e-07,0.016745671000535367,0.014511024000967154,56.575342939999246,-2060.0,-3700.0
100.0,50.0,0.0,2.0,2.0,1.0,1730.0,5.069996404927224e-07,1.6199919627979398e-07,0.018446844998834422,0.011509932002809364,56.60530783300055,-2060.0,-3700.0
100.0,50.0,0.0,2.0,2.0,1.0,1731.0,4.90999809699133e-07,1.540029188618064e-07,0.016408703002525726,0.015903830997558543,56.63762733000112,-2060.0,-3700.0
100.0,50.0,0.0,2.0,2.0,1.0,1732.0,3.6600249586626887e-07,1.5299883671104908e-07,0.017125725997175323,0.010896412000874989,56.66565600600006,-2060.0,-3700.0
100.0,50.0,0.0,2.0,2.0,1.0,1733.0,4.899993655271828e-07,1.5700061339884996e-07,0.01615109799968195,0.013590908998594387,56.69540466000035,-2060.0,-3700.0
100.0,50.0,0.0,2.0,2.0,1.0,1734.0,3.62000719178468e-07,1.540029188618064e-07,0.01806149100229959,0.013402057000348577,56.72687469599987,-2060.0,-3700.0
100.0,50.0,0.0,2.0,2.0,1.0,1735.0,3.410023055039346e-07,1.4399847714230418e-07,0.018291718999535078,0.01599833900036174,56.76117099399926,-2060.0,-3700.0
100.0,50.0,0.0,2.0,2.0,1.0,1736.0,5.080000846646726e-07,1.5499972505494952e-07,0.015503198999795131,0.01586699499966926,56.79254787299942,-2060.0,-3700.0
100.0,50.0,0.0,2.0,2.0,1.0,1737.0,4.889989213552326e-07,1.6200283425860107e-07,0.017230396002560155,0.014772172002267325,56.824558207001246,-2060.0,-3700.0
100.0,50.0,0.0,2.0,2.0,1.0,1738.0,5.170004442334175e-07,2.0199877326376736e-07,0.018164000000979286,0.01077142900248873,56.853502092999406,-2060.0,-3700.0
100.0,50.0,0.0,2.0,2.0,1.0,1739.0,4.879984771832824e-07,1.5800105757080019e-07,0.01596595700175385,0.012609499000973301,56.88208464700074,-2060.0,-3700.0
100.0,50.0,0.0,2.0,2.0,1.0,1740.0,4.939975042361766e-07,1.5199839253909886e-07,0.018493898001906928,0.021420880999357905,56.92200643999968,-2060.0,-3700.0
100.0,50.0,0.0,2.0,2.0,1.0,1741.0,4.709982022177428e-07,1.309999788645655e-07,0.021831815000041388,0.010311739999451675,56.954156556999806,-2060.0,-3700.0
100.0,50.0,0.0,2.0,2.0,1.0,1742.0,3.230015863664448e-07,1.5999830793589354e-07,0.016311567997036036,0.0161033980002685,56.986578135001764,-2060.0,-3700.0
100.0,50.0,0.0,2.0,2.0,1.0,1743.0,6.230002327356488e-07,1.4299803297035396e-07,0.017624043000978418,0.0159844370027713,57.02019308400122,-2060.0,-3700.0
100.0,50.0,0.0,2.0,2.0,1.0,1744.0,3.8700090954080224e-07,1.4399847714230418e-07,0.018397118998109363,0.013169704001484206,57.051766149001196,-2060.0,-3700.0
100.0,50.0,0.0,2.0,2.0,1.0,1745.0,6.359987310133874e-07,1.7099955584853888e-07,0.01728592099971138,0.015453293999598827,57.08451156999945,-2060.0,-3700.0
100.0,50.0,0.0,2.0,2.0,1.0,1746.0,4.5100023271515965e-07,1.5800105757080019e-07,0.016092547000880586,0.019598869999754243,57.120209838001756,-2060.0,-3700.0
100.0,50.0,0.0,2.0,2.0,1.0,1747.0,4.869980330113322e-07,1.4399847714230418e-07,0.02043933300228673,0.01589162500022212,57.15656092499921,-2060.0,-3700.0
100.0,50.0,0.0,2.0,2.0,1.0,1748.0,6.949994713068008e-07,1.6499689081683755e-07,0.01671706900015124,0.011000046997651225,57.184284858001774,-2060.0,-3700.0
100.0,50.0,0.0,2.0,2.0,1.0,1749.0,5.170004442334175e-07,1.500011421740055e-07,0.01810982000097283,0.01623408000159543,57.21863580400168,-2060.0,-3700.0
100.0,50.0,0.0,2.0,2.0,1.0,1750.0,3.929999365936965e-07,1.5699697542004287e-07,0.01652244200158748,0.012203108999528922,57.247368317999644,-2060.0,-3700.0
100.0,50.0,0.0,2.0,2.0,1.0,1751.0,3.7299832911230624e-07,1.5700061339884996e-07,0.01663852400088217,0.014027758999873186,57.278041147001204,-2060.0,-3700.0
100.0,50.0,0.0,2.0,2.0,1.0,1752.0,5.23999915458262e-07,1.5600016922689974e-07,0.0171364599991648,0.014687619001051644,57.3098721560018,-2060.0,-3700.0
100.0,50.0,0.0,2.0,2.0,1.0,1753.0,5.09997335029766e-07,1.5700061339884996e-07,0.016674828999384772,0.019287913000880508,57.34584116300175,-2060.0,-3700.0
100.0,50.0,0.0,2.0,2.0,1.0,1754.0,3.410023055039346e-07,1.410007826052606e-07,0.01623451500199735,0.01271174700013944,57.37479403399993,-2060.0,-3700.0
100.0,50.0,0.0,2.0,2.0,1.0,1755.0,4.880021151620895e-07,1.5499972505494952e-07,0.016436997000710107,0.014860248000331922,57.406097856001,-2060.0,-3700.0
100.0,50.0,0.0,2.0,2.0,1.0,1756.0,2.950000634882599e-07,1.3799945008940995e-07,0.02297513699886622,0.01789169399853563,57.44697112400172,-2060.0,-3700.0
100.0,50.0,0.0,2.0,2.0,1.0,1757.0,3.440000000409782e-07,1.400003384333104e-07,0.017738413000188302,0.01577364100012346,57.480489762001525,-2060.0,-3700.0
100.0,50.0,0.0,2.0,2.0,1.0,1758.0,5.119982233736664e-07,1.4799661585129797e-07,0.017240870001842268,0.011825596000562655,57.50956328900065,-2060.0,-3700.0
100.0,50.0,0.0,2.0,2.0,1.0,1759.0,4.859975888393819e-07,1.5700061339884996e-07,0.016452020998258376,0.01635443200211739,57.542376444002,-2060.0,-3700.0
100.0,50.0,0.0,2.0,2.0,1.0,1760.0,4.67000063508749e-07,1.3300086720846593e-07,0.017923401999723865,0.01584914100021706,57.57615574800002,-2060.0,-3700.0
100.0,50.0,0.0,2.0,2.0,1.0,1761.0,3.210006980225444e-07,1.6599733498878777e-07,0.015730405997601338,0.01596497400169028,57.60785749700153,-2060.0,-3700.0
100.0,50.0,0.0,2.0,2.0,1.0,1762.0,4.569992597680539e-07,1.6400008462369442e-07,0.017603558000701014,0.01427144099943689,57.63973949499996,-2060.0,-3700.0
100.0,50.0,0.0,2.0,2.0,1.0,1763.0,5.19001332577318e-07,1.6199919627979398e-07,0.01656393300072523,0.01567252300083055,57.67198264599938,-2060.0,-3700.0
100.0,50.0,0.0,2.0,2.0,1.0,1764.0,7.890012057032436e-07,1.489970600232482e-07,0.019073051000304986,0.01864727599968319,57.70970958700127,-2060.0,-3700.0
100.0,50.0,0.0,2.0,2.0,1.0,1765.0,4.3199906940571964e-07,1.6000194591470063e-07,0.018341703002079157,0.014713221000420162,57.7427710890006,-2060.0,-3700.0
100.0,50.0,0.0,2.0,2.0,1.0,1766.0,4.90999809699133e-07,1.539992808829993e-07,0.01679798899931484,0.014379970001755282,57.77395586200146,-2060.0,-3700.0
100.0,50.0,0.0,2.0,2.0,1.0,1767.0,4.5600245357491076e-07,1.449989213142544e-07,0.017709684001602,0.018993580997630488,57.810665692999464,-2060.0,-3700.0
100.0,50.0,0.0,2.0,2.0,1.0,1768.0,3.159984771627933e-07,1.3699900591745973e-07,0.02258871999947587,0.012912946000142256,57.846173303001706,-2060.0,-3700.0
100.0,50.0,0.0,2.0,2.0,1.0,1769.0,2.999986463692039e-07,1.4400211512111127e-07,0.01951152000037837,0.014375776001543272,57.88006755999959,-2060.0,-3700.0
100.0,50.0,0.0,2.0,2.0,1.0,1770.0,3.220011421944946e-07,1.5100158634595573e-07,0.0230548470026406,0.01171601099849795,57.914846307001426,-2060.0,-3700.0
100.0,50.0,0.0,2.0,2.0,1.0,1771.0,5.090005288366228e-07,1.5600016922689974e-07,0.01802335899992613,0.012894565999886254,57.945771095000964,-2060.0,-3700.0
100.0,50.0,0.0,2.0,2.0,1.0,1772.0,4.4999978854320943e-07,1.4800025383010507e-07,0.01725571900169598,0.011453920000349171,57.974487366001995,-2060.0,-3700.0
100.0,50.0,0.0,2.0,2.0,1.0,1773.0,4.960020305588841e-07,1.5999830793589354e-07,0.016582586998993065,0.009829882001213264,58.00090633600121,-2060.0,-3700.0
100.0,50.0,0.0,2.0,2.0,1.0,1774.0,4.6499917516484857e-07,1.590015017427504e-07,0.016579682000156026,0.014573898999515222,58.03206664100071,-2060.0,-3700.0
100.0,50.0,0.0,2.0,2.0,1.0,1775.0,3.940003807656467e-07,1.679982233326882e-07,0.016069710000010673,0.017368435001117177,58.06551154399858,-2060.0,-3700.0
100.0,50.0,0.0,2.0,2.0,1.0,1776.0,3.6499841371551156e-07,1.4599936548620462e-07,0.017118971998570487,0.011285085998679278,58.093922457999724,-2060.0,-3700.0
100.0,50.0,0.0,2.0,2.0,1.0,1777.0,3.670029400382191e-07,1.4399847714230418e-07,0.017515270003059413,0.01250219199937419,58.12394639899867,-2060.0,-3700.0
100.0,50.0,0.0,2.0,2.0,1.0,1778.0,4.7399953473359346e-07,1.500011421740055e-07,0.018765865002933424,0.015355949999502627,58.15807471500011,-2060.0,-3700.0
100.0,50.0,0.0,2.0,2.0,1.0,1779.0,3.210006980225444e-07,1.5199839253909886e-07,0.01816714199958369,0.013257439000881277,58.18950579800003,-2060.0,-3700.0
100.0,50.0,0.0,2.0,2.0,1.0,1780.0,5.149995558895171e-07,1.629996404517442e-07,0.01785529400149244,0.016377689000364626,58.223745389001124,-2060.0,-3700.0
100.0,50.0,0.0,2.0,2.0,1.0,1781.0,4.969988367520273e-07,1.539992808829993e-07,0.018312395000975812,0.01279634700040333,58.25486113399893,-2060.0,-3700.0
100.0,50.0,0.0,2.0,2.0,1.0,1782.0,4.1000021155923605e-07,1.6199919627979398e-07,0.01631118299701484,0.010052425001049414,58.281231116001436,-2060.0,-3700.0
100.0,50.0,0.0,2.0,2.0,1.0,1783.0,3.7800054997205734e-07,1.680018613114953e-07,0.01765477700246265,0.015976894999766955,58.314870180998696,-2060.0,-3700.0
100.0,50.0,0.0,2.0,2.0,1.0,1784.0,3.5599805414676666e-07,1.590015017427504e-07,0.020679670000390615,0.015724349999800324,58.35128088700003,-2060.0,-3700.0
100.0,50.0,0.0,2.0,2.0,1.0,1785.0,4.450012056622654e-07,1.500011421740055e-07,0.02095236199966166,0.01499657699969248,58.38723607900101,-2060.0,-3700.0
100.0,50.0,0.0,2.0,2.0,1.0,1786.0,3.890017978847027e-07,1.679982233326882e-07,0.019239486999140354,0.016071034002379747,58.42255328900137,-2060.0,-3700.0
100.0,50.0,0.0,2.0,2.0,1.0,1787.0,4.6000059228390455e-07,1.490006980020553e-07,0.01757923200057121,0.014196216998243472,58.45433517199854,-2060.0,-3700.0
100.0,50.0,0.0,2.0,2.0,1.0,1788.0,3.339991963002831e-07,1.5800105757080019e-07,0.015522233999945456,0.012004281998088118,58.481868282000505,-2060.0,-3700.0
100.0,50.0,0.0,2.0,2.0,1.0,1789.0,4.7299909056164324e-07,1.270018401555717e-07,0.019691116001922637,0.012973144999705255,58.51453897100146,-2060.0,-3700.0
100.0,50.0,0.0,2.0,2.0,1.0,1790.0,4.71998646389693e-07,1.5899786376394331e-07,0.015958808002324076,0.013553816999774426,58.544058405001124,-2060.0,-3700.0
100.0,50.0,0.0,2.0,2.0,1.0,1791.0,3.400018613319844e-07,1.4599936548620462e-07,0.016407290000643115,0.016613423998933285,58.577085177999834,-2060.0,-3700.0
100.0,50.0,0.0,2.0,2.0,1.0,1792.0,4.6100103645585477e-07,1.4800025383010507e-07,0.02072034299999359,0.011434375002863817,58.60924691599939,-2060.0,-3700.0
100.0,50.0,0.0,2.0,2.0,1.0,1793.0,5.680012691300362e-07,2.0899824448861182e-07,0.018256886000017403,0.011485728002298856,58.638997557998664,-2060.0,-3700.0
100.0,50.0,0.0,2.0,2.0,1.0,1794.0,4.850007826462388e-07,1.500011421740055e-07,0.016540589000214823,0.01560018899908755,58.67114429000139,-2060.0,-3700.0
100.0,50.0,0.0,2.0,2.0,1.0,1795.0,3.989989636465907e-07,1.5299883671104908e-07,0.016246191000391264,0.013186766998842359,58.700583833000564,-2060.0,-3700.0
100.0,50.0,0.0,2.0,2.0,1.0,1796.0,5.009969754610211e-07,1.5700061339884996e-07,0.0180320319996099,0.017921197999385186,58.736544112001866,-2060.0,-3700.0
100.0,50.0,0.0,2.0,2.0,1.0,1797.0,4.540015652310103e-07,1.4400211512111127e-07,0.017933188999450067,0.01244151100036106,58.76692547800121,-2060.0,-3700.0
100.0,50.0,0.0,2.0,2.0,1.0,1798.0,3.5599805414676666e-07,1.5600016922689974e-07,0.016964305999863427,0.0209447179986455,58.80484250999871,-2060.0,-3700.0
100.0,50.0,0.0,2.0,2.0,1.0,1799.0,4.180001269560307e-07,2.679989847820252e-07,0.023401114998705452,0.01553498499924899,58.84378804199878,-2060.0,-3700.0
100.0,50.0,0.0,2.0,2.0,1.0,1800.0,7.449998520314693e-07,1.4199758879840374e-07,0.018644591997144744,0.01243880100082606,58.87487787899954,-2060.0,-3700.0
100.0,50.0,0.0,2.0,2.0,1.0,1801.0,5.080000846646726e-07,1.5700061339884996e-07,0.01637820200267015,0.015321487000619527,58.906584153999574,-2060.0,-3700.0
100.0,50.0,0.0,2.0,2.0,1.0,1802.0,4.819994501303881e-07,1.7500133253633976e-07,0.01674763400296797,0.013960673000838142,58.93729959800112,-2060.0,-3700.0
100.0,50.0,0.0,2.0,2.0,1.0,1803.0,4.4999978854320943e-07,1.400003384333104e-07,0.017232551999768475,0.01568233699799748,58.97022118699897,-2060.0,-3700.0
100.0,50.0,0.0,2.0,2.0,1.0,1804.0,4.890025593340397e-07,1.500011421740055e-07,0.019971762998466147,0.009926052000082564,59.00012514199989,-2060.0,-3700.0
100.0,50.0,0.0,2.0,2.0,1.0,1805.0,5.219990271143615e-07,1.6999911167658865e-07,0.0176201209978899,0.013084768001135672,59.030836900001304,-2060.0,-3700.0
100.0,50.0,0.0,2.0,2.0,1.0,1806.0,4.62001480627805e-07,1.4199758879840374e-07,0.017639564001001418,0.014409758001420414,59.06289250800182,-2060.0,-3700.0
100.0,50.0,0.0,2.0,2.0,1.0,1807.0,5.990004865452647e-07,1.7799902707338333e-07,0.015477651999390218,0.01578780199997709,59.094164718000684,-2060.0,-3700.0
100.0,50.0,0.0,2.0,2.0,1.0,1808.0,5.04998752148822e-07,1.6099875210784376e-07,0.019240981000621105,0.01625781300026574,59.12967009299973,-2060.0,-3700.0
100.0,50.0,0.0,2.0,2.0,1.0,1809.0,5.069996404927224e-07,1.6500052879564464e-07,0.018249141998239793,0.01363615700029186,59.16156245100137,-2060.0,-3700.0
100.0,50.0,0.0,2.0,2.0,1.0,1810.0,5.23999915458262e-07,1.679982233326882e-07,0.016936059997533448,0.015316360000724671,59.19382197700179,-2060.0,-3700.0
100.0,50.0,0.0,2.0,2.0,1.0,1811.0,5.189976945985109e-07,1.5199839253909886e-07,0.018111695997504285,0.01196246800100198,59.223902854999324,-2060.0,-3700.0
100.0,50.0,0.0,2.0,2.0,1.0,1812.0,4.4699845602735877e-07,1.7399725038558245e-07,0.017596796998986974,0.012960442996700294,59.25446720200125,-2060.0,-3700.0
100.0,50.0,0.0,2.0,2.0,1.0,1813.0,4.540015652310103e-07,1.5300247468985617e-07,0.018737332000455353,0.014658648000477115,59.28786981899975,-2060.0,-3700.0
100.0,50.0,0.0,2.0,2.0,1.0,1814.0,3.710010787472129e-07,1.5999830793589354e-07,0.018422866000037175,0.013243607001641067,59.31954258599944,-2060.0,-3700.0
100.0,50.0,0.0,2.0,2.0,1.0,1815.0,3.1099989428184927e-07,1.4200122677721083e-07,0.016768949000834255,0.017900695998832816,59.35421921899979,-2060.0,-3700.0
100.0,50.0,0.0,2.0,2.0,1.0,1816.0,5.28998498339206e-07,1.4399847714230418e-07,0.01676842199958628,0.017610165999940364,59.388605045001896,-2060.0,-3700.0
100.0,50.0,0.0,2.0,2.0,1.0,1817.0,4.960020305588841e-07,1.5499972505494952e-07,0.01682555400111596,0.01436707599714282,59.41980453599899,-2060.0,-3700.0
100.0,50.0,0.0,2.0,2.0,1.0,1818.0,3.349996404722333e-07,1.360021997243166e-07,0.02003640999828349,0.01411839199863607,59.453965002001496,-2060.0,-3700.0
100.0,50.0,0.0,2.0,2.0,1.0,1819.0,4.039975465275347e-07,1.4699980965815485e-07,0.016118798001116375,0.01085454000349273,59.4809449150016,-2060.0,-3700.0
100.0,50.0,0.0,2.0,2.0,1.0,1820.0,3.5199991543777287e-07,1.5800105757080019e-07,0.01686421500198776,0.015303511998354224,59.51311893100137,-2060.0,-3700.0
100.0,50.0,0.0,2.0,2.0,1.0,1821.0,4.919966158922762e-07,1.579974195919931e-07,0.017543058998853667,0.016086057999928016,59.54675556299844,-2060.0,-3700.0
100.0,50.0,0.0,2.0,2.0,1.0,1822.0,4.489993443712592e-07,1.4400211512111127e-07,0.019636233999335673,0.014833097000519047,59.58123128100124,-2060.0,-3700.0
100.0,50.0,0.0,2.0,2.0,1.0,1823.0,3.979985194746405e-07,1.5999830793589354e-07,0.018813856000633677,0.01299628799824859,59.613048475999676,-2060.0,-3700.0
100.0,50.0,0.0,2.0,2.0,1.0,1824.0,4.879984771832824e-07,1.4999750419519842e-07,0.01765027700093924,0.016938856002525426,59.64764425899921,-2060.0,-3700.0
100.0,50.0,0.0,2.0,2.0,1.0,1825.0,3.6600249586626887e-07,1.5600016922689974e-07,0.017956938998395344,0.017581347001396352,59.68318854899917,-2060.0,-3700.0
100.0,50.0,0.0,2.0,2.0,1.0,1826.0,3.980021574534476e-07,1.3399767340160906e-07,0.016947865002293838,0.014356143001350574,59.71449958700032,-2060.0,-3700.0
100.0,50.0,0.0,2.0,2.0,1.0,1827.0,5.43001078767702e-07,2.439992385916412e-07,0.018898827998782508,0.01017889099966851,59.743585809999786,-2060.0,-3700.0
100.0,50.0,0.0,2.0,2.0,1.0,1828.0,3.540008037816733e-07,1.3800308806821704e-07,0.016424434001237387,0.01381548200151883,59.77383240299969,-2060.0,-3700.0
100.0,50.0,0.0,2.0,2.0,1.0,1829.0,4.4700209400616586e-07,1.449989213142544e-07,0.01803365500018117,0.01595553100196412,59.80782784999974,-2060.0,-3700.0
100.0,50.0,0.0,2.0,2.0,1.0,1830.0,3.310015017632395e-07,1.4800025383010507e-07,0.018812786998751108,0.014230447999580065,59.84087737400114,-2060.0,-3700.0
100.0,50.0,0.0,2.0,2.0,1.0,1831.0,3.7900099414400756e-07,1.6700141713954508e-07,0.016600623999693198,0.016331326998624718,59.873816585000895,-2060.0,-3700.0
100.0,50.0,0.0,2.0,2.0,1.0,1832.0,4.969988367520273e-07,1.6400008462369442e-07,0.018587588998343563,0.008665648998430697,59.90107667399934,-2060.0,-3700.0
100.0,50.0,0.0,2.0,2.0,1.0,1833.0,5.05002390127629e-07,1.539992808829993e-07,0.017051497001375537,0.016650723002385348,59.93478512100046,-2060.0,-3700.0
100.0,50.0,0.0,2.0,2.0,1.0,1834.0,3.1099989428184927e-07,1.5800105757080019e-07,0.018057216999295633,0.014160597998852609,59.967009348998545,-2060.0,-3700.0
100.0,50.0,0.0,2.0,2.0,1.0,1835.0,5.100009730085731e-07,1.5200203051790595e-07,0.01659313500204007,0.021319330000551417,60.00492918999953,-2060.0,-3700.0
