10000.0,25.0,3.0,5.0,2.0,0.0,0.0,0.026950021012453362,0.06544576399028301,0.05216633700183593,0.10698870598571375,0.2515579060127493,-1540.0,-2300.0
10000.0,25.0,3.0,5.0,2.0,0.0,1.0,0.028848949004895985,0.06901647697668523,0.04999953098013066,0.04732214199611917,0.4467529370158445,-1310.0,-1760.0
10000.0,25.0,3.0,5.0,2.0,0.0,2.0,0.02381401800084859,0.06841180199990049,0.0520781840023119,0.02852203100337647,0.6195870000228751,-1260.0,-1610.0
10000.0,25.0,3.0,5.0,2.0,0.0,3.0,0.026195776008535177,0.06718472999637015,0.04900388600071892,0.03409710599225946,0.7960771630168892,-1260.0,-1560.0
10000.0,25.0,3.0,5.0,2.0,0.0,4.0,0.022889003972522914,0.0644568870193325,0.05553674799739383,0.03416559498873539,0.9731333490053657,-1260.0,-1390.0
10000.0,25.0,3.0,5.0,2.0,0.0,5.0,0.024533303978387266,0.06128995699691586,0.048432403011247516,0.015995367983123288,1.1233922510000411,-1260.0,-1380.0
10000.0,25.0,3.0,5.0,2.0,0.0,6.0,0.026280594000127167,0.052146079018712044,0.05044340397580527,0.02566499199019745,1.277935341000557,-1160.0,-1340.0
10000.0,25.0,3.0,5.0,2.0,0.0,7.0,0.02503664101823233,0.059692236012779176,0.05031834699911997,0.028852735995315015,1.441843478998635,-1160.0,-1320.0
10000.0,25.0,3.0,5.0,2.0,0.0,8.0,0.024404417985351756,0.05879530601669103,0.049602298997342587,0.03211213299073279,1.6067649790202267,-1070.0,-1300.0
10000.0,25.0,3.0,5.0,2.0,0.0,9.0,0.022524411004269496,0.053578169987304136,0.049377773015294224,0.03107654699124396,1.763329652021639,-1070.0,-1290.0
10000.0,25.0,3.0,5.0,2.0,0.0,10.0,0.024714312981814146,0.05998433200875297,0.05045487399911508,0.03130652100662701,1.9297978370159399,-1070.0,-1270.0
10000.0,25.0,3.0,5.0,2.0,0.0,11.0,0.024390506994677708,0.05848500700085424,0.050805193022824824,0.031683529989095405,2.095170109998435,-1010.0,-1250.0
10000.0,25.0,3.0,5.0,2.0,0.0,12.0,0.024953918007668108,0.055009078001603484,0.05104588399990462,0.027909975993679836,2.2540961129998323,-1010.0,-1230.0
10000.0,25.0,3.0,5.0,2.0,0.0,13.0,0.023689875000854954,0.05957466101972386,0.04862371500348672,0.027983031992334872,2.4139749460155144,-970.0,-1210.0
10000.0,25.0,3.0,5.0,2.0,0.0,14.0,0.023782406991813332,0.06278678501257673,0.05032738597947173,0.016613693995168433,2.567493036011001,-970.0,-1200.0
10000.0,25.0,3.0,5.0,2.0,0.0,15.0,0.02380195600562729,0.06105891699553467,0.05464077400392853,0.0325828330242075,2.7395854979986325,-970.0,-1160.0
10000.0,25.0,3.0,5.0,2.0,0.0,16.0,0.02565682798740454,0.057565277005778626,0.04902295098872855,0.03393737500300631,2.9057755040121265,-920.0,-1040.0
10000.0,25.0,3.0,5.0,2.0,0.0,17.0,0.02703774400288239,0.061379949998809025,0.05013545698602684,0.02770330000203103,3.0720391280192416,-610.0,-950.0
10000.0,25.0,3.0,5.0,2.0,0.0,18.0,0.023666790017159656,0.05990427601500414,0.05057373899035156,0.02917904400965199,3.2353703300177585,-530.0,-830.0
10000.0,25.0,3.0,5.0,2.0,0.0,19.0,0.026072690001456067,0.050922330003231764,0.04868785198777914,0.030778607993852347,3.3918399340182077,-240.0,-670.0
10000.0,25.0,3.0,5.0,2.0,0.0,20.0,0.025939252984244376,0.05534468000405468,0.0529190240195021,0.03187927999533713,3.557929367001634,-140.0,-590.0
10000.0,25.0,3.0,5.0,2.0,0.0,21.0,0.0228201060090214,0.049470331985503435,0.05756911198841408,0.024343787983525544,3.7121406890219077,-140.0,-480.0
10000.0,25.0,3.0,5.0,2.0,0.0,22.0,0.026221951993647963,0.059408197994343936,0.049327101005474105,0.034190222999313846,3.881295836006757,-70.0,-400.0
10000.0,25.0,3.0,5.0,2.0,0.0,23.0,0.025603176007280126,0.05033118597930297,0.048316649976186454,0.027920761000132188,4.033475450007245,-70.0,-340.0
10000.0,25.0,3.0,5.0,2.0,0.0,24.0,0.02333698800066486,0.0475498010055162,0.05278908598120324,0.026886621984886006,4.184045702015283,-10.0,-300.0
10000.0,25.0,3.0,5.0,2.0,0.0,25.0,0.025847690005321056,0.05817336801555939,0.04857462801737711,0.022112592996563762,4.3387617749976926,-10.0,-230.0
10000.0,25.0,3.0,5.0,2.0,0.0,26.0,0.025725963001605123,0.0538932379859034,0.048386142996605486,0.019204078009352088,4.485979026008863,30.0,-140.0
10000.0,25.0,3.0,5.0,2.0,0.0,27.0,0.024425541021628305,0.04982133797602728,0.04722615302307531,0.01094055999419652,4.618401037005242,30.0,-140.0
10000.0,25.0,3.0,5.0,2.0,0.0,28.0,0.02488433101098053,0.057886747003067285,0.053044433996547014,0.008557456982089207,4.762781911005732,30.0,-140.0
10000.0,25.0,3.0,5.0,2.0,0.0,29.0,0.02522457201848738,0.06273187897750176,0.05310484897927381,0.009060479002073407,4.912911057996098,30.0,-140.0
10000.0,25.0,3.0,5.0,2.0,0.0,30.0,0.02342198701808229,0.05044717900454998,0.052172363008139655,0.015866447996813804,5.054827387997648,30.0,-130.0
10000.0,25.0,3.0,5.0,2.0,0.0,31.0,0.02570082200691104,0.05057467598817311,0.051259728003060445,0.015692481014411896,5.198063357005594,30.0,-130.0
10000.0,25.0,3.0,5.0,2.0,0.0,32.0,0.025096389988902956,0.05808170101954602,0.05372526199789718,0.02369299900601618,5.358668009022949,30.0,-130.0
10000.0,25.0,3.0,5.0,2.0,0.0,33.0,0.02478418598184362,0.05912061900016852,0.058854061004240066,0.013860201986972243,5.515294384997105,30.0,-130.0
10000.0,25.0,3.0,5.0,2.0,0.0,34.0,0.024604937992990017,0.05187759597902186,0.055114721006248146,0.016057177999755368,5.6629565080220345,30.0,-100.0
10000.0,25.0,3.0,5.0,2.0,0.0,35.0,0.02753702798509039,0.053917705983622,0.06876428399118595,0.010409167996840551,5.823592507018475,30.0,-100.0
10000.0,25.0,3.0,5.0,2.0,0.0,36.0,0.027169397013494745,0.06600029900437221,0.05171952801174484,0.015696146001573652,5.984185884997714,30.0,-90.0
10000.0,25.0,3.0,5.0,2.0,0.0,37.0,0.023426744010066614,0.05372374498983845,0.05123536702012643,0.025606915005482733,6.138185696996516,210.0,-60.0
10000.0,25.0,3.0,5.0,2.0,0.0,38.0,0.02883553600986488,0.05939660200965591,0.05883066001115367,0.027827395999338478,6.313082998996833,220.0,30.0
10000.0,25.0,3.0,5.0,2.0,0.0,39.0,0.02652902397676371,0.05348609699285589,0.05118678099825047,0.031003571988549083,6.475295867014211,230.0,60.0
10000.0,25.0,3.0,5.0,2.0,0.0,40.0,0.02556313999230042,0.06506247600191273,0.054803395993076265,0.02673055400373414,6.647462938999524,230.0,70.0
10000.0,25.0,3.0,5.0,2.0,0.0,41.0,0.028864148014690727,0.05828169398591854,0.05465039098635316,0.02044402400497347,6.809710579022067,230.0,80.0
10000.0,25.0,3.0,5.0,2.0,0.0,42.0,0.02610645000822842,0.059357461985200644,0.05353026802185923,0.01530176799860783,6.964014640019741,230.0,80.0
10000.0,25.0,3.0,5.0,2.0,0.0,43.0,0.024893773021176457,0.061648431001231074,0.057206915982533246,0.029247239988762885,7.137018212000839,230.0,100.0
10000.0,25.0,3.0,5.0,2.0,0.0,44.0,0.02803784399293363,0.065415340999607,0.05390656599774957,0.019451870990451425,7.303837167011807,240.0,110.0
10000.0,25.0,3.0,5.0,2.0,0.0,45.0,0.024954176013125107,0.05875414999900386,0.05624679400352761,0.02607124700443819,7.469871517008869,240.0,140.0
10000.0,25.0,3.0,5.0,2.0,0.0,46.0,0.027672374999383464,0.050923759990837425,0.05791356699774042,0.029008057987084612,7.63539655902423,290.0,170.0
10000.0,25.0,3.0,5.0,2.0,0.0,47.0,0.02639938102220185,0.0595574309991207,0.05539483000757173,0.021361926017561927,7.798117172002094,330.0,200.0
10000.0,25.0,3.0,5.0,2.0,0.0,48.0,0.0256277619919274,0.0610298780084122,0.0570660810044501,0.02192573601496406,7.963774322997779,330.0,200.0
10000.0,25.0,3.0,5.0,2.0,0.0,49.0,0.02488059501047246,0.05501028397702612,0.05357805601670407,0.01262367598246783,8.109874176006997,330.0,200.0
10000.0,25.0,3.0,5.0,2.0,0.0,50.0,0.025375088007422164,0.04978154200944118,0.053970733017195016,0.01945790901663713,8.258467044011923,330.0,200.0
10000.0,25.0,3.0,5.0,2.0,0.0,51.0,0.026703017996624112,0.0508197309973184,0.05817440600367263,0.012354645994491875,8.406526820996078,330.0,200.0
10000.0,25.0,3.0,5.0,2.0,0.0,52.0,0.026017198979388922,0.05816715399851091,0.056603157019708306,0.018970268982229754,8.566291562019615,330.0,210.0
10000.0,25.0,3.0,5.0,2.0,0.0,53.0,0.028582283994182944,0.06024933099979535,0.05732164598884992,0.021777671994641423,8.73422999001923,330.0,210.0
10000.0,25.0,3.0,5.0,2.0,0.0,54.0,0.02315172998351045,0.051903829007642344,0.05664143100148067,0.01576464797835797,8.881699179008137,330.0,230.0
10000.0,25.0,3.0,5.0,2.0,0.0,55.0,0.02552399900741875,0.04877798998495564,0.05010690001654439,0.018492223985958844,9.024608068022644,330.0,230.0
10000.0,25.0,3.0,5.0,2.0,0.0,56.0,0.026683807984227315,0.05523099598940462,0.05426895400159992,0.021874951984500512,9.182674920011777,330.0,240.0
10000.0,25.0,3.0,5.0,2.0,0.0,57.0,0.027607836993411183,0.05857731300056912,0.053838008985621855,0.018355192005401477,9.341060469014337,330.0,240.0
10000.0,25.0,3.0,5.0,2.0,0.0,58.0,0.02604411798529327,0.0588177340105176,0.05027808400336653,0.018310670013306662,9.49451931999647,390.0,240.0
10000.0,25.0,3.0,5.0,2.0,0.0,59.0,0.025530958984745666,0.05028216098435223,0.05053186000441201,0.013992969004902989,9.634865069005173,450.0,250.0
10000.0,25.0,3.0,5.0,2.0,0.0,60.0,0.025774260982871056,0.06615117899491452,0.052422468026634306,0.011320021993014961,9.790539733017795,450.0,260.0
10000.0,25.0,3.0,5.0,2.0,0.0,61.0,0.023823337018257007,0.05538171200896613,0.05134856200311333,0.018415643979096785,9.939516131998971,630.0,290.0
10000.0,25.0,3.0,5.0,2.0,0.0,62.0,0.025087040005018935,0.057334493001690134,0.06106077099684626,0.026456915016751736,10.109462571010226,630.0,310.0
10000.0,25.0,3.0,5.0,2.0,0.0,63.0,0.02770640200469643,0.0488887699902989,0.05886825700872578,0.024461987981339917,10.269448297010968,660.0,340.0
10000.0,25.0,3.0,5.0,2.0,0.0,64.0,0.025368094007717445,0.06102151900995523,0.05006701298407279,0.02146113698836416,10.427375409024535,660.0,390.0
10000.0,25.0,3.0,5.0,2.0,0.0,65.0,0.023919826984638348,0.04870882898103446,0.05597907098126598,0.026691506995121017,10.58268400101224,660.0,430.0
10000.0,25.0,3.0,5.0,2.0,0.0,66.0,0.02666065702214837,0.06286229798570275,0.05235012999037281,0.01750906798406504,10.742074542999035,730.0,480.0
10000.0,25.0,3.0,5.0,2.0,0.0,67.0,0.02474416297627613,0.04633395001292229,0.05675930398865603,0.017561746994033456,10.887481322017265,730.0,560.0
10000.0,25.0,3.0,5.0,2.0,0.0,68.0,0.02493733901064843,0.05102223399444483,0.05168600898468867,0.018622371018864214,11.033756938995793,730.0,570.0
10000.0,25.0,3.0,5.0,2.0,0.0,69.0,0.026273917988874018,0.058468325005378574,0.048281757975928485,0.012362749985186383,11.179151293006726,730.0,570.0
10000.0,25.0,3.0,5.0,2.0,0.0,70.0,0.023735195019980893,0.05118232098175213,0.05324424698483199,0.014309935009805486,11.321630379999988,730.0,580.0
10000.0,25.0,3.0,5.0,2.0,0.0,71.0,0.026725951989647,0.06344882698613219,0.05453677597688511,0.02428816701285541,11.490637411014177,730.0,590.0
10000.0,25.0,3.0,5.0,2.0,0.0,72.0,0.026522859989199787,0.05752007500268519,0.05113608401734382,0.013486101001035422,11.639309765014332,730.0,590.0
10000.0,25.0,3.0,5.0,2.0,0.0,73.0,0.026287049986422062,0.0673827139835339,0.05751699602114968,0.022310967004159465,11.81281618901994,730.0,590.0
10000.0,25.0,3.0,5.0,2.0,0.0,74.0,0.024358071997994557,0.06230571900960058,0.05068604199914262,0.02170832801493816,11.971882178011583,730.0,590.0
10000.0,25.0,3.0,5.0,2.0,0.0,75.0,0.028180103981867433,0.04875868299859576,0.05060177997802384,0.020187951013213024,12.11961813402013,730.0,590.0
10000.0,25.0,3.0,5.0,2.0,0.0,76.0,0.0254681590013206,0.05048880001413636,0.05793759899097495,0.020220765989506617,12.273740353004541,730.0,590.0
10000.0,25.0,3.0,5.0,2.0,0.0,77.0,0.02649414600455202,0.05243360000895336,0.05557733101886697,0.01388929400127381,12.422141796007054,730.0,610.0
10000.0,25.0,3.0,5.0,2.0,0.0,78.0,0.023683635983616114,0.04753427498508245,0.04871407299651764,0.012642740010051057,12.554723717999877,730.0,610.0
10000.0,25.0,3.0,5.0,2.0,0.0,79.0,0.025948079011868685,0.04781256799469702,0.051894998003263026,0.008767027000430971,12.689153783023357,730.0,610.0
10000.0,25.0,3.0,5.0,2.0,0.0,80.0,0.02429462000145577,0.06441133099724539,0.04741988898604177,0.01259027500054799,12.837876570003573,730.0,610.0
10000.0,25.0,3.0,5.0,2.0,0.0,81.0,0.024270191992400214,0.057048074988415465,0.04706031200475991,0.009020423982292414,12.97528264101129,730.0,610.0
10000.0,25.0,3.0,5.0,2.0,0.0,82.0,0.023739074997138232,0.05867132300045341,0.06111011098255403,0.009930022992193699,13.128740629006643,770.0,620.0
10000.0,25.0,3.0,5.0,2.0,0.0,83.0,0.022329859988531098,0.06384605501079932,0.051322127983439714,0.011436653992859647,13.277682475018082,770.0,650.0
10000.0,25.0,3.0,5.0,2.0,0.0,84.0,0.023663826985284686,0.06217306200414896,0.05490309200831689,0.012749924993840978,13.431179592007538,770.0,650.0
10000.0,25.0,3.0,5.0,2.0,0.0,85.0,0.026453828992089257,0.05225851098657586,0.055787454009987414,0.011924060003366321,13.577610863023438,770.0,660.0
10000.0,25.0,3.0,5.0,2.0,0.0,86.0,0.02570719798677601,0.059018119995016605,0.054314509994583204,0.012175896001281217,13.728834188019391,780.0,680.0
10000.0,25.0,3.0,5.0,2.0,0.0,87.0,0.0240149240125902,0.056196664983872324,0.05166202399414033,0.02034329398884438,13.881058743019821,780.0,690.0
10000.0,25.0,3.0,5.0,2.0,0.0,88.0,0.02683943000738509,0.05888878900441341,0.062371914013056085,0.011344828992150724,14.040510885999538,780.0,690.0
10000.0,25.0,3.0,5.0,2.0,0.0,89.0,0.027134928008308634,0.06377105999854393,0.05390160798560828,0.010336354986065999,14.195663395017618,780.0,700.0
10000.0,25.0,3.0,5.0,2.0,0.0,90.0,0.027066626003943384,0.06412701000226662,0.05426507300580852,0.013639105018228292,14.35476902400842,780.0,700.0
10000.0,25.0,3.0,5.0,2.0,0.0,91.0,0.027318351989379153,0.06571685301605612,0.05459025298478082,0.014197267999406904,14.516599462018348,840.0,720.0
10000.0,25.0,3.0,5.0,2.0,0.0,92.0,0.0258344309986569,0.05407760399975814,0.05378198600374162,0.01747177599463612,14.667773170018336,840.0,740.0
10000.0,25.0,3.0,5.0,2.0,0.0,93.0,0.02764152397867292,0.06381811000755988,0.0563165039930027,0.023652117990422994,14.839208835997852,840.0,750.0
10000.0,25.0,3.0,5.0,2.0,0.0,94.0,0.025918650993844494,0.05051309202099219,0.052071340003749356,0.014788493019295856,14.982508255023276,840.0,750.0
10000.0,25.0,3.0,5.0,2.0,0.0,95.0,0.026295656978618354,0.05508003098657355,0.05325903699849732,0.021748666011262685,15.13889876799658,840.0,750.0
10000.0,25.0,3.0,5.0,2.0,0.0,96.0,0.026420181995490566,0.053322281019063666,0.05241722898790613,0.0214204499789048,15.292486102000112,840.0,750.0
10000.0,25.0,3.0,5.0,2.0,0.0,97.0,0.025615005026338622,0.05178747599711642,0.05406906202551909,0.02921995401266031,15.453184929996496,840.0,750.0
10000.0,25.0,3.0,5.0,2.0,0.0,98.0,0.026431614998728037,0.05047815100988373,0.05005752301076427,0.025537348992656916,15.605697376013268,840.0,750.0
10000.0,25.0,3.0,5.0,2.0,0.0,99.0,0.025217559013981372,0.064531863987213,0.05786457299836911,0.022937112022191286,15.776256186014507,840.0,750.0
10000.0,25.0,3.0,5.0,2.0,0.0,100.0,0.02355293498840183,0.06045904799248092,0.05248930800007656,0.023872908001067117,15.93663820301299,840.0,760.0
10000.0,25.0,3.0,5.0,2.0,0.0,101.0,0.024806671019177884,0.05476271701627411,0.05591366600128822,0.02552987600211054,16.097658933023922,850.0,770.0
10000.0,25.0,3.0,5.0,2.0,0.0,102.0,0.025193349982146174,0.06523189699510112,0.05052129100658931,0.023440257995389402,16.26205296200351,850.0,770.0
10000.0,25.0,3.0,5.0,2.0,0.0,103.0,0.028570382011821494,0.049395818990888074,0.05487316698417999,0.021628086018608883,16.41652790902299,850.0,770.0
10000.0,25.0,3.0,5.0,2.0,0.0,104.0,0.02359609497943893,0.06033458499587141,0.04964223600109108,0.01751481299288571,16.567623525013914,850.0,770.0
10000.0,25.0,3.0,5.0,2.0,0.0,105.0,0.026099484995938838,0.05101054298575036,0.05287675702129491,0.021355601988034323,16.718973864015425,850.0,770.0
10000.0,25.0,3.0,5.0,2.0,0.0,106.0,0.024840597005095333,0.06433473201468587,0.0593586610048078,0.01649959900532849,16.88401460502064,850.0,770.0
10000.0,25.0,3.0,5.0,2.0,0.0,107.0,0.02600857100333087,0.05343137899762951,0.05441143299685791,0.022687008982757106,17.040581641020253,850.0,770.0
10000.0,25.0,3.0,5.0,2.0,0.0,108.0,0.023611683020135388,0.06474201599485241,0.05245972302509472,0.027371233998565003,17.20877366300556,850.0,770.0
10000.0,25.0,3.0,5.0,2.0,0.0,109.0,0.031040906003909186,0.05284617000143044,0.058712539001135156,0.017737964022671804,17.369118750997586,850.0,770.0
10000.0,25.0,3.0,5.0,2.0,0.0,110.0,0.02665994700510055,0.06162155600031838,0.055243617011001334,0.024733658996410668,17.53738485701615,850.0,770.0
10000.0,25.0,3.0,5.0,2.0,0.0,111.0,0.02570698398631066,0.05321337701752782,0.062334823014680296,0.01766041698283516,17.696307427017018,850.0,770.0
10000.0,25.0,3.0,5.0,2.0,0.0,112.0,0.023977183998795226,0.05287921099807136,0.05330321501241997,0.026636296010110527,17.853110630996525,850.0,770.0
10000.0,25.0,3.0,5.0,2.0,0.0,113.0,0.02582166698994115,0.06481564900605008,0.05351370701100677,0.016050354985054582,18.01331896201009,850.0,770.0
10000.0,25.0,3.0,5.0,2.0,0.0,114.0,0.027524093980900943,0.059137781005119905,0.04909462001523934,0.026303321006707847,18.175386914022965,850.0,770.0
10000.0,25.0,3.0,5.0,2.0,0.0,115.0,0.02692787701380439,0.05999752102070488,0.05479351000394672,0.017188391007948667,18.334301577997394,850.0,780.0
10000.0,25.0,3.0,5.0,2.0,0.0,116.0,0.023324512992985547,0.06571437400998548,0.05157352201058529,0.021116286981850863,18.49603774701245,850.0,780.0
10000.0,25.0,3.0,5.0,2.0,0.0,117.0,0.02568104799138382,0.06014006500481628,0.05367072997614741,0.01632558900746517,18.651862502010772,910.0,790.0
10000.0,25.0,3.0,5.0,2.0,0.0,118.0,0.029221551987575367,0.06052562900003977,0.058614151988876984,0.022826950007583946,18.823058753012447,970.0,810.0
10000.0,25.0,3.0,5.0,2.0,0.0,119.0,0.02605376302381046,0.06526789598865435,0.05280888100969605,0.023054871999192983,18.990251681010704,970.0,810.0
10000.0,25.0,3.0,5.0,2.0,0.0,120.0,0.02491542199277319,0.06577746901893988,0.059397673001512885,0.01791463900008239,19.158264473022427,970.0,810.0
10000.0,25.0,3.0,5.0,2.0,0.0,121.0,0.02304028399521485,0.04998832001001574,0.05144504501367919,0.028780756023479626,19.31152632102021,980.0,840.0
10000.0,25.0,3.0,5.0,2.0,0.0,122.0,0.0243344460031949,0.05186589798540808,0.054684910021023825,0.021718701987992972,19.464137821021723,980.0,840.0
10000.0,25.0,3.0,5.0,2.0,0.0,123.0,0.02461444301297888,0.05141358298715204,0.04932109601213597,0.015944394981488585,19.605438804021105,990.0,850.0
10000.0,25.0,3.0,5.0,2.0,0.0,124.0,0.02455108502181247,0.06175568499020301,0.05172734000370838,0.01789591900887899,19.761376570007997,990.0,850.0
10000.0,25.0,3.0,5.0,2.0,0.0,125.0,0.025859775982098654,0.0500106250110548,0.05563087898190133,0.015920749021461233,19.908805870014476,990.0,880.0
10000.0,25.0,3.0,5.0,2.0,0.0,126.0,0.027900882007088512,0.06339898801525123,0.05368049399112351,0.012589469988597557,20.06638305200613,990.0,880.0
10000.0,25.0,3.0,5.0,2.0,0.0,127.0,0.025592407007934526,0.05798405600944534,0.05301657598465681,0.011749622004572302,20.214760889997706,990.0,880.0
10000.0,25.0,3.0,5.0,2.0,0.0,128.0,0.02443462298833765,0.05282543401699513,0.054407802992500365,0.01949510900885798,20.36597431602422,990.0,880.0
10000.0,25.0,3.0,5.0,2.0,0.0,129.0,0.025483072007773444,0.06476427099551074,0.058284433995140716,0.01762863199110143,20.532141707022674,990.0,880.0
10000.0,25.0,3.0,5.0,2.0,0.0,130.0,0.027433303999714553,0.06231379299424589,0.05391050799516961,0.021130148001248017,20.696936779015232,990.0,890.0
10000.0,25.0,3.0,5.0,2.0,0.0,131.0,0.023939978011185303,0.062387167010456324,0.05273149500135332,0.02136156999040395,20.857364697003504,990.0,890.0
10000.0,25.0,3.0,5.0,2.0,0.0,132.0,0.025367360998643562,0.05953043600311503,0.05409651901572943,0.02187834499636665,21.018244442995638,990.0,890.0
10000.0,25.0,3.0,5.0,2.0,0.0,133.0,0.028116563975345343,0.0633632109966129,0.06618273799540475,0.015633028000593185,21.191547085996717,990.0,890.0
10000.0,25.0,3.0,5.0,2.0,0.0,134.0,0.025235799985239282,0.06657262798398733,0.05317129200557247,0.020575422007823363,21.357110006007133,990.0,900.0
10000.0,25.0,3.0,5.0,2.0,0.0,135.0,0.025880216009682044,0.0638891990238335,0.05371915001887828,0.014174426993122324,21.51478043300449,990.0,900.0
10000.0,25.0,3.0,5.0,2.0,0.0,136.0,0.026044598023872823,0.05329574999632314,0.05273219902301207,0.019673567992867902,21.66653454801417,990.0,910.0
10000.0,25.0,3.0,5.0,2.0,0.0,137.0,0.028900061995955184,0.05371407701750286,0.048725839995313436,0.027080004016170278,21.824962194019463,990.0,910.0
10000.0,25.0,3.0,5.0,2.0,0.0,138.0,0.025780144991585985,0.06487790099345148,0.053801772999577224,0.016163816006155685,21.985593464021804,990.0,910.0
10000.0,25.0,3.0,5.0,2.0,0.0,139.0,0.026241668994771317,0.0623787340009585,0.0513333480048459,0.02441795900813304,22.14997306402074,990.0,910.0
10000.0,25.0,3.0,5.0,2.0,0.0,140.0,0.022735744976671413,0.04808840199257247,0.0487742520053871,0.019054751988733187,22.288633703021333,990.0,910.0
10000.0,25.0,3.0,5.0,2.0,0.0,141.0,0.025301478017354384,0.05935236701043323,0.0537054390006233,0.020473098993534222,22.447473252017517,990.0,920.0
10000.0,25.0,3.0,5.0,2.0,0.0,142.0,0.023969223024323583,0.05815364100271836,0.047011463990202174,0.021494635002454743,22.5981103219965,990.0,920.0
10000.0,25.0,3.0,5.0,2.0,0.0,143.0,0.03096842099330388,0.05524758901447058,0.050609118974534795,0.018572857981780544,22.75351583902375,990.0,920.0
10000.0,25.0,3.0,5.0,2.0,0.0,144.0,0.025182652985677123,0.05994577199453488,0.04887688599410467,0.023735166992992163,22.91126407601405,990.0,920.0
10000.0,25.0,3.0,5.0,2.0,0.0,145.0,0.02565492899157107,0.059426298015750945,0.05408489200635813,0.019676293013617396,23.070114055997692,990.0,920.0
10000.0,25.0,3.0,5.0,2.0,0.0,146.0,0.023900236003100872,0.06502350501250476,0.05145912698935717,0.022602804005146027,23.23310751200188,1000.0,920.0
10000.0,25.0,3.0,5.0,2.0,0.0,147.0,0.024316530005307868,0.06437607799307443,0.05886158099747263,0.022785659006331116,23.40345505301957,1000.0,920.0
10000.0,25.0,3.0,5.0,2.0,0.0,148.0,0.02931319799972698,0.06040587500319816,0.056924620002973825,0.0303485170006752,23.580454427021323,1000.0,920.0
10000.0,25.0,3.0,5.0,2.0,0.0,149.0,0.026470190001418814,0.05832261001341976,0.05344679698464461,0.030425436998484656,23.74914627801627,1000.0,920.0
10000.0,25.0,3.0,5.0,2.0,0.0,150.0,0.029156453005271032,0.06422290799673647,0.05175180599326268,0.03005171800032258,23.924336385010974,1000.0,920.0
10000.0,25.0,3.0,5.0,2.0,0.0,151.0,0.028647613973589614,0.06303981199744157,0.06080502801341936,0.02642969600856304,24.10326637601247,1000.0,920.0
10000.0,25.0,3.0,5.0,2.0,0.0,152.0,0.024739934015087783,0.06255822800449096,0.05278119898866862,0.028916692011989653,24.272269649023656,1000.0,920.0
10000.0,25.0,3.0,5.0,2.0,0.0,153.0,0.02703610499156639,0.05670528899645433,0.05064182399655692,0.02933985900017433,24.436000414018054,1000.0,920.0
10000.0,25.0,3.0,5.0,2.0,0.0,154.0,0.025985523010604084,0.05773910597781651,0.048142556013772264,0.034097973984899,24.60197387399967,1000.0,930.0
10000.0,25.0,3.0,5.0,2.0,0.0,155.0,0.025331008015200496,0.05843914599972777,0.048197725001955405,0.024938332004239783,24.758887841016985,1000.0,930.0
10000.0,25.0,3.0,5.0,2.0,0.0,156.0,0.024578884011134505,0.062203663983382285,0.05701827799202874,0.03033385399612598,24.933029995998368,1040.0,960.0
10000.0,25.0,3.0,5.0,2.0,0.0,157.0,0.024589442007709295,0.057392713002627715,0.0469442349858582,0.02038512600120157,25.08234893900226,1040.0,970.0
10000.0,25.0,3.0,5.0,2.0,0.0,158.0,0.0243496359908022,0.0661014530051034,0.05055020999861881,0.019214484986150637,25.24257211200893,1040.0,970.0
10000.0,25.0,3.0,5.0,2.0,0.0,159.0,0.025333138008136302,0.05636933899950236,0.050656180013902485,0.025593063997803256,25.40053115002229,1040.0,970.0
10000.0,25.0,3.0,5.0,2.0,0.0,160.0,0.02825902699260041,0.060764118999941275,0.05016381398309022,0.017878664017189294,25.557604646019172,1040.0,970.0
10000.0,25.0,3.0,5.0,2.0,0.0,161.0,0.024917345988797024,0.056685917981667444,0.05693434699787758,0.014281273004598916,25.710431835002964,1040.0,970.0
10000.0,25.0,3.0,5.0,2.0,0.0,162.0,0.036263693997170776,0.06350665600621141,0.05600379401585087,0.012322869006311521,25.8785374770232,1040.0,970.0
10000.0,25.0,3.0,5.0,2.0,0.0,163.0,0.02846065498306416,0.05812944000354037,0.055835139006376266,0.013141194998752326,26.034110676002456,1040.0,970.0
10000.0,25.0,3.0,5.0,2.0,0.0,164.0,0.0242701809911523,0.06248672999208793,0.049065144994528964,0.01157967300969176,26.181519259000197,1040.0,970.0
10000.0,25.0,3.0,5.0,2.0,0.0,165.0,0.02426765998825431,0.059457465016748756,0.054368497018003836,0.011424619995523244,26.33104445799836,1040.0,970.0
10000.0,25.0,3.0,5.0,2.0,0.0,166.0,0.026519164006458595,0.06312106701079756,0.05134572702809237,0.014677488972665742,26.486715007020393,1040.0,970.0
10000.0,25.0,3.0,5.0,2.0,0.0,167.0,0.02412477499456145,0.060391614999389276,0.05883086900576018,0.01989595399936661,26.64996584400069,1040.0,970.0
10000.0,25.0,3.0,5.0,2.0,0.0,168.0,0.027157527016242966,0.06353574799140915,0.05479250801727176,0.013797022023936734,26.809255894011585,1040.0,970.0
10000.0,25.0,3.0,5.0,2.0,0.0,169.0,0.025009021017467603,0.06207101600011811,0.050456928001949564,0.012415967008564621,26.959217326017097,1040.0,970.0
10000.0,25.0,3.0,5.0,2.0,0.0,170.0,0.024665074015501887,0.05986782399122603,0.05434229300590232,0.013728066987823695,27.111828349006828,1040.0,970.0
10000.0,25.0,3.0,5.0,2.0,0.0,171.0,0.02491565700620413,0.058408356009749696,0.056607255974086,0.011505488975672051,27.26327233601478,1040.0,970.0
10000.0,25.0,3.0,5.0,2.0,0.0,172.0,0.026418374007334933,0.06488445098511875,0.0513803580251988,0.01658158699865453,27.42254470201442,1040.0,970.0
10000.0,25.0,3.0,5.0,2.0,0.0,173.0,0.02669136700569652,0.06152970000403002,0.05135628199786879,0.01253650602302514,27.574665857013315,1040.0,970.0
10000.0,25.0,3.0,5.0,2.0,0.0,174.0,0.027021688991226256,0.057386550994124264,0.05466670199530199,0.01264941698173061,27.72641980901244,1040.0,970.0
10000.0,25.0,3.0,5.0,2.0,0.0,175.0,0.025640712003223598,0.06470624500070699,0.05240226298337802,0.01246222501504235,27.881638783001108,1040.0,970.0
10000.0,25.0,3.0,5.0,2.0,0.0,176.0,0.02713674900587648,0.061652708012843505,0.05523302001529373,0.016441179992398247,28.042110205016797,1040.0,970.0
10000.0,25.0,3.0,5.0,2.0,0.0,177.0,0.026510555006098002,0.06588749602087773,0.05443162799929269,0.023302896006498486,28.21225020001293,1040.0,970.0
10000.0,25.0,3.0,5.0,2.0,0.0,178.0,0.025547156983520836,0.06698306801263243,0.055448673985665664,0.0186099220009055,28.378858839016175,1040.0,980.0
10000.0,25.0,3.0,5.0,2.0,0.0,179.0,0.02464570800657384,0.0625235409825109,0.04642758099362254,0.02259371298714541,28.53505636099726,1040.0,980.0
10000.0,25.0,3.0,5.0,2.0,0.0,180.0,0.02305940998485312,0.06086956901708618,0.056284730992047116,0.021481860982021317,28.696759270009352,1040.0,980.0
10000.0,25.0,3.0,5.0,2.0,0.0,181.0,0.022257138014538214,0.05866919399704784,0.06131952500436455,0.02364217201829888,28.86265468801139,1040.0,980.0
10000.0,25.0,3.0,5.0,2.0,0.0,182.0,0.02601141799823381,0.05891509901266545,0.054420360014773905,0.015625243016984314,29.01763451701845,1040.0,980.0
10000.0,25.0,3.0,5.0,2.0,0.0,183.0,0.024604726990219206,0.06375363399274647,0.054016183014027774,0.02584709000075236,29.185864084021887,1090.0,990.0
10000.0,25.0,3.0,5.0,2.0,0.0,184.0,0.02518775299540721,0.0674093090055976,0.05527961900224909,0.019197773013729602,29.352946166007314,1090.0,990.0
10000.0,25.0,3.0,5.0,2.0,0.0,185.0,0.024630887986859307,0.05375727801583707,0.05338878100155853,0.021708839980419725,29.50643979400047,1090.0,990.0
10000.0,25.0,3.0,5.0,2.0,0.0,186.0,0.026894962007645518,0.06666148599470034,0.06241866300115362,0.025828478013863787,29.688250792009057,1090.0,990.0
10000.0,25.0,3.0,5.0,2.0,0.0,187.0,0.02499107099720277,0.057993036985863,0.05068870499962941,0.014262240001698956,29.836193686001934,1090.0,990.0
10000.0,25.0,3.0,5.0,2.0,0.0,188.0,0.02474737900774926,0.06486031899112277,0.05248985599610023,0.016158331010956317,29.994457599008456,1090.0,990.0
10000.0,25.0,3.0,5.0,2.0,0.0,189.0,0.026612336980178952,0.0664633649867028,0.05525683599989861,0.01811668399022892,30.16091410801164,1090.0,990.0
10000.0,25.0,3.0,5.0,2.0,0.0,190.0,0.026084659999469295,0.06345003400929272,0.05977797499508597,0.02013936499133706,30.33037401002366,1090.0,990.0
10000.0,25.0,3.0,5.0,2.0,0.0,191.0,0.025601501984056085,0.06268646000535227,0.05322182798408903,0.018440068990457803,30.490376144007314,1090.0,1000.0
10000.0,25.0,3.0,5.0,2.0,0.0,192.0,0.025348260009195656,0.06788166001206264,0.060837150987936184,0.023700908001046628,30.66815193000366,1090.0,1000.0
10000.0,25.0,3.0,5.0,2.0,0.0,193.0,0.026489734009373933,0.0687841389735695,0.051344933977816254,0.018293371016625315,30.833071536995703,1090.0,1000.0
10000.0,25.0,3.0,5.0,2.0,0.0,194.0,0.025427851971471682,0.06272938099573366,0.054682169982697815,0.013103725999826565,30.989022027002648,1090.0,1010.0
10000.0,25.0,3.0,5.0,2.0,0.0,195.0,0.025395501987077296,0.06647740901098587,0.05404096399433911,0.006911167001817375,31.141855484020198,1090.0,1010.0
10000.0,25.0,3.0,5.0,2.0,0.0,196.0,0.024050367006566375,0.04962894300115295,0.05395633800071664,0.007317479990888387,31.276816279016202,1090.0,1010.0
10000.0,25.0,3.0,5.0,2.0,0.0,197.0,0.02357804900384508,0.05261901899939403,0.054693037003744394,0.005766359972767532,31.413480343006086,1090.0,1010.0
10000.0,25.0,3.0,5.0,2.0,0.0,198.0,0.025090353999985382,0.05535593300010078,0.05248742099502124,0.009173844999168068,31.555595063022338,1090.0,1020.0
10000.0,25.0,3.0,5.0,2.0,0.0,199.0,0.026698845002101734,0.05891242600046098,0.058235970995156094,0.008922932000132278,31.708372563996818,1090.0,1020.0
10000.0,25.0,3.0,5.0,2.0,0.0,200.0,0.027230089996010065,0.05234702900634147,0.0575805849803146,0.009429363999515772,31.854967046005186,1090.0,1020.0
10000.0,25.0,3.0,5.0,2.0,0.0,201.0,0.02554257700103335,0.056052171014016494,0.05255575699266046,0.010551699990173802,31.999676480016205,1090.0,1020.0
10000.0,25.0,3.0,5.0,2.0,0.0,202.0,0.02643723800429143,0.04928437198395841,0.054915781976887956,0.01080332399578765,32.141146597015904,1090.0,1020.0
10000.0,25.0,3.0,5.0,2.0,0.0,203.0,0.026757391984574497,0.053442509000888094,0.05681132897734642,0.009590817004209384,32.28775566900731,1090.0,1020.0
10000.0,25.0,3.0,5.0,2.0,0.0,204.0,0.02689722299692221,0.06426938198274001,0.05124908601283096,0.010786545986775309,32.44096513799741,1090.0,1020.0
10000.0,25.0,3.0,5.0,2.0,0.0,205.0,0.024058396986220032,0.06493125899578445,0.05212635299540125,0.015551874996162951,32.59764112601988,1150.0,1040.0
10000.0,25.0,3.0,5.0,2.0,0.0,206.0,0.02858849201584235,0.06273855699691921,0.05526464700233191,0.012564043019665405,32.756804614997236,1190.0,1080.0
10000.0,25.0,3.0,5.0,2.0,0.0,207.0,0.025806956022279337,0.05805668298853561,0.05230197901255451,0.012727659981464967,32.9057054349978,1190.0,1100.0
10000.0,25.0,3.0,5.0,2.0,0.0,208.0,0.02466479002032429,0.049695783003699034,0.053818746004253626,0.010987339017447084,33.04487968800822,1190.0,1100.0
10000.0,25.0,3.0,5.0,2.0,0.0,209.0,0.026957696012686938,0.05585729901213199,0.05423579100170173,0.014124331995844841,33.19606207401375,1190.0,1100.0
10000.0,25.0,3.0,5.0,2.0,0.0,210.0,0.024567079002736136,0.05351737700402737,0.05487258601351641,0.014665978989796713,33.34369275101926,1240.0,1110.0
10000.0,25.0,3.0,5.0,2.0,0.0,211.0,0.025743270991370082,0.05269785798736848,0.055940963997272775,0.02145643302355893,33.499539411015576,1240.0,1150.0
10000.0,25.0,3.0,5.0,2.0,0.0,212.0,0.026459145999979228,0.05927950900513679,0.05384808697272092,0.02730449099908583,33.666437842010055,1240.0,1170.0
10000.0,25.0,3.0,5.0,2.0,0.0,213.0,0.03134395100641996,0.04651503000059165,0.0527202739904169,0.013584414991782978,33.8106088770146,1240.0,1170.0
10000.0,25.0,3.0,5.0,2.0,0.0,214.0,0.025686388980830088,0.05947108200052753,0.0561231319734361,0.011199121014215052,33.96309552300954,1240.0,1170.0
10000.0,25.0,3.0,5.0,2.0,0.0,215.0,0.027532298990990967,0.054793600022094324,0.054106166993733495,0.012302040006034076,34.11183683399577,1240.0,1170.0
10000.0,25.0,3.0,5.0,2.0,0.0,216.0,0.02663549399585463,0.05856964198756032,0.05062120300135575,0.026754771010018885,34.27442549300031,1310.0,1180.0
10000.0,25.0,3.0,5.0,2.0,0.0,217.0,0.023897186998510733,0.05444502501632087,0.055678468983387575,0.018184134998591617,34.426637637021486,1310.0,1180.0
10000.0,25.0,3.0,5.0,2.0,0.0,218.0,0.026794648001668975,0.04720202001044527,0.04998669101041742,0.013662418990861624,34.5642907069996,1310.0,1180.0
10000.0,25.0,3.0,5.0,2.0,0.0,219.0,0.024892569985240698,0.0576781359850429,0.056213021016446874,0.014021103008417413,34.71710315500968,1310.0,1180.0
10000.0,25.0,3.0,5.0,2.0,0.0,220.0,0.02620571799343452,0.04963764498825185,0.05559532399638556,0.014212371985195205,34.86276149502373,1310.0,1180.0
10000.0,25.0,3.0,5.0,2.0,0.0,221.0,0.025397421995876357,0.05133129100431688,0.05522090900922194,0.01557278199470602,35.01029124300112,1310.0,1180.0
10000.0,25.0,3.0,5.0,2.0,0.0,222.0,0.02484584500780329,0.061890240001957864,0.05076474999077618,0.01476376797654666,35.1625629629998,1310.0,1180.0
10000.0,25.0,3.0,5.0,2.0,0.0,223.0,0.024600611010100693,0.04840995301492512,0.052202649996615946,0.01587066799402237,35.30365430001984,1340.0,1180.0
10000.0,25.0,3.0,5.0,2.0,0.0,224.0,0.02635239000665024,0.061019611021038145,0.054445367015432566,0.026519979001022875,35.471999099012464,1340.0,1180.0
10000.0,25.0,3.0,5.0,2.0,0.0,225.0,0.027859360998263583,0.05012490300578065,0.05485892601427622,0.017365681007504463,35.622217557014665,1340.0,1180.0
10000.0,25.0,3.0,5.0,2.0,0.0,226.0,0.023925624991534278,0.05001356900902465,0.04989735101116821,0.030181320005794987,35.77624368600664,1340.0,1180.0
10000.0,25.0,3.0,5.0,2.0,0.0,227.0,0.02357291500084102,0.04994243901455775,0.05094391500460915,0.02140694798436016,35.9221174660197,1340.0,1180.0
10000.0,25.0,3.0,5.0,2.0,0.0,228.0,0.028189027012558654,0.05103525801678188,0.06111245299689472,0.02405352599453181,36.08651598801953,1360.0,1200.0
10000.0,25.0,3.0,5.0,2.0,0.0,229.0,0.025427079002838582,0.0663235440151766,0.05383638999774121,0.02319026700570248,36.25530079001328,1360.0,1230.0
10000.0,25.0,3.0,5.0,2.0,0.0,230.0,0.02670049699372612,0.06058612000197172,0.05527592299040407,0.02564295902266167,36.423513568995986,1360.0,1250.0
10000.0,25.0,3.0,5.0,2.0,0.0,231.0,0.026676415000110865,0.06489267697907053,0.057622171996627,0.02353612400474958,36.59624832001282,1360.0,1250.0
10000.0,25.0,3.0,5.0,2.0,0.0,232.0,0.025659367005573586,0.04923540202435106,0.05741870400379412,0.03201335802441463,36.76058375102002,1430.0,1260.0
10000.0,25.0,3.0,5.0,2.0,0.0,233.0,0.023692462011240423,0.050670313998125494,0.05427915000473149,0.02146165500744246,36.91069497101125,1430.0,1260.0
10000.0,25.0,3.0,5.0,2.0,0.0,234.0,0.026822849991731346,0.05004177399678156,0.05292472298606299,0.02447265002410859,37.06498577300226,1430.0,1260.0
10000.0,25.0,3.0,5.0,2.0,0.0,235.0,0.025590139004634693,0.06727231698459946,0.052509147993987426,0.03231840499211103,37.242683179007145,1430.0,1260.0
10000.0,25.0,3.0,5.0,2.0,0.0,236.0,0.027767273975769058,0.060061800002586097,0.056323214987060055,0.02772306400584057,37.41456563200336,1430.0,1260.0
10000.0,25.0,3.0,5.0,2.0,0.0,237.0,0.031169998983386904,0.06121076599811204,0.058580834011081606,0.023750944004859775,37.589285571011715,1430.0,1280.0
10000.0,25.0,3.0,5.0,2.0,0.0,238.0,0.02593543299008161,0.04979251799522899,0.05600524801411666,0.025079849001485854,37.74610600701999,1430.0,1280.0
10000.0,25.0,3.0,5.0,2.0,0.0,239.0,0.02540726200095378,0.047060740005690604,0.050071737001417205,0.021736927999882028,37.890390171000035,1430.0,1280.0
10000.0,25.0,3.0,5.0,2.0,0.0,240.0,0.025766738021047786,0.057542522001313046,0.0549371829838492,0.015524549002293497,38.04416837100871,1430.0,1280.0
10000.0,25.0,3.0,5.0,2.0,0.0,241.0,0.023815535998437554,0.05970269601675682,0.050842571014072746,0.028278490994125605,38.20681520999642,1460.0,1290.0
10000.0,25.0,3.0,5.0,2.0,0.0,242.0,0.028646004997426644,0.06264415799523704,0.05483167798956856,0.019257389998529106,38.37220248300582,1460.0,1290.0
10000.0,25.0,3.0,5.0,2.0,0.0,243.0,0.025257833010982722,0.048125804984010756,0.05265096400398761,0.02203400997677818,38.52027854701737,1460.0,1320.0
10000.0,25.0,3.0,5.0,2.0,0.0,244.0,0.026084234996233135,0.05720478101284243,0.05307729099877179,0.018395518010947853,38.675047942000674,1460.0,1330.0
10000.0,25.0,3.0,5.0,2.0,0.0,245.0,0.025716261996421963,0.04986409400589764,0.0539438689884264,0.01194863099954091,38.816527902003145,1460.0,1330.0
10000.0,25.0,3.0,5.0,2.0,0.0,246.0,0.025295628991443664,0.060267855995334685,0.050346484989859164,0.012534884008346125,38.96497997600818,1460.0,1330.0
10000.0,25.0,3.0,5.0,2.0,0.0,247.0,0.025669986993307248,0.050148476992035285,0.05120772199006751,0.01413620900711976,39.10614996601362,1460.0,1330.0
10000.0,25.0,3.0,5.0,2.0,0.0,248.0,0.02475069501088001,0.05574935500044376,0.050552666012663394,0.013481155998306349,39.250692116998835,1460.0,1330.0
10000.0,25.0,3.0,5.0,2.0,0.0,249.0,0.024996096995892003,0.05486736097373068,0.05135861999588087,0.01491601500310935,39.39683735201834,1460.0,1330.0
10000.0,25.0,3.0,5.0,2.0,0.0,250.0,0.025555205007549375,0.055237229011254385,0.05426414098474197,0.0180544960021507,39.5499556720024,1460.0,1330.0
10000.0,25.0,3.0,5.0,2.0,0.0,251.0,0.024172305973479524,0.05504880301305093,0.05004339598235674,0.021189471997786313,39.70041703499737,1500.0,1350.0
10000.0,25.0,3.0,5.0,2.0,0.0,252.0,0.026082644995767623,0.050896446977276355,0.048811738000949845,0.013822120003169402,39.840036886016605,1500.0,1350.0
10000.0,25.0,3.0,5.0,2.0,0.0,253.0,0.024388057994656265,0.059483040997292846,0.051876926998374984,0.015054924006108195,39.990847434004536,1500.0,1350.0
10000.0,25.0,3.0,5.0,2.0,0.0,254.0,0.022872659988934174,0.06047981500159949,0.051502272981451824,0.014028259000042453,40.13973789202282,1500.0,1360.0
10000.0,25.0,3.0,5.0,2.0,0.0,255.0,0.024887258012313396,0.054368453013012186,0.04970529698766768,0.029315288993529975,40.29802174199722,1500.0,1370.0
10000.0,25.0,3.0,5.0,2.0,0.0,256.0,0.024779399012913927,0.05014759101322852,0.05255547902197577,0.02481141299358569,40.4503226710076,1510.0,1390.0
10000.0,25.0,3.0,5.0,2.0,0.0,257.0,0.023732792993541807,0.053258067986462265,0.058071787003427744,0.021301992004737258,40.60675326400087,1510.0,1410.0
10000.0,25.0,3.0,5.0,2.0,0.0,258.0,0.02943966499879025,0.06451342499349266,0.049693329026922584,0.01250926498323679,40.76291646799655,1510.0,1410.0
10000.0,25.0,3.0,5.0,2.0,0.0,259.0,0.025058589002583176,0.06272049201652408,0.05360518099041656,0.012040823989082128,40.916348906001076,1510.0,1410.0
10000.0,25.0,3.0,5.0,2.0,0.0,260.0,0.023500113020418212,0.051970091997645795,0.046204693004256114,0.018514347000746056,41.056545894010924,1510.0,1410.0
10000.0,25.0,3.0,5.0,2.0,0.0,261.0,0.025205312995240092,0.06061703499290161,0.05192803600220941,0.013659828982781619,41.20796394700301,1510.0,1410.0
10000.0,25.0,3.0,5.0,2.0,0.0,262.0,0.02455345500493422,0.0589780299924314,0.057201937976060435,0.020104070019442588,41.368808304017875,1540.0,1430.0
10000.0,25.0,3.0,5.0,2.0,0.0,263.0,0.026253534975694492,0.05889489999390207,0.05428493701037951,0.01511198200751096,41.52336033000029,1540.0,1430.0
10000.0,25.0,3.0,5.0,2.0,0.0,264.0,0.023262826027348638,0.06337221700232476,0.0557414070062805,0.0137866250006482,41.67953066600603,1540.0,1430.0
10000.0,25.0,3.0,5.0,2.0,0.0,265.0,0.02558165998198092,0.05488698900444433,0.05224202200770378,0.015623406012309715,41.82787274502334,1540.0,1430.0
10000.0,25.0,3.0,5.0,2.0,0.0,266.0,0.022740794986020774,0.062202638015151024,0.05533986599766649,0.01363333099288866,41.98179742600769,1540.0,1430.0
10000.0,25.0,3.0,5.0,2.0,0.0,267.0,0.02492461699876003,0.051364384999033064,0.05019810199155472,0.0174219960172195,42.12571413299884,1540.0,1430.0
10000.0,25.0,3.0,5.0,2.0,0.0,268.0,0.024982522998470813,0.05973627298953943,0.05562360299518332,0.01514691999182105,42.28121046401793,1540.0,1450.0
10000.0,25.0,3.0,5.0,2.0,0.0,269.0,0.025829835998592898,0.05230520199984312,0.05408677601371892,0.019777645997237414,42.43321752201882,1540.0,1450.0
10000.0,25.0,3.0,5.0,2.0,0.0,270.0,0.026959491020534188,0.04890305097796954,0.054409782984294,0.01761399701354094,42.58113272700575,1540.0,1460.0
10000.0,25.0,3.0,5.0,2.0,0.0,271.0,0.025130108988378197,0.05892071200651117,0.05334317998494953,0.01591094900504686,42.73444501301856,1540.0,1460.0
10000.0,25.0,3.0,5.0,2.0,0.0,272.0,0.024332175991730765,0.04990543698659167,0.055728904000716284,0.02621365201775916,42.890633344999515,1540.0,1470.0
10000.0,25.0,3.0,5.0,2.0,0.0,273.0,0.02674150699749589,0.0546784239995759,0.054391857993323356,0.02243274200009182,43.0488859230245,1540.0,1470.0
10000.0,25.0,3.0,5.0,2.0,0.0,274.0,0.027985295979306102,0.05172248001326807,0.05490595300216228,0.02738719998160377,43.21089442202356,1770.0,1470.0
10000.0,25.0,3.0,5.0,2.0,0.0,275.0,0.02454414201201871,0.05118796901660971,0.056168133014580235,0.01909380400320515,43.36189634402399,1770.0,1470.0
10000.0,25.0,3.0,5.0,2.0,0.0,276.0,0.025854628009255975,0.055212215025676414,0.04802448002737947,0.02493344698450528,43.51592849800363,1770.0,1480.0
10000.0,25.0,3.0,5.0,2.0,0.0,277.0,0.02371108697843738,0.050858712987974286,0.05093717700219713,0.032680581003660336,43.67412451701239,1770.0,1520.0
10000.0,25.0,3.0,5.0,2.0,0.0,278.0,0.024169698008336127,0.058684288000222296,0.052885657001752406,0.012381232983898371,43.82225297100376,1770.0,1530.0
10000.0,25.0,3.0,5.0,2.0,0.0,279.0,0.026847642002394423,0.06099247100064531,0.05030465900199488,0.015284349006833509,43.9756890280114,1770.0,1550.0
10000.0,25.0,3.0,5.0,2.0,0.0,280.0,0.02664629800710827,0.049374666006769985,0.05284166301134974,0.015369722998002544,44.11992864700733,1770.0,1590.0
10000.0,25.0,3.0,5.0,2.0,0.0,281.0,0.025675579003291205,0.05339187299250625,0.05529882598784752,0.018789765977999195,44.27309226201032,1770.0,1620.0
10000.0,25.0,3.0,5.0,2.0,0.0,282.0,0.02461100200889632,0.04860708300839178,0.04886183800408617,0.014400026993826032,44.40958017902449,1770.0,1620.0
10000.0,25.0,3.0,5.0,2.0,0.0,283.0,0.025839993002591655,0.05844156601233408,0.05385848801233806,0.018492620991310105,44.566220661014086,1770.0,1640.0
10000.0,25.0,3.0,5.0,2.0,0.0,284.0,0.026265027991030365,0.05259064101846889,0.052165800996590406,0.01912414698745124,44.71637395900325,1770.0,1640.0
10000.0,25.0,3.0,5.0,2.0,0.0,285.0,0.025533002975862473,0.06251496900222264,0.049346196989063174,0.01696224499028176,44.87073806600529,1770.0,1640.0
10000.0,25.0,3.0,5.0,2.0,0.0,286.0,0.024043099023401737,0.05860461399424821,0.05469610000727698,0.019402849982725456,45.02749246000894,1770.0,1640.0
10000.0,25.0,3.0,5.0,2.0,0.0,287.0,0.023534114006906748,0.04989942998508923,0.052685076982015744,0.02927758399164304,45.18289628002094,1770.0,1640.0
10000.0,25.0,3.0,5.0,2.0,0.0,288.0,0.026304924016585574,0.04736681599752046,0.05204745798255317,0.019129174994304776,45.32775123100146,1770.0,1670.0
10000.0,25.0,3.0,5.0,2.0,0.0,289.0,0.025623177003581077,0.06267446000128984,0.05350593800540082,0.023608477000379935,45.49316985200858,1770.0,1670.0
10000.0,25.0,3.0,5.0,2.0,0.0,290.0,0.027973594987997785,0.060435535007854924,0.060029839980416,0.02019988899701275,45.6618156080076,1770.0,1670.0
10000.0,25.0,3.0,5.0,2.0,0.0,291.0,0.03007406697724946,0.057950188987888396,0.06135453601018526,0.01800644298782572,45.82920847600326,1770.0,1670.0
10000.0,25.0,3.0,5.0,2.0,0.0,292.0,0.025292695994721726,0.06005710500176065,0.05491446200176142,0.01763917299103923,45.98711997401551,1770.0,1670.0
10000.0,25.0,3.0,5.0,2.0,0.0,293.0,0.02637443400453776,0.05760098301107064,0.05602708802325651,0.026413835992570966,46.15354355800082,1770.0,1670.0
10000.0,25.0,3.0,5.0,2.0,0.0,294.0,0.02914892800617963,0.058507675013970584,0.0535703839850612,0.0226182600017637,46.317396012018435,1770.0,1670.0
10000.0,25.0,3.0,5.0,2.0,0.0,295.0,0.027013787999749184,0.05517729098210111,0.05369488600990735,0.018549262022133917,46.47183937902446,1770.0,1670.0
10000.0,25.0,3.0,5.0,2.0,0.0,296.0,0.025887184019666165,0.054525919986190274,0.052926290984032676,0.021976949006784707,46.62716387902037,1770.0,1690.0
10000.0,25.0,3.0,5.0,2.0,0.0,297.0,0.02563157200347632,0.052109299023868516,0.05305061797844246,0.029902565001975745,46.78786560302251,1770.0,1690.0
10000.0,25.0,3.0,5.0,2.0,0.0,298.0,0.026162800000747666,0.05242009699577466,0.05244136700639501,0.02377381597761996,46.94267092301743,1770.0,1690.0
10000.0,25.0,3.0,5.0,2.0,0.0,299.0,0.024581730976933613,0.05817954501253553,0.059680909995222464,0.028294752992223948,47.113415476022055,1770.0,1690.0
10000.0,25.0,3.0,5.0,2.0,0.0,300.0,0.026002552011050284,0.05059510699356906,0.055932489020051435,0.017031655996106565,47.26298402500106,1770.0,1690.0
10000.0,25.0,3.0,5.0,2.0,0.0,301.0,0.025450290995649993,0.05523857698426582,0.05266090200166218,0.017303386004641652,47.41364402801264,1800.0,1700.0
10000.0,25.0,3.0,5.0,2.0,0.0,302.0,0.025952116993721575,0.05263202401692979,0.05052731800242327,0.018736750993411988,47.56149953600834,1800.0,1700.0
10000.0,25.0,3.0,5.0,2.0,0.0,303.0,0.02453485399018973,0.05270155900507234,0.05638188502052799,0.023058182996464893,47.71818354201969,1800.0,1710.0
10000.0,25.0,3.0,5.0,2.0,0.0,304.0,0.024127046985086054,0.04900292798993178,0.05329293297836557,0.028261516010388732,47.87287520599784,1800.0,1710.0
10000.0,25.0,3.0,5.0,2.0,0.0,305.0,0.030911151989130303,0.05193495101411827,0.06376386500778608,0.016091123019577935,48.03558328101644,1800.0,1710.0
10000.0,25.0,3.0,5.0,2.0,0.0,306.0,0.026175570994382724,0.048449841007823125,0.05315398899256252,0.020741303014801815,48.18411111799651,1800.0,1710.0
10000.0,25.0,3.0,5.0,2.0,0.0,307.0,0.024087824014713988,0.05678183300187811,0.05206389899831265,0.015751069993712008,48.3328026770032,1800.0,1710.0
10000.0,25.0,3.0,5.0,2.0,0.0,308.0,0.02417821899871342,0.051442989002680406,0.05181308800820261,0.01936201099306345,48.479605957021704,1800.0,1730.0
10000.0,25.0,3.0,5.0,2.0,0.0,309.0,0.023528480989625677,0.04885299000306986,0.04931861997465603,0.021583822992397472,48.6228975020058,1800.0,1750.0
10000.0,25.0,3.0,5.0,2.0,0.0,310.0,0.027336153987562284,0.06210217301850207,0.05085086400504224,0.01938298999448307,48.78259866099688,1810.0,1760.0
10000.0,25.0,3.0,5.0,2.0,0.0,311.0,0.021044911991339177,0.04871031400398351,0.061940073006553575,0.021232125000096858,48.935533352021594,1810.0,1760.0
10000.0,25.0,3.0,5.0,2.0,0.0,312.0,0.02633117901859805,0.05028120300266892,0.051070465007796884,0.027098115999251604,49.09032213001046,1810.0,1760.0
10000.0,25.0,3.0,5.0,2.0,0.0,313.0,0.027790496998932213,0.049657928000669926,0.05157849201350473,0.03335148500627838,49.25270803301828,1810.0,1760.0
10000.0,25.0,3.0,5.0,2.0,0.0,314.0,0.023530286009190604,0.05813096201745793,0.049200286011910066,0.03053280001040548,49.41411064899876,1810.0,1760.0
10000.0,25.0,3.0,5.0,2.0,0.0,315.0,0.027921491011511534,0.054120790999149904,0.05134384799748659,0.02559457899769768,49.573098937020404,1810.0,1760.0
10000.0,25.0,3.0,5.0,2.0,0.0,316.0,0.023406413005432114,0.05103876200155355,0.05542225201497786,0.027797275019111112,49.73077211601776,1810.0,1760.0
10000.0,25.0,3.0,5.0,2.0,0.0,317.0,0.027802210999652743,0.06349930900614709,0.049083069985499606,0.028457225009333342,49.89962163299788,1870.0,1770.0
10000.0,25.0,3.0,5.0,2.0,0.0,318.0,0.02544452401343733,0.049802002002252266,0.049855943012516946,0.02878237099503167,50.05351420599618,1870.0,1780.0
10000.0,25.0,3.0,5.0,2.0,0.0,319.0,0.02523497401853092,0.061870891018770635,0.05244613598915748,0.028542562009533867,50.221615968999686,1870.0,1780.0
10000.0,25.0,3.0,5.0,2.0,0.0,320.0,0.026239044993417338,0.053646561020286754,0.05230132499127649,0.029081851011142135,50.38289267200162,1870.0,1790.0
10000.0,25.0,3.0,5.0,2.0,0.0,321.0,0.023770264990162104,0.06286926299799234,0.05493685099645518,0.029366161004872993,50.55384293201496,1890.0,1790.0
10000.0,25.0,3.0,5.0,2.0,0.0,322.0,0.025437714997678995,0.06148249702528119,0.053366751002613455,0.031344206974608824,50.7255586880201,1890.0,1790.0
10000.0,25.0,3.0,5.0,2.0,0.0,323.0,0.025334825011668727,0.0692609460093081,0.057601970998803154,0.0307534419989679,50.90851726999972,1890.0,1790.0
10000.0,25.0,3.0,5.0,2.0,0.0,324.0,0.023824859003070742,0.051710683008423075,0.057180828996934,0.031272942025680095,51.07251422200352,1890.0,1800.0
10000.0,25.0,3.0,5.0,2.0,0.0,325.0,0.025033609999809414,0.06367611401947215,0.058505448017967865,0.03181084699463099,51.25154833600391,1890.0,1800.0
10000.0,25.0,3.0,5.0,2.0,0.0,326.0,0.02567568901577033,0.050679600972216576,0.05960572001640685,0.03419337497325614,51.421710465016076,1930.0,1800.0
10000.0,25.0,3.0,5.0,2.0,0.0,327.0,0.024775647994829342,0.05370361701352522,0.05384923898964189,0.018680856010178104,51.572727874008706,1930.0,1810.0
10000.0,25.0,3.0,5.0,2.0,0.0,328.0,0.02752799601876177,0.048813462984981015,0.05345068802125752,0.017979504977120087,51.720507812016876,1930.0,1810.0
10000.0,25.0,3.0,5.0,2.0,0.0,329.0,0.02490924598532729,0.062049378000665456,0.05598620799719356,0.03400759000214748,51.89746778202243,1930.0,1840.0
10000.0,25.0,3.0,5.0,2.0,0.0,330.0,0.025191127002472058,0.05799545699846931,0.05709170998306945,0.023954310978297144,52.061707992019365,1930.0,1840.0
10000.0,25.0,3.0,5.0,2.0,0.0,331.0,0.02461130899609998,0.06305456600966863,0.05465999399893917,0.018579972005682066,52.222621110006,1930.0,1840.0
10000.0,25.0,3.0,5.0,2.0,0.0,332.0,0.02450851898174733,0.04787339299218729,0.05947234501945786,0.016632287995889783,52.37111415201798,1930.0,1840.0
10000.0,25.0,3.0,5.0,2.0,0.0,333.0,0.025624623987823725,0.05096257000695914,0.0528625339793507,0.010272448998875916,52.51084297802299,1930.0,1840.0
10000.0,25.0,3.0,5.0,2.0,0.0,334.0,0.025171941000735387,0.04930902901105583,0.05216674102121033,0.019594968995079398,52.657093081012135,1950.0,1860.0
10000.0,25.0,3.0,5.0,2.0,0.0,335.0,0.02792191700427793,0.0496662310033571,0.05141468398505822,0.012134334014263004,52.79823772399686,1950.0,1860.0
10000.0,25.0,3.0,5.0,2.0,0.0,336.0,0.025420832011150196,0.06323191299452446,0.053344652988016605,0.02128622800228186,52.96152841200819,2000.0,1870.0
10000.0,25.0,3.0,5.0,2.0,0.0,337.0,0.02847596100764349,0.048593607993097976,0.052081586996791884,0.01785401999950409,53.10854105700855,2000.0,1880.0
10000.0,25.0,3.0,5.0,2.0,0.0,338.0,0.02405956498114392,0.05113805801374838,0.051276119018439204,0.013371564011322334,53.24839339000755,2020.0,1900.0
10000.0,25.0,3.0,5.0,2.0,0.0,339.0,0.02423354599159211,0.05026000799261965,0.06087147499783896,0.01967854701797478,53.403443766001146,2020.0,1910.0
10000.0,25.0,3.0,5.0,2.0,0.0,340.0,0.026187035982729867,0.05715253300149925,0.05230181899969466,0.01399710398982279,53.55308927601436,2020.0,1920.0
10000.0,25.0,3.0,5.0,2.0,0.0,341.0,0.024398708977969363,0.053895716002443805,0.0605610880011227,0.014140141982352361,53.706092152016936,2020.0,1930.0
10000.0,25.0,3.0,5.0,2.0,0.0,342.0,0.02535094297491014,0.052294461987912655,0.057588808005675673,0.015378180018160492,53.85671207800624,2020.0,1930.0
10000.0,25.0,3.0,5.0,2.0,0.0,343.0,0.028138830995885655,0.06928432601853274,0.05503109301207587,0.02386458299588412,54.0330384200206,2020.0,1930.0
10000.0,25.0,3.0,5.0,2.0,0.0,344.0,0.02618048997828737,0.0621151439845562,0.05701595201389864,0.012609856989001855,54.19096720899688,2020.0,1930.0
10000.0,25.0,3.0,5.0,2.0,0.0,345.0,0.025717476004501805,0.05839582800399512,0.057574682985432446,0.01888423299533315,54.351546599005815,2020.0,1940.0
10000.0,25.0,3.0,5.0,2.0,0.0,346.0,0.025853618019027635,0.05003720201784745,0.04969780100509524,0.014620412985095754,54.491763017023914,2020.0,1940.0
10000.0,25.0,3.0,5.0,2.0,0.0,347.0,0.02429719499195926,0.05475755498628132,0.05966150399763137,0.021199647017056122,54.65168665800593,2020.0,1940.0
10000.0,25.0,3.0,5.0,2.0,0.0,348.0,0.028781985980458558,0.0515968419786077,0.05292284899041988,0.014069915981963277,54.79906541999662,2020.0,1940.0
10000.0,25.0,3.0,5.0,2.0,0.0,349.0,0.025249766011256725,0.05464149799081497,0.04964310801005922,0.02326915299636312,54.95187636301853,2020.0,1940.0
10000.0,25.0,3.0,5.0,2.0,0.0,350.0,0.028454668004997075,0.059963492007227615,0.051184810989070684,0.016034372994909063,55.10752131001209,2020.0,1940.0
10000.0,25.0,3.0,5.0,2.0,0.0,351.0,0.02489434098242782,0.06682440498843789,0.0589462950010784,0.013983084994833916,55.2721767059993,2020.0,1940.0
10000.0,25.0,3.0,5.0,2.0,0.0,352.0,0.02636653999798,0.05648999600089155,0.06656904201372527,0.0213389290147461,55.44294883401017,2020.0,1940.0
10000.0,25.0,3.0,5.0,2.0,0.0,353.0,0.025595575018087402,0.0524877579882741,0.052338451001560315,0.015624669002136216,55.58900310000172,2020.0,1940.0
10000.0,25.0,3.0,5.0,2.0,0.0,354.0,0.024680528993485495,0.06462186799035408,0.05068921999190934,0.013373028981732205,55.742375561007066,2020.0,1940.0
10000.0,25.0,3.0,5.0,2.0,0.0,355.0,0.025598548003472388,0.06038866500603035,0.055798657005652785,0.015217470994684845,55.899386767006945,2020.0,1940.0
10000.0,25.0,3.0,5.0,2.0,0.0,356.0,0.026139018998946995,0.06193530498421751,0.05494870198890567,0.0151364530029241,56.05755346600199,2020.0,1940.0
10000.0,25.0,3.0,5.0,2.0,0.0,357.0,0.025164649006910622,0.06158746700384654,0.05938769900240004,0.014329693978652358,56.21802971701254,2020.0,1940.0
10000.0,25.0,3.0,5.0,2.0,0.0,358.0,0.02690514299320057,0.050147826987085864,0.054549288994167,0.014172612980473787,56.363811910006916,2020.0,1940.0
10000.0,25.0,3.0,5.0,2.0,0.0,359.0,0.027267312980256975,0.0504338160098996,0.05089613300515339,0.022823478997452185,56.515239305997966,2020.0,1940.0
10000.0,25.0,3.0,5.0,2.0,0.0,360.0,0.025027102994499728,0.05784749600570649,0.055911806994117796,0.016453895979793742,56.67048852000153,2020.0,1940.0
10000.0,25.0,3.0,5.0,2.0,0.0,361.0,0.025721326004713774,0.06161732898908667,0.05419591799727641,0.01822689300752245,56.830258797999704,2020.0,1950.0
10000.0,25.0,3.0,5.0,2.0,0.0,362.0,0.025990850990638137,0.05900476497481577,0.05846075699082576,0.012331238016486168,56.9860534860054,2020.0,1950.0
10000.0,25.0,3.0,5.0,2.0,0.0,363.0,0.023956535005709156,0.05042995500843972,0.05331962599302642,0.015170958009548485,57.128937563014915,2020.0,1950.0
10000.0,25.0,3.0,5.0,2.0,0.0,364.0,0.02477851600269787,0.05286452700966038,0.04964347000350244,0.024826976004987955,57.28105795601732,2020.0,1950.0
10000.0,25.0,3.0,5.0,2.0,0.0,365.0,0.029281926981639117,0.05077309501939453,0.052263165009208024,0.015247803006786853,57.4286313939956,2020.0,1950.0
10000.0,25.0,3.0,5.0,2.0,0.0,366.0,0.02541682100854814,0.060974577005254105,0.05652555701090023,0.018518106982810423,57.59007391700288,2020.0,1950.0
10000.0,25.0,3.0,5.0,2.0,0.0,367.0,0.02430639899102971,0.0543579250224866,0.05374961902271025,0.013341160985874012,57.73583631400834,2020.0,1950.0
10000.0,25.0,3.0,5.0,2.0,0.0,368.0,0.024770803982391953,0.05306801400729455,0.055740423005772755,0.013195626001106575,57.88261834500008,2020.0,1960.0
10000.0,25.0,3.0,5.0,2.0,0.0,369.0,0.025657304999185726,0.05482382999616675,0.05267135601025075,0.013821945991367102,58.0296003910189,2020.0,1960.0
10000.0,25.0,3.0,5.0,2.0,0.0,370.0,0.02691367600345984,0.0485379199963063,0.05288589099654928,0.013885332009522244,58.171830931009026,2020.0,1970.0
10000.0,25.0,3.0,5.0,2.0,0.0,371.0,0.023985458014067262,0.04962172801606357,0.049870446004206315,0.012283188989385962,58.3075989689969,2020.0,1970.0
10000.0,25.0,3.0,5.0,2.0,0.0,372.0,0.022762920998502523,0.050596207001945004,0.0513985900033731,0.01765338401310146,58.45001686702017,2020.0,1970.0
10000.0,25.0,3.0,5.0,2.0,0.0,373.0,0.025426848995266482,0.05158321501221508,0.05395802701241337,0.014225170016288757,58.59521748300176,2020.0,1970.0
10000.0,25.0,3.0,5.0,2.0,0.0,374.0,0.023732455010758713,0.05931832900387235,0.054817655007354915,0.01825888699386269,58.751351933024125,2020.0,1970.0
10000.0,25.0,3.0,5.0,2.0,0.0,375.0,0.026152233011089265,0.05331010700319894,0.054987710987916216,0.01409126297221519,58.89990090302308,2020.0,1970.0
10000.0,25.0,3.0,5.0,2.0,0.0,376.0,0.025226439000107348,0.0561847829958424,0.05261355600669049,0.01559415998053737,59.049527282011695,2020.0,1970.0
10000.0,25.0,3.0,5.0,2.0,0.0,377.0,0.026990142010618,0.05914240499259904,0.05510640601278283,0.017714374989736825,59.2084883020143,2020.0,1970.0
10000.0,25.0,3.0,5.0,2.0,0.0,378.0,0.025777489005122334,0.05337324598804116,0.053439973009517416,0.016016061999835074,59.357102550013224,2020.0,1970.0
10000.0,25.0,3.0,5.0,2.0,0.0,379.0,0.028878950979560614,0.05077247999724932,0.056578446994535625,0.014402590983081609,59.50774260101025,2020.0,1970.0
10000.0,25.0,3.0,5.0,2.0,0.0,380.0,0.02567998899030499,0.05955819401424378,0.05468473699875176,0.02137824401143007,59.669051404023776,2020.0,1970.0
10000.0,25.0,3.0,5.0,2.0,0.0,381.0,0.027150498994160444,0.04950377199565992,0.057304728019516915,0.01953778599272482,59.82255627500126,2020.0,1970.0
10000.0,25.0,3.0,5.0,2.0,0.0,382.0,0.024923568009398878,0.05314681801246479,0.05198446198482998,0.01548434398137033,59.968102810002165,2020.0,1970.0
10000.0,25.0,3.0,5.0,2.0,0.0,383.0,0.02447603500331752,0.06266815101844259,0.05828411498805508,0.019175149995135143,60.132713289000094,2020.0,1970.0
