100.0,10.0,1.0,3.0,3.0,0.0,0.0,0.0025140319994534366,0.011184566000338236,0.010987298999680206,0.025361013000292587,0.05005429699940578,-2890.0,-3920.0
100.0,10.0,1.0,3.0,3.0,0.0,1.0,0.002238197999758995,0.011646861999906832,0.010262028999932227,0.016465368999888597,0.09067404300003545,-2890.0,-3490.0
100.0,10.0,1.0,3.0,3.0,0.0,2.0,0.0020934379999744124,0.01980542000001151,0.011769508999350364,0.015760345999296987,0.14010998999947333,-2760.0,-3200.0
100.0,10.0,1.0,3.0,3.0,0.0,3.0,0.002161392999369127,0.011362102000020968,0.010715883000557369,0.016106418000163103,0.18046291700011352,-2760.0,-3190.0
100.0,10.0,1.0,3.0,3.0,0.0,4.0,0.002018371000303887,0.012172301000646257,0.010419844000352896,0.014319496000098297,0.219400781999866,-2760.0,-3190.0
100.0,10.0,1.0,3.0,3.0,0.0,5.0,0.0020779449996553012,0.011349512000379036,0.011302099999738857,0.014958335000301304,0.2590956690000894,-2760.0,-3070.0
100.0,10.0,1.0,3.0,3.0,0.0,6.0,0.0025488860001132707,0.013619979999930365,0.010439988000143785,0.014299600000413193,0.30001311899923166,-2610.0,-2980.0
100.0,10.0,1.0,3.0,3.0,0.0,7.0,0.0018877450002037222,0.012001318000329775,0.009470576000239816,0.01652562900017074,0.3399077079993731,-2610.0,-2930.0
100.0,10.0,1.0,3.0,3.0,0.0,8.0,0.0015347050002674223,0.012987796999368584,0.010704847000852169,0.01358626799992635,0.37872817299921735,-2610.0,-2930.0
100.0,10.0,1.0,3.0,3.0,0.0,9.0,0.001668636999966111,0.011120011000457453,0.010919194000052812,0.022518173000207753,0.42496148200007156,-2610.0,-2890.0
100.0,10.0,1.0,3.0,3.0,0.0,10.0,0.001652957999795035,0.011092617999565846,0.01085018100002344,0.011911780999980692,0.46047699399969133,-2610.0,-2820.0
100.0,10.0,1.0,3.0,3.0,0.0,11.0,0.0026273659996149945,0.010025601999586797,0.009925890000886284,0.016361231999326264,0.49942475899933925,-2450.0,-2790.0
100.0,10.0,1.0,3.0,3.0,0.0,12.0,0.0026175499997407314,0.009881687999950373,0.009743114999764657,0.011344808000103512,0.5330190649992801,-2450.0,-2770.0
100.0,10.0,1.0,3.0,3.0,0.0,13.0,0.0016210020003200043,0.009797044999686477,0.010129678999874159,0.02321498299988889,0.5777890469998965,-2450.0,-2760.0
100.0,10.0,1.0,3.0,3.0,0.0,14.0,0.0025697119999676943,0.012982627999917895,0.009867402000054426,0.017232322999916505,0.6204479170000923,-2450.0,-2670.0
100.0,10.0,1.0,3.0,3.0,0.0,15.0,0.0016357070007870789,0.011606164999648172,0.009994588999688858,0.01847576799991657,0.6621681439992244,-2450.0,-2670.0
100.0,10.0,1.0,3.0,3.0,0.0,16.0,0.0019298260003779433,0.011908344999937981,0.010374426999987918,0.01948278400050185,0.7058712829993965,-2450.0,-2670.0
100.0,10.0,1.0,3.0,3.0,0.0,17.0,0.001680900999417645,0.011451381999904697,0.011252868000156013,0.01716318500075431,0.747426481999355,-2350.0,-2650.0
100.0,10.0,1.0,3.0,3.0,0.0,18.0,0.002647731999786629,0.011145394999402924,0.011516071999722044,0.019904357000086748,0.7926467909992425,-2350.0,-2590.0
100.0,10.0,1.0,3.0,3.0,0.0,19.0,0.002235371000097075,0.009511430000202381,0.008662834999995539,0.01373437899928831,0.8267975680000745,-2350.0,-2550.0
100.0,10.0,1.0,3.0,3.0,0.0,20.0,0.002701569999771891,0.018704346000049554,0.010316127999431046,0.012264069999218918,0.8707909279992236,-2350.0,-2540.0
100.0,10.0,1.0,3.0,3.0,0.0,21.0,0.002312529999471735,0.012507595999522891,0.009834485000283166,0.015180966000116314,0.9106356749998668,-2300.0,-2500.0
100.0,10.0,1.0,3.0,3.0,0.0,22.0,0.0021298150004440686,0.013831436000145914,0.010346576000301866,0.012284775999432895,0.9492365279993464,-2300.0,-2470.0
100.0,10.0,1.0,3.0,3.0,0.0,23.0,0.0017183989994009607,0.009493528000348306,0.008230323000134376,0.007449525000083668,0.9761358519999703,-2300.0,-2470.0
100.0,10.0,1.0,3.0,3.0,0.0,24.0,0.0018431939997753943,0.00942575799945189,0.011397949000638619,0.010903966000114451,1.0097145939998882,-2300.0,-2460.0
100.0,10.0,1.0,3.0,3.0,0.0,25.0,0.0017726139994920231,0.01143060000049445,0.010184466000282555,0.010676783999770123,1.0437872140000763,-2300.0,-2460.0
100.0,10.0,1.0,3.0,3.0,0.0,26.0,0.0023255100004462292,0.014839175000815885,0.011246228999880259,0.011279985000328452,1.083486124999581,-2300.0,-2460.0
100.0,10.0,1.0,3.0,3.0,0.0,27.0,0.0020739699994010152,0.008731228000215197,0.008493754000483023,0.005585091999819269,1.1083775950000927,-2300.0,-2460.0
100.0,10.0,1.0,3.0,3.0,0.0,28.0,0.0021437610002976726,0.011220734999369597,0.010046424000393017,0.008979140000519692,1.140775439999743,-2300.0,-2460.0
100.0,10.0,1.0,3.0,3.0,0.0,29.0,0.002008765000027779,0.01122048400065978,0.009353211999950872,0.006858845999886398,1.170224505999613,-2300.0,-2460.0
100.0,10.0,1.0,3.0,3.0,0.0,30.0,0.0015173060000961414,0.013140797999767528,0.009816478999709943,0.009155204999842681,1.2038617009993686,-2300.0,-2460.0
100.0,10.0,1.0,3.0,3.0,0.0,31.0,0.0018706410000959295,0.013019068000176048,0.008685681000315526,0.0065425359998698696,1.233987524999975,-2300.0,-2460.0
100.0,10.0,1.0,3.0,3.0,0.0,32.0,0.001786175000233925,0.010112752999702934,0.008487232999868866,0.010456867000357306,1.2648377759996947,-2300.0,-2460.0
100.0,10.0,1.0,3.0,3.0,0.0,33.0,0.0017051810000339174,0.016021942000406852,0.009242658999937703,0.00713402400015184,1.2989490999998452,-2300.0,-2460.0
100.0,10.0,1.0,3.0,3.0,0.0,34.0,0.002334542000426154,0.010038041999905545,0.009862040000371053,0.00687485199978255,1.3280661979997603,-2300.0,-2460.0
100.0,10.0,1.0,3.0,3.0,0.0,35.0,0.002185456999541202,0.012454684999283927,0.009228648000316753,0.008296756000163441,1.3602393060000395,-2300.0,-2460.0
100.0,10.0,1.0,3.0,3.0,0.0,36.0,0.0016195509997487534,0.013198519999605196,0.0103843639999468,0.006500491999759106,1.391950151999481,-2300.0,-2460.0
100.0,10.0,1.0,3.0,3.0,0.0,37.0,0.002164144999369455,0.01329224900018744,0.010991432000082568,0.006190177999997104,1.4245947639992664,-2300.0,-2460.0
100.0,10.0,1.0,3.0,3.0,0.0,38.0,0.0019903279999198276,0.009639103999688814,0.009854973000074096,0.0069198820001474814,1.4530065499993725,-2300.0,-2460.0
100.0,10.0,1.0,3.0,3.0,0.0,39.0,0.002030050999564992,0.011862737000228663,0.009282985999561788,0.008228271000007226,1.4844199760000265,-2300.0,-2460.0
100.0,10.0,1.0,3.0,3.0,0.0,40.0,0.0022085339996920084,0.010057573000267439,0.008497084999362414,0.008551605999855383,1.5137433569998393,-2300.0,-2460.0
100.0,10.0,1.0,3.0,3.0,0.0,41.0,0.0017391330002283212,0.013300299000547966,0.008970160999524524,0.009561493000546761,1.547321295999609,-2300.0,-2460.0
100.0,10.0,1.0,3.0,3.0,0.0,42.0,0.0019682359998114407,0.010452438999891456,0.010313279000001785,0.006759845000487985,1.5768224609992103,-2300.0,-2460.0
100.0,10.0,1.0,3.0,3.0,0.0,43.0,0.0015197289994830498,0.011319774999719812,0.010645851000845141,0.008112051999887626,1.6084274259992526,-2300.0,-2460.0
100.0,10.0,1.0,3.0,3.0,0.0,44.0,0.0017312540003331378,0.010203971999544592,0.009045766000781441,0.013109959999383136,1.6425256469992746,-2290.0,-2410.0
100.0,10.0,1.0,3.0,3.0,0.0,45.0,0.0020596189997377223,0.01668847899964021,0.010632398999405268,0.005259539000689983,1.6771730729997216,-2290.0,-2410.0
100.0,10.0,1.0,3.0,3.0,0.0,46.0,0.0025813359998210217,0.010164932999941811,0.010601658999803476,0.004870140999628347,1.7053983979994882,-2290.0,-2410.0
100.0,10.0,1.0,3.0,3.0,0.0,47.0,0.001898290000099223,0.011958013000366918,0.009698650000245834,0.005138499999702617,1.7340998099998615,-2040.0,-2370.0
100.0,10.0,1.0,3.0,3.0,0.0,48.0,0.0018216790003862116,0.010358351999457227,0.00981843400040816,0.010348668999540678,1.7664549889996124,-1870.0,-2300.0
100.0,10.0,1.0,3.0,3.0,0.0,49.0,0.0019526489995769225,0.008339678999618627,0.008523790999788616,0.01647568099997443,1.801755225999841,-1870.0,-2160.0
100.0,10.0,1.0,3.0,3.0,0.0,50.0,0.002210870000453724,0.008551615000214952,0.009213012000145682,0.0074898069997288985,1.8292288829998142,-1870.0,-2140.0
100.0,10.0,1.0,3.0,3.0,0.0,51.0,0.0019706630000655423,0.010604641000099946,0.009555460000228777,0.011889942999914638,1.8632579559998703,-1870.0,-2140.0
100.0,10.0,1.0,3.0,3.0,0.0,52.0,0.002020914999775414,0.01431055800003378,0.00972472800003743,0.015139141999497951,1.90446129799966,-1870.0,-2140.0
100.0,10.0,1.0,3.0,3.0,0.0,53.0,0.002908544000092661,0.00930009900002915,0.011237365999477333,0.0074528310005916865,1.9353674939993653,-1870.0,-2140.0
100.0,10.0,1.0,3.0,3.0,0.0,54.0,0.002099119999911636,0.010765545000140264,0.009515687000202888,0.009007249000205775,1.966762959999869,-1870.0,-2140.0
100.0,10.0,1.0,3.0,3.0,0.0,55.0,0.0015069780001795152,0.009376187000270875,0.00913636499990389,0.008936438000091584,1.995726169999216,-1870.0,-2140.0
100.0,10.0,1.0,3.0,3.0,0.0,56.0,0.0020339110005807015,0.00891697099996236,0.012329627000326582,0.013122096999722999,2.0321355719997882,-1870.0,-2130.0
100.0,10.0,1.0,3.0,3.0,0.0,57.0,0.0021970919997329474,0.008843630000228586,0.008983218000139459,0.009063309999874036,2.0612299229997006,-1870.0,-2130.0
100.0,10.0,1.0,3.0,3.0,0.0,58.0,0.0016239609994954662,0.01684098899931996,0.01367503600067721,0.013802580999254133,2.107180347999929,-1870.0,-2130.0
100.0,10.0,1.0,3.0,3.0,0.0,59.0,0.002359582999815757,0.01024644800054375,0.012772555999617907,0.008724157999495219,2.141290515000037,-1870.0,-2130.0
100.0,10.0,1.0,3.0,3.0,0.0,60.0,0.002312749000338954,0.006824186000812915,0.008267404999969585,0.008195364000130212,2.1668969249994916,-1870.0,-2130.0
100.0,10.0,1.0,3.0,3.0,0.0,61.0,0.0016303859993058722,0.008247418999417278,0.008538218000467168,0.008075215000644675,2.1933954399992217,-1870.0,-2130.0
100.0,10.0,1.0,3.0,3.0,0.0,62.0,0.001624251999601256,0.00838935699994181,0.009549051999783842,0.0071577429998797015,2.2201235499996983,-1870.0,-2130.0
100.0,10.0,1.0,3.0,3.0,0.0,63.0,0.0018396669993308024,0.008186965000277269,0.008408771000176785,0.008223453000027803,2.246792297999491,-1870.0,-2130.0
100.0,10.0,1.0,3.0,3.0,0.0,64.0,0.0018428080002195202,0.007754014000056486,0.00883427799999481,0.009425019999980577,2.2746564270000817,-1870.0,-2130.0
100.0,10.0,1.0,3.0,3.0,0.0,65.0,0.0015349559998867335,0.011956717999964894,0.008551457999601553,0.011496856999656302,2.308204640999975,-1870.0,-2130.0
100.0,10.0,1.0,3.0,3.0,0.0,66.0,0.0020174279998173006,0.008418905000326049,0.008853031999933592,0.008484697000312735,2.3359867659992233,-1870.0,-2130.0
100.0,10.0,1.0,3.0,3.0,0.0,67.0,0.0014433810001719394,0.008024484999623382,0.008862296999723185,0.009851353999692947,2.3641761189992394,-1870.0,-2130.0
100.0,10.0,1.0,3.0,3.0,0.0,68.0,0.001595783999619016,0.00955857200005994,0.008343289000549703,0.010080511999149167,2.393762573999993,-1870.0,-2110.0
100.0,10.0,1.0,3.0,3.0,0.0,69.0,0.0018245279998154729,0.010761282999737887,0.010695330999624275,0.009922053000082087,2.4269728700000996,-1870.0,-2110.0
100.0,10.0,1.0,3.0,3.0,0.0,70.0,0.0015572889997201855,0.008548967000024277,0.008854589000293345,0.008326483000018925,2.454267598000115,-1870.0,-2100.0
100.0,10.0,1.0,3.0,3.0,0.0,71.0,0.002104946999679669,0.013194569999541272,0.008201663999898301,0.00844003000020166,2.486215590000029,-1870.0,-2100.0
100.0,10.0,1.0,3.0,3.0,0.0,72.0,0.0017461019997426774,0.010024917000009737,0.008769923999352613,0.013007239999751619,2.519770767999944,-1870.0,-2100.0
100.0,10.0,1.0,3.0,3.0,0.0,73.0,0.001732654000079492,0.008990669999548118,0.008654238000417536,0.00680527000076836,2.5459702399994057,-1870.0,-2100.0
100.0,10.0,1.0,3.0,3.0,0.0,74.0,0.0013972759998068796,0.008089753000604105,0.009734534000017447,0.010076046999529353,2.575275084999703,-1870.0,-2100.0
100.0,10.0,1.0,3.0,3.0,0.0,75.0,0.0017859019999377779,0.007764381999550096,0.008282905999294599,0.010890714999732154,2.60400654499972,-1870.0,-2100.0
100.0,10.0,1.0,3.0,3.0,0.0,76.0,0.0017052020002665813,0.016948018999755732,0.01091906200053927,0.011533709999639541,2.6451193449993298,-1870.0,-2100.0
100.0,10.0,1.0,3.0,3.0,0.0,77.0,0.0021594999998342246,0.013227774000370118,0.00835419500072021,0.010588706999442365,2.679456909999317,-1870.0,-2090.0
100.0,10.0,1.0,3.0,3.0,0.0,78.0,0.0016743419992053532,0.008196291000786005,0.009010508999381273,0.01061488699997426,2.7089612820000184,-1870.0,-2090.0
100.0,10.0,1.0,3.0,3.0,0.0,79.0,0.001870062000307371,0.013399047999882896,0.010698516000047675,0.006073262999962026,2.7410101599998598,-1870.0,-2090.0
100.0,10.0,1.0,3.0,3.0,0.0,80.0,0.00150793199918553,0.008387013000174193,0.00892226500036486,0.009471506999943813,2.7693065389994445,-1790.0,-2050.0
100.0,10.0,1.0,3.0,3.0,0.0,81.0,0.001616513000044506,0.009413664000021527,0.009117501999753586,0.011347190999913437,2.8008088209999187,-1790.0,-2040.0
100.0,10.0,1.0,3.0,3.0,0.0,82.0,0.0018423479996272363,0.011556000000382483,0.008859543999278685,0.007901615999799105,2.8309763929992187,-1790.0,-2030.0
100.0,10.0,1.0,3.0,3.0,0.0,83.0,0.001775470999746176,0.009169568999823241,0.009020586000588082,0.010344559999794,2.8612944599999537,-1760.0,-1990.0
100.0,10.0,1.0,3.0,3.0,0.0,84.0,0.0021001810000598198,0.010952521000035631,0.008547985999939556,0.007877860000007786,2.8907805259996167,-1760.0,-1960.0
100.0,10.0,1.0,3.0,3.0,0.0,85.0,0.0027264210002613254,0.010077124999952503,0.008485084000312781,0.00980108499970811,2.9218777189998946,-1760.0,-1950.0
100.0,10.0,1.0,3.0,3.0,0.0,86.0,0.0017995759999394068,0.010076546000163944,0.008920669999497477,0.007574099999146711,2.950256086999616,-1760.0,-1950.0
100.0,10.0,1.0,3.0,3.0,0.0,87.0,0.001569729000038933,0.009531532999972114,0.008059533000050578,0.006687273999887111,2.9761113399999886,-1760.0,-1930.0
100.0,10.0,1.0,3.0,3.0,0.0,88.0,0.0020574689997374662,0.009771914999873843,0.008639345999654324,0.011079718000473804,3.007666947999496,-1760.0,-1930.0
100.0,10.0,1.0,3.0,3.0,0.0,89.0,0.0021126219999132445,0.010795854000207328,0.010267033999298292,0.009796671000003698,3.0406474259998504,-1760.0,-1930.0
100.0,10.0,1.0,3.0,3.0,0.0,90.0,0.002608702000543417,0.010560224000073504,0.010636594999596127,0.011021725999853516,3.0754817389997697,-1760.0,-1930.0
100.0,10.0,1.0,3.0,3.0,0.0,91.0,0.0031373900001199218,0.011581952000597084,0.009286544999667967,0.010753378000117664,3.110248762000083,-1760.0,-1930.0
100.0,10.0,1.0,3.0,3.0,0.0,92.0,0.0027194990007046727,0.011258028999691305,0.010072619000311533,0.010117017999618838,3.1444233229995007,-1760.0,-1930.0
100.0,10.0,1.0,3.0,3.0,0.0,93.0,0.0020771979998244205,0.011753514000702125,0.008191801000066334,0.010842732000128308,3.17729609899925,-1760.0,-1920.0
100.0,10.0,1.0,3.0,3.0,0.0,94.0,0.002293159000146261,0.009639262000746385,0.009863636000773113,0.00873658799991972,3.2078358239996305,-1760.0,-1920.0
100.0,10.0,1.0,3.0,3.0,0.0,95.0,0.0018263669999214471,0.007754954000120051,0.010656006000317575,0.01170745600029477,3.239788846999545,-1760.0,-1920.0
100.0,10.0,1.0,3.0,3.0,0.0,96.0,0.00171345799935807,0.010772085999633418,0.009174099000119895,0.01161805399988225,3.273076086999936,-1760.0,-1920.0
100.0,10.0,1.0,3.0,3.0,0.0,97.0,0.0020746079999298672,0.014073256000301626,0.009334358999694814,0.013088911000522785,3.311655382999561,-1760.0,-1920.0
100.0,10.0,1.0,3.0,3.0,0.0,98.0,0.0019390249999560183,0.010001466000176151,0.010991008000019065,0.013210475000050792,3.347805514999891,-1760.0,-1920.0
100.0,10.0,1.0,3.0,3.0,0.0,99.0,0.0019989280008303467,0.013721713999984786,0.010097894999489654,0.012156017999586766,3.3857886830001007,-1760.0,-1920.0
100.0,10.0,1.0,3.0,3.0,0.0,100.0,0.0021764000002804096,0.011775998999837611,0.008855148000293411,0.008503064999786147,3.4171066689996223,-1760.0,-1910.0
100.0,10.0,1.0,3.0,3.0,0.0,101.0,0.0021123179994901875,0.010203702000580961,0.008912139000130992,0.009073868999621482,3.4474161729995103,-1760.0,-1910.0
100.0,10.0,1.0,3.0,3.0,0.0,102.0,0.0018339640000704094,0.012192286999379576,0.009104892999857839,0.014381484999830718,3.484936533999644,-1760.0,-1910.0
100.0,10.0,1.0,3.0,3.0,0.0,103.0,0.0019169520001014462,0.013759704000221973,0.008571590999963519,0.014205966999725206,3.5233986419998473,-1760.0,-1880.0
100.0,10.0,1.0,3.0,3.0,0.0,104.0,0.0019527320000634063,0.011564110000108485,0.009215023999786354,0.005484700999659253,3.551623278999614,-1760.0,-1880.0
100.0,10.0,1.0,3.0,3.0,0.0,105.0,0.0023640839999643504,0.010533046000091417,0.009069546999853628,0.006788428000618296,3.5803856309994444,-1760.0,-1880.0
100.0,10.0,1.0,3.0,3.0,0.0,106.0,0.0017930140002135886,0.007966460999341507,0.009145054999862623,0.004740207999930135,3.6040378679999776,-1750.0,-1870.0
100.0,10.0,1.0,3.0,3.0,0.0,107.0,0.0017066039999917848,0.008112888000141538,0.010214809999524732,0.0017556920001879917,3.625843101999635,-1750.0,-1870.0
100.0,10.0,1.0,3.0,3.0,0.0,108.0,0.001577154999722552,0.009863305999715521,0.009938950999639928,0.0014397530003407155,3.648669750999943,-1750.0,-1870.0
100.0,10.0,1.0,3.0,3.0,0.0,109.0,0.0019816190006167744,0.011744508999981917,0.00991543200052547,0.0013681809996342054,3.6736866749997716,-1750.0,-1870.0
100.0,10.0,1.0,3.0,3.0,0.0,110.0,0.0017079889994420228,0.012892523000118672,0.010509527999602142,0.0013731259996347944,3.700177158999395,-1750.0,-1870.0
100.0,10.0,1.0,3.0,3.0,0.0,111.0,0.0021614960005535977,0.008777469000051497,0.01013406899983238,0.0015056649999678484,3.722762909999801,-1750.0,-1870.0
100.0,10.0,1.0,3.0,3.0,0.0,112.0,0.0015189269997790689,0.010524637999878905,0.009765812000296137,0.0032165379998332355,3.74779573899923,-1750.0,-1860.0
100.0,10.0,1.0,3.0,3.0,0.0,113.0,0.0014870559998598765,0.010044433000075514,0.008977151000181038,0.0033611440003369353,3.7716731559994514,-1740.0,-1830.0
100.0,10.0,1.0,3.0,3.0,0.0,114.0,0.0017692399997031316,0.01185906399950909,0.012237619999723393,0.01035869699990144,3.807906338000066,-1740.0,-1830.0
100.0,10.0,1.0,3.0,3.0,0.0,115.0,0.0019178880002073129,0.015514071000325202,0.010340570000153093,0.008607172000665742,3.8442934599997898,-1740.0,-1790.0
100.0,10.0,1.0,3.0,3.0,0.0,116.0,0.0017762029992809403,0.008221521000450593,0.010336122999433428,0.010579967000012402,3.875215168000068,-1730.0,-1790.0
100.0,10.0,1.0,3.0,3.0,0.0,117.0,0.0018651359996511019,0.013674010999238817,0.010499127000002773,0.008568964000005508,3.9098303319997285,-1580.0,-1780.0
100.0,10.0,1.0,3.0,3.0,0.0,118.0,0.0018144050000046263,0.017942425000001094,0.011165242000060971,0.008468874999380205,3.9492285329997685,-1580.0,-1780.0
100.0,10.0,1.0,3.0,3.0,0.0,119.0,0.0016774609994172351,0.00816368899995723,0.00913806099924841,0.006917290000274079,3.9751325769993855,-1580.0,-1780.0
100.0,10.0,1.0,3.0,3.0,0.0,120.0,0.0019366480000826414,0.01010153100014577,0.010004402999584272,0.010990518000653537,4.008173216999239,-1530.0,-1770.0
100.0,10.0,1.0,3.0,3.0,0.0,121.0,0.0021160420001251623,0.010405185999843525,0.008914946999539097,0.005214466999859724,4.0348320279999825,-1530.0,-1770.0
100.0,10.0,1.0,3.0,3.0,0.0,122.0,0.0022652609995930106,0.010185465999711596,0.0093318380004348,0.007137514000532974,4.063760667999304,-1530.0,-1770.0
100.0,10.0,1.0,3.0,3.0,0.0,123.0,0.0022489040002255933,0.010067531999993662,0.010575074000371387,0.004183508000096481,4.090842753999823,-1530.0,-1760.0
100.0,10.0,1.0,3.0,3.0,0.0,124.0,0.0022737819999747444,0.010370178000812302,0.009420989999853191,0.003797231999669748,4.116711885999393,-1530.0,-1760.0
100.0,10.0,1.0,3.0,3.0,0.0,125.0,0.0017078219998438726,0.013495043000148144,0.01017763100026059,0.0047739789997649495,4.146873886999856,-1530.0,-1760.0
100.0,10.0,1.0,3.0,3.0,0.0,126.0,0.0017266630002268357,0.01582609399974899,0.009233102000507643,0.005683306000719313,4.179350329999579,-1530.0,-1760.0
100.0,10.0,1.0,3.0,3.0,0.0,127.0,0.0014357589998326148,0.010971418000735866,0.009498137999798928,0.011511331000292557,4.212774679999711,-1490.0,-1750.0
100.0,10.0,1.0,3.0,3.0,0.0,128.0,0.001779047999661998,0.012367317999633087,0.009775980999620515,0.010221796000223549,4.246926850999444,-1470.0,-1740.0
100.0,10.0,1.0,3.0,3.0,0.0,129.0,0.0019118199998047203,0.009649941000134277,0.00899786900026811,0.01985071900071489,4.287344749999647,-1470.0,-1730.0
100.0,10.0,1.0,3.0,3.0,0.0,130.0,0.00195002599957661,0.009395812000548176,0.010704407000048377,0.011318780999317823,4.320721301000049,-1470.0,-1700.0
100.0,10.0,1.0,3.0,3.0,0.0,131.0,0.0018470180002623238,0.0082344810007271,0.010317295000277227,0.01970442899983027,4.360831772999518,-1470.0,-1700.0
100.0,10.0,1.0,3.0,3.0,0.0,132.0,0.0019706350003616535,0.014952021999306453,0.01239889599946764,0.012335395999798493,4.402496539999447,-1470.0,-1700.0
100.0,10.0,1.0,3.0,3.0,0.0,133.0,0.0013761039999735658,0.012120827999751782,0.011858679999932065,0.017073842999707267,4.444933696999215,-1470.0,-1700.0
100.0,10.0,1.0,3.0,3.0,0.0,134.0,0.0023087270001269644,0.01013615400006529,0.007758147000458848,0.012635942000088107,4.477779868999278,-1470.0,-1690.0
100.0,10.0,1.0,3.0,3.0,0.0,135.0,0.0013685630001418758,0.013588588999482454,0.011080868000135524,0.015319930000259774,4.519144580999637,-1430.0,-1630.0
100.0,10.0,1.0,3.0,3.0,0.0,136.0,0.0022000769995429437,0.007619974000590446,0.009644034999837459,0.011543619000804028,4.550160183000116,-1430.0,-1630.0
100.0,10.0,1.0,3.0,3.0,0.0,137.0,0.0017923360001077526,0.008263677000286407,0.009065156999895407,0.008102757999949972,4.577392409999447,-1430.0,-1630.0
100.0,10.0,1.0,3.0,3.0,0.0,138.0,0.0018694260006668628,0.008894180999959644,0.00868020800044178,0.011479679000331089,4.608323759000086,-1430.0,-1630.0
100.0,10.0,1.0,3.0,3.0,0.0,139.0,0.0017618980000406737,0.010376631999861274,0.010868444999687199,0.009407737999936217,4.640746078999655,-1430.0,-1630.0
100.0,10.0,1.0,3.0,3.0,0.0,140.0,0.0025308869999207673,0.00853317299970513,0.009758946000147262,0.009912651999911759,4.671489658999235,-1430.0,-1630.0
100.0,10.0,1.0,3.0,3.0,0.0,141.0,0.0019861649998347275,0.009081317999516614,0.008440392000011343,0.011752030000025115,4.702756876999956,-1430.0,-1580.0
100.0,10.0,1.0,3.0,3.0,0.0,142.0,0.0022393720000764006,0.008402909000324144,0.009963086999960069,0.019781736000368255,4.743151042999671,-1430.0,-1580.0
100.0,10.0,1.0,3.0,3.0,0.0,143.0,0.002003704999879119,0.010334804999729386,0.010121817999788618,0.014951684000152454,4.780570480999813,-1430.0,-1580.0
100.0,10.0,1.0,3.0,3.0,0.0,144.0,0.0017948759996215813,0.010431810999762092,0.011565131999304867,0.015969355999914114,4.820339868999326,-1430.0,-1570.0
100.0,10.0,1.0,3.0,3.0,0.0,145.0,0.002623473000312515,0.006620709999879182,0.010843372000636009,0.010246522999295848,4.850682369999959,-1430.0,-1570.0
100.0,10.0,1.0,3.0,3.0,0.0,146.0,0.0015868709997448605,0.01044845000069472,0.009344766000140226,0.01243384800000058,4.884504509999715,-1430.0,-1570.0
100.0,10.0,1.0,3.0,3.0,0.0,147.0,0.0017318340005658683,0.012700018999566964,0.00890393099962239,0.012081337999916286,4.919930827999451,-1430.0,-1550.0
100.0,10.0,1.0,3.0,3.0,0.0,148.0,0.002379728000050818,0.013302176999786752,0.011781287999838241,0.014234233999559365,4.961636037999597,-1430.0,-1550.0
100.0,10.0,1.0,3.0,3.0,0.0,149.0,0.0017390960001648637,0.010440162000122655,0.01067211600002338,0.020436584999515617,5.004931384999509,-1430.0,-1550.0
100.0,10.0,1.0,3.0,3.0,0.0,150.0,0.002724267999838048,0.015608609000082652,0.010989764999976614,0.019636314999843307,5.053898036999271,-1430.0,-1550.0
100.0,10.0,1.0,3.0,3.0,0.0,151.0,0.001833604999774252,0.0076370950000637094,0.010801613000694488,0.013281737999932375,5.087459431999378,-1430.0,-1550.0
100.0,10.0,1.0,3.0,3.0,0.0,152.0,0.002231305000350403,0.008405157000197505,0.010104783999850042,0.014183975999912946,5.122391892999985,-1430.0,-1550.0
100.0,10.0,1.0,3.0,3.0,0.0,153.0,0.0027278610004941584,0.00905526699989423,0.010742016000222065,0.015472107999812579,5.1603960749998805,-1430.0,-1550.0
100.0,10.0,1.0,3.0,3.0,0.0,154.0,0.0020664540006691823,0.013684164000551391,0.011316905999592564,0.011718615000063437,5.199189173999912,-1430.0,-1550.0
100.0,10.0,1.0,3.0,3.0,0.0,155.0,0.00223032299982151,0.008706177000021853,0.00968180499967275,0.01341589300045598,5.233231307000096,-1430.0,-1550.0
100.0,10.0,1.0,3.0,3.0,0.0,156.0,0.0021244709996608435,0.00749206199998298,0.010920931000327982,0.01073123999958625,5.264506984999571,-1430.0,-1550.0
100.0,10.0,1.0,3.0,3.0,0.0,157.0,0.0020558030000756844,0.007816289000402321,0.009517485000287706,0.01266876699992281,5.296572741999626,-1430.0,-1550.0
100.0,10.0,1.0,3.0,3.0,0.0,158.0,0.0014507370005958364,0.010409073999653629,0.009069910000107484,0.02143580999927508,5.338945619999322,-1430.0,-1550.0
100.0,10.0,1.0,3.0,3.0,0.0,159.0,0.002043831999799295,0.011800697999206022,0.010133139999197738,0.015757108999423508,5.37868770499972,-1430.0,-1550.0
100.0,10.0,1.0,3.0,3.0,0.0,160.0,0.002320241000234091,0.007505625000703731,0.01126243999988219,0.012155441999311734,5.411939200999768,-1430.0,-1550.0
100.0,10.0,1.0,3.0,3.0,0.0,161.0,0.0020921920004184358,0.007467603999430139,0.009183864000078756,0.012378250000438129,5.443068788999881,-1430.0,-1550.0
100.0,10.0,1.0,3.0,3.0,0.0,162.0,0.0021482250003828085,0.008435327000370307,0.010880028000428865,0.013128929999766115,5.477670235000005,-1430.0,-1550.0
100.0,10.0,1.0,3.0,3.0,0.0,163.0,0.0020315689998824382,0.012120490000597783,0.01234909799950401,0.010911799000496103,5.515093087999958,-1430.0,-1550.0
100.0,10.0,1.0,3.0,3.0,0.0,164.0,0.0024580720000813017,0.012640126000405871,0.009601621000001614,0.013330351000149676,5.553131728999688,-1430.0,-1550.0
100.0,10.0,1.0,3.0,3.0,0.0,165.0,0.002370619999965129,0.008745684999666992,0.009449436999602767,0.012356950000139477,5.586061379000057,-1430.0,-1550.0
100.0,10.0,1.0,3.0,3.0,0.0,166.0,0.001706879000266781,0.007764717000100063,0.009529949000352644,0.015279826000551111,5.620351038000081,-1430.0,-1550.0
100.0,10.0,1.0,3.0,3.0,0.0,167.0,0.002005719999942812,0.008800908000011987,0.009709491000648995,0.019798864000222238,5.66067338799985,-1430.0,-1550.0
100.0,10.0,1.0,3.0,3.0,0.0,168.0,0.0023955460001161555,0.016981967999527114,0.01110602300013852,0.011913946999811742,5.703077871999994,-1430.0,-1550.0
100.0,10.0,1.0,3.0,3.0,0.0,169.0,0.0018764500000543194,0.00801007700010814,0.010512759999983246,0.011030599000150687,5.73451501999989,-1430.0,-1550.0
100.0,10.0,1.0,3.0,3.0,0.0,170.0,0.0024700129997654585,0.006096613000408979,0.010651442999915162,0.012014854999506497,5.765755470999466,-1430.0,-1550.0
100.0,10.0,1.0,3.0,3.0,0.0,171.0,0.0018690369997784728,0.008352408000064315,0.009099075999984052,0.014332658000057563,5.799416418999499,-1430.0,-1550.0
100.0,10.0,1.0,3.0,3.0,0.0,172.0,0.0017093209999075043,0.00967912600026466,0.009318509999502567,0.014404144000764063,5.834536233000108,-1430.0,-1550.0
100.0,10.0,1.0,3.0,3.0,0.0,173.0,0.0018254429996886756,0.008560953000596783,0.008165117999851645,0.012688952999269532,5.865786140999262,-1430.0,-1550.0
100.0,10.0,1.0,3.0,3.0,0.0,174.0,0.0015278809996743803,0.007911465999313805,0.009135622000030708,0.011700167999151745,5.896069218999401,-1430.0,-1550.0
100.0,10.0,1.0,3.0,3.0,0.0,175.0,0.0018719850004345062,0.008177401000466489,0.009976441000617342,0.012756917999467987,5.928859716999796,-1430.0,-1550.0
100.0,10.0,1.0,3.0,3.0,0.0,176.0,0.0019034920005651657,0.00793167300071218,0.011296161000245775,0.011878889999934472,5.961877633999393,-1430.0,-1550.0
100.0,10.0,1.0,3.0,3.0,0.0,177.0,0.0019229729996368405,0.004383842999232002,0.009000166000078025,0.014715326999976241,5.991907159999755,-1430.0,-1550.0
100.0,10.0,1.0,3.0,3.0,0.0,178.0,0.0018938519997391268,0.005993699000100605,0.010483917999408732,0.013484502999745018,6.023770481999236,-1430.0,-1550.0
100.0,10.0,1.0,3.0,3.0,0.0,179.0,0.001625798000532086,0.006396192000465817,0.009526030999950308,0.012128512999879604,6.0534545000000435,-1430.0,-1550.0
100.0,10.0,1.0,3.0,3.0,0.0,180.0,0.0014441780003835447,0.008030281999708677,0.008585212000070896,0.011509957000271243,6.083031573999506,-1430.0,-1550.0
100.0,10.0,1.0,3.0,3.0,0.0,181.0,0.0016653330003464362,0.010977300999911677,0.011106994999863673,0.013613787999929627,6.120402558999558,-1430.0,-1550.0
100.0,10.0,1.0,3.0,3.0,0.0,182.0,0.0026770929998747306,0.011952197000027809,0.009324194000328134,0.012811571000383992,6.1571752639993065,-1430.0,-1540.0
100.0,10.0,1.0,3.0,3.0,0.0,183.0,0.0019210499995097052,0.011263411000072665,0.010329980999813415,0.012313731999711308,6.193010958999366,-1430.0,-1540.0
100.0,10.0,1.0,3.0,3.0,0.0,184.0,0.0018682429999898886,0.008455625999886252,0.008050325999647612,0.01372854799956258,6.225121304999448,-1430.0,-1540.0
100.0,10.0,1.0,3.0,3.0,0.0,185.0,0.0015751500004625996,0.010188607000600314,0.010337929000343138,0.013758331999270013,6.260989102999702,-1430.0,-1540.0
100.0,10.0,1.0,3.0,3.0,0.0,186.0,0.002216521999798715,0.01167285500014259,0.010086078999847814,0.01880435299972305,6.303776495999955,-1430.0,-1540.0
100.0,10.0,1.0,3.0,3.0,0.0,187.0,0.0018782130000545294,0.00907833400015079,0.009685721000096237,0.01439623899932485,6.338822636999794,-1430.0,-1540.0
100.0,10.0,1.0,3.0,3.0,0.0,188.0,0.0017540109993205988,0.007965658000102849,0.008326522000061232,0.015117917999305064,6.371994075999282,-1430.0,-1540.0
100.0,10.0,1.0,3.0,3.0,0.0,189.0,0.0016063980001490563,0.011516977999235678,0.009943701000338478,0.014842290999695251,6.4099113399997805,-1430.0,-1540.0
100.0,10.0,1.0,3.0,3.0,0.0,190.0,0.002582733999588527,0.008328167999934522,0.009718782000163628,0.02375926399963646,6.454307547999633,-1430.0,-1540.0
100.0,10.0,1.0,3.0,3.0,0.0,191.0,0.0023070589995768387,0.00888358199972572,0.010749889000180701,0.014047448999917833,6.49030217499967,-1430.0,-1540.0
100.0,10.0,1.0,3.0,3.0,0.0,192.0,0.0022075329998187954,0.008051414000874502,0.008421028000157094,0.013653521000378532,6.522642754000117,-1430.0,-1540.0
100.0,10.0,1.0,3.0,3.0,0.0,193.0,0.0021643540003424278,0.009920779999447404,0.009006297999803792,0.01550651000070502,6.5592485999995915,-1430.0,-1540.0
100.0,10.0,1.0,3.0,3.0,0.0,194.0,0.0025196460001097876,0.007759779000480194,0.011374996999620635,0.013641487999848323,6.594551451999905,-1430.0,-1540.0
100.0,10.0,1.0,3.0,3.0,0.0,195.0,0.0018163229997298913,0.009725699000227905,0.01063074899957428,0.019128953000290494,6.635860822999348,-1430.0,-1540.0
100.0,10.0,1.0,3.0,3.0,0.0,196.0,0.0023775829995429376,0.008629371000097308,0.012322327000219957,0.013571055000284105,6.672768951999387,-1430.0,-1540.0
100.0,10.0,1.0,3.0,3.0,0.0,197.0,0.0016217340007642633,0.00791103200026555,0.010112024000591191,0.0162898700000369,6.708711559999756,-1430.0,-1540.0
100.0,10.0,1.0,3.0,3.0,0.0,198.0,0.0027626989995042095,0.008453853999526473,0.009840579999945476,0.014518029000100796,6.744294082999659,-1430.0,-1540.0
100.0,10.0,1.0,3.0,3.0,0.0,199.0,0.0017030939998221584,0.0047200819999488886,0.009018730000207142,0.011582444999476138,6.771325785999579,-1430.0,-1540.0
100.0,10.0,1.0,3.0,3.0,0.0,200.0,0.0016666809997332166,0.009614685000087775,0.008914012000786897,0.014611992999562062,6.806141091999962,-1430.0,-1540.0
100.0,10.0,1.0,3.0,3.0,0.0,201.0,0.0017465440005253186,0.0081333669995729,0.009440494000045874,0.010387446000095224,6.835856319999948,-1310.0,-1510.0
100.0,10.0,1.0,3.0,3.0,0.0,202.0,0.0020380699997986085,0.008599894999861135,0.00965194399941538,0.010306690000106755,6.866461042999617,-1310.0,-1500.0
100.0,10.0,1.0,3.0,3.0,0.0,203.0,0.0013848260005033808,0.008915672000512131,0.008271134999631613,0.00694976399972802,6.891990275999888,-1310.0,-1500.0
100.0,10.0,1.0,3.0,3.0,0.0,204.0,0.0016937720001806156,0.006800103999921703,0.009151258000201778,0.008351466000021901,6.917994157999601,-1310.0,-1500.0
100.0,10.0,1.0,3.0,3.0,0.0,205.0,0.0020466149999265326,0.01156016200002341,0.010162993999983883,0.010093885000060254,6.951866127999892,-1310.0,-1500.0
100.0,10.0,1.0,3.0,3.0,0.0,206.0,0.002026664000368328,0.008783438000136812,0.009630136999476235,0.008582260999901337,6.98089586199967,-1310.0,-1500.0
100.0,10.0,1.0,3.0,3.0,0.0,207.0,0.0017779059999156743,0.008372020999559027,0.010288178999871889,0.008876941000380612,7.010218974000054,-1310.0,-1500.0
100.0,10.0,1.0,3.0,3.0,0.0,208.0,0.002136303999577649,0.006770823999431741,0.008849419999933161,0.009803904999898805,7.037788523999552,-1310.0,-1500.0
100.0,10.0,1.0,3.0,3.0,0.0,209.0,0.0016877589996511233,0.008478148999529367,0.009792048999770486,0.01102076000006491,7.068775333999838,-1310.0,-1500.0
100.0,10.0,1.0,3.0,3.0,0.0,210.0,0.002091588999974192,0.007168823000029079,0.010377825000432495,0.006703557999571785,7.0951257139995505,-1310.0,-1500.0
100.0,10.0,1.0,3.0,3.0,0.0,211.0,0.001994320000449079,0.008709871000064595,0.009415718999662204,0.009505588000138232,7.12475868599995,-1310.0,-1500.0
100.0,10.0,1.0,3.0,3.0,0.0,212.0,0.0020530100000542006,0.01582641599998169,0.009968944999855012,0.00805361000038829,7.160668134999469,-1310.0,-1500.0
100.0,10.0,1.0,3.0,3.0,0.0,213.0,0.0017687879999357392,0.011164010999891616,0.009367601000121795,0.010382100000242644,7.19335828399926,-1310.0,-1500.0
100.0,10.0,1.0,3.0,3.0,0.0,214.0,0.0022291620007308666,0.008456825999928697,0.009390137000082177,0.007163192000007257,7.220605500999227,-1310.0,-1500.0
100.0,10.0,1.0,3.0,3.0,0.0,215.0,0.0018348809999224613,0.011834291000013764,0.008857585000441759,0.008513697999660508,7.251653444999647,-1310.0,-1500.0
100.0,10.0,1.0,3.0,3.0,0.0,216.0,0.0018299580005987082,0.00858156400045118,0.011727148000318266,0.008580345999689598,7.282380297999225,-1310.0,-1500.0
100.0,10.0,1.0,3.0,3.0,0.0,217.0,0.0018331679993934813,0.0085335000003397,0.011720603999492596,0.008696330999555357,7.31317150599989,-1310.0,-1500.0
100.0,10.0,1.0,3.0,3.0,0.0,218.0,0.0025550269992891117,0.01073957800053904,0.011416376999477507,0.008926212000005762,7.346816497999498,-1310.0,-1500.0
100.0,10.0,1.0,3.0,3.0,0.0,219.0,0.0029487689998859423,0.011304292999739118,0.023443229000804422,0.017631747999985237,7.402153394999914,-1310.0,-1500.0
100.0,10.0,1.0,3.0,3.0,0.0,220.0,0.0026074339994011098,0.010605409999698168,0.01450414200007799,0.007212733999949705,7.437091847999909,-1310.0,-1500.0
100.0,10.0,1.0,3.0,3.0,0.0,221.0,0.0020627189996957895,0.013088355000036245,0.009039913000378874,0.006293519999417185,7.467583854999248,-1310.0,-1500.0
100.0,10.0,1.0,3.0,3.0,0.0,222.0,0.002287078999870573,0.008204505999856337,0.010097042000779766,0.01319141300064075,7.501370854000015,-1120.0,-1490.0
100.0,10.0,1.0,3.0,3.0,0.0,223.0,0.0018061979999401956,0.013180478000322182,0.008973265999884461,0.012617076000424277,7.537955373999466,-1120.0,-1430.0
100.0,10.0,1.0,3.0,3.0,0.0,224.0,0.001750301999891235,0.009663274000558886,0.009311497999988205,0.008611268000095151,7.5672991139999795,-1120.0,-1420.0
100.0,10.0,1.0,3.0,3.0,0.0,225.0,0.0022404769997592666,0.008660245999635663,0.00916329199935717,0.006895629000609915,7.594266355999935,-1120.0,-1380.0
100.0,10.0,1.0,3.0,3.0,0.0,226.0,0.0019445799998720759,0.010842209000657022,0.009960807999959798,0.008723821999410575,7.6257459219996235,-1120.0,-1330.0
100.0,10.0,1.0,3.0,3.0,0.0,227.0,0.0024747280003794003,0.011051866999878257,0.00988328299990826,0.007461786999556352,7.656625033999262,-1120.0,-1330.0
100.0,10.0,1.0,3.0,3.0,0.0,228.0,0.0021355899998525274,0.01091006099977676,0.009884260000035283,0.008720200000425393,7.688282819000051,-1120.0,-1330.0
100.0,10.0,1.0,3.0,3.0,0.0,229.0,0.0014732500003447058,0.006732114999977057,0.010098538999955053,0.008908992000215221,7.715503408999211,-1120.0,-1330.0
100.0,10.0,1.0,3.0,3.0,0.0,230.0,0.0018596959998831153,0.008553527000003669,0.009044295999956375,0.006996712999352894,7.741966081999635,-1120.0,-1330.0
100.0,10.0,1.0,3.0,3.0,0.0,231.0,0.0019324109998706263,0.008096509000097285,0.008657280999614159,0.007236983999973745,7.767897400000038,-1120.0,-1330.0
100.0,10.0,1.0,3.0,3.0,0.0,232.0,0.002266454000164231,0.009857695999926364,0.008449609999843233,0.007092525000189198,7.795571277999443,-1120.0,-1330.0
100.0,10.0,1.0,3.0,3.0,0.0,233.0,0.0016477960007250658,0.016700586000297335,0.009796110000024782,0.0052688149999085,7.82899228199949,-1120.0,-1330.0
100.0,10.0,1.0,3.0,3.0,0.0,234.0,0.0021028969995313673,0.009837134000008518,0.008427219000623154,0.005087452000225312,7.8544553359997735,-1120.0,-1330.0
100.0,10.0,1.0,3.0,3.0,0.0,235.0,0.0017822370000430965,0.009482903000389342,0.009666853999988234,0.006495507000181533,7.88189045099989,-1120.0,-1330.0
100.0,10.0,1.0,3.0,3.0,0.0,236.0,0.0018264039999849047,0.00976394999997865,0.009450540999750956,0.00701606599977822,7.909954875999574,-1120.0,-1330.0
100.0,10.0,1.0,3.0,3.0,0.0,237.0,0.0022820029998911195,0.006971754000005603,0.009426218000044173,0.005243622999842046,7.93388559899995,-1120.0,-1330.0
100.0,10.0,1.0,3.0,3.0,0.0,238.0,0.001969380000446108,0.010488949999853503,0.009684489000392205,0.008436393999545544,7.964472142999512,-1120.0,-1330.0
100.0,10.0,1.0,3.0,3.0,0.0,239.0,0.002525217999391316,0.0076522609997482505,0.010802667999996629,0.006681743999251921,7.9921416329998465,-1120.0,-1330.0
100.0,10.0,1.0,3.0,3.0,0.0,240.0,0.002270682000016677,0.008400917000471964,0.008588280000367376,0.007044269999823882,8.01845311299985,-1120.0,-1330.0
100.0,10.0,1.0,3.0,3.0,0.0,241.0,0.002134720999492856,0.00964128299983713,0.010464902000421716,0.007150801000534557,8.04785258999982,-1120.0,-1330.0
100.0,10.0,1.0,3.0,3.0,0.0,242.0,0.0016867829999682726,0.008161691000168503,0.00863315600054193,0.006807545000810933,8.073149372999978,-1120.0,-1330.0
100.0,10.0,1.0,3.0,3.0,0.0,243.0,0.0019312149997858796,0.009989047000090068,0.009377538000080676,0.005280740000671358,8.09973495399936,-1120.0,-1330.0
100.0,10.0,1.0,3.0,3.0,0.0,244.0,0.0016628829998808214,0.008152088000315416,0.008340841000062937,0.007595527000376023,8.125493853999615,-1120.0,-1330.0
100.0,10.0,1.0,3.0,3.0,0.0,245.0,0.0018065560007016757,0.006619029000830778,0.009258465000129945,0.007271754000612418,8.15045716899931,-1120.0,-1330.0
100.0,10.0,1.0,3.0,3.0,0.0,246.0,0.0020213090001561795,0.011785206000240578,0.01050781000049028,0.00602315899959649,8.180802184999266,-1120.0,-1330.0
100.0,10.0,1.0,3.0,3.0,0.0,247.0,0.0029892189995734952,0.009535975000289909,0.01009904100010317,0.006311377999736578,8.20974440899954,-1120.0,-1330.0
100.0,10.0,1.0,3.0,3.0,0.0,248.0,0.0017676340003163205,0.006703474999994796,0.01182702300047822,0.006609527999899001,8.2366599399993,-1120.0,-1330.0
100.0,10.0,1.0,3.0,3.0,0.0,249.0,0.0015589410004395177,0.013612826000098721,0.0091259060000084,0.007023369000307866,8.26798804200007,-1120.0,-1330.0
100.0,10.0,1.0,3.0,3.0,0.0,250.0,0.0018142389999411535,0.004435558999830391,0.008704306000254292,0.00722295400009898,8.290172039000026,-1120.0,-1330.0
100.0,10.0,1.0,3.0,3.0,0.0,251.0,0.0018413920006423723,0.00847263000014209,0.010486400000445428,0.007116153000424674,8.318096328999673,-1120.0,-1330.0
100.0,10.0,1.0,3.0,3.0,0.0,252.0,0.0018216580001535476,0.006789642000512686,0.01049022499955754,0.008374740999897767,8.345580311999584,-1120.0,-1290.0
100.0,10.0,1.0,3.0,3.0,0.0,253.0,0.002937848000328813,0.00946221800040803,0.010694843999772274,0.003632937000475067,8.372315195999363,-1120.0,-1240.0
100.0,10.0,1.0,3.0,3.0,0.0,254.0,0.0018953159997181501,0.008697127999766963,0.009935934000168345,0.005402380000305129,8.398254373999407,-1120.0,-1240.0
100.0,10.0,1.0,3.0,3.0,0.0,255.0,0.0015354830002252129,0.010517141000491392,0.010218227000223123,0.0037464799997906084,8.42427945899999,-1120.0,-1240.0
100.0,10.0,1.0,3.0,3.0,0.0,256.0,0.002286392000314663,0.01117718200021045,0.009731920999911381,0.0032663450001564343,8.450748764999844,-1120.0,-1240.0
100.0,10.0,1.0,3.0,3.0,0.0,257.0,0.0018626999999469263,0.008735243000046466,0.009339883000393456,0.0034897669993370073,8.474185164999653,-1120.0,-1240.0
100.0,10.0,1.0,3.0,3.0,0.0,258.0,0.0017880610002976027,0.012437772000339464,0.00953244500033179,0.00375436299964349,8.50170699499995,-1120.0,-1240.0
100.0,10.0,1.0,3.0,3.0,0.0,259.0,0.0019364800000403193,0.011005288999513141,0.011482488000183366,0.0033649179995336453,8.52950340499956,-1120.0,-1240.0
100.0,10.0,1.0,3.0,3.0,0.0,260.0,0.0020689769999080454,0.012783798999407736,0.011647893999906955,0.0035129520001646597,8.559524472999328,-1120.0,-1240.0
100.0,10.0,1.0,3.0,3.0,0.0,261.0,0.0017555320000610664,0.00911110800007009,0.009668851999776962,0.0033799849998104037,8.58344674,-1120.0,-1240.0
100.0,10.0,1.0,3.0,3.0,0.0,262.0,0.0016104589994938578,0.008301183999719797,0.009043676000146661,0.004912583000077575,8.607322304999798,-1120.0,-1240.0
100.0,10.0,1.0,3.0,3.0,0.0,263.0,0.0016606070003035711,0.008293300000332238,0.009116143000028387,0.003907406000507763,8.630307368000103,-1120.0,-1240.0
100.0,10.0,1.0,3.0,3.0,0.0,264.0,0.0017742829995768261,0.008322433000103047,0.008490139999594248,0.005226252000284148,8.654128113999832,-1120.0,-1240.0
100.0,10.0,1.0,3.0,3.0,0.0,265.0,0.0017974930005948409,0.009970563000024413,0.00869656400027452,0.003938345999813464,8.678538713999842,-1120.0,-1240.0
100.0,10.0,1.0,3.0,3.0,0.0,266.0,0.0013593599996966077,0.013769420000244281,0.009412174999852141,0.0031524059995717835,8.706239619999906,-1120.0,-1240.0
100.0,10.0,1.0,3.0,3.0,0.0,267.0,0.0019079950006926083,0.011900726000021677,0.01001103199996578,0.005223232999924221,8.73528996099958,-1120.0,-1240.0
100.0,10.0,1.0,3.0,3.0,0.0,268.0,0.0025238520001948928,0.010472462000507221,0.009714777000226604,0.0034735169992927695,8.761481795999316,-1120.0,-1240.0
100.0,10.0,1.0,3.0,3.0,0.0,269.0,0.0018165849996876204,0.016549560999919777,0.0089722159991652,0.0031665220003560535,8.791994176999651,-1120.0,-1240.0
100.0,10.0,1.0,3.0,3.0,0.0,270.0,0.001836887999161263,0.00828764199923171,0.00914472000022215,0.005489375999786716,8.816761326999767,-1120.0,-1240.0
100.0,10.0,1.0,3.0,3.0,0.0,271.0,0.0017878950002341298,0.014651127999968594,0.009988748999603558,0.007038990999717498,8.850235301999419,-1120.0,-1230.0
100.0,10.0,1.0,3.0,3.0,0.0,272.0,0.0024264020003101905,0.011179068999808806,0.009428166999896348,0.004067089999807649,8.877343711999856,-1120.0,-1230.0
100.0,10.0,1.0,3.0,3.0,0.0,273.0,0.0022027449995221104,0.009012038000037137,0.010268702999383095,0.0036827969997830223,8.902518025000063,-1120.0,-1230.0
100.0,10.0,1.0,3.0,3.0,0.0,274.0,0.0018256889998156112,0.01944925600037095,0.010471030999724462,0.0033637520000411314,8.937635236999995,-1120.0,-1230.0
100.0,10.0,1.0,3.0,3.0,0.0,275.0,0.0018426759997964837,0.017522628999358858,0.009861309999905643,0.005683362999661767,8.972553046999565,-1120.0,-1230.0
100.0,10.0,1.0,3.0,3.0,0.0,276.0,0.0019275949998700526,0.00867754299997614,0.009934099000020069,0.005251565999969898,8.998351896999338,-1120.0,-1230.0
100.0,10.0,1.0,3.0,3.0,0.0,277.0,0.0018102570002156426,0.010307126999578031,0.009136837999903946,0.006526027999825601,9.026140266999391,-1120.0,-1200.0
100.0,10.0,1.0,3.0,3.0,0.0,278.0,0.0015651220001018373,0.010249477999423107,0.008458451000478817,0.008051325999986148,9.05447236999953,-1120.0,-1200.0
100.0,10.0,1.0,3.0,3.0,0.0,279.0,0.002050613999927009,0.01144764499986195,0.011464162000265787,0.009098097999412857,9.088539995999781,-1120.0,-1200.0
100.0,10.0,1.0,3.0,3.0,0.0,280.0,0.003202085999873816,0.008634036999865202,0.011552062000191654,0.008255861999714398,9.12019175399928,-1120.0,-1200.0
100.0,10.0,1.0,3.0,3.0,0.0,281.0,0.003266787999564258,0.01379255799929524,0.010462090000146418,0.006660621000264655,9.15438235199963,-1120.0,-1200.0
100.0,10.0,1.0,3.0,3.0,0.0,282.0,0.002420643999357708,0.006311982000624994,0.010288388000844861,0.00883974299995316,9.18225048199929,-1120.0,-1200.0
100.0,10.0,1.0,3.0,3.0,0.0,283.0,0.001774035000380536,0.009109966000323766,0.011032113000510435,0.004749222000100417,9.20892343899959,-1120.0,-1200.0
100.0,10.0,1.0,3.0,3.0,0.0,284.0,0.0018222240005343338,0.010102513999299845,0.00900993999948696,0.0035703310004464583,9.233435237999402,-1120.0,-1200.0
100.0,10.0,1.0,3.0,3.0,0.0,285.0,0.0016870850004124804,0.006287659000008716,0.0099231089998284,0.009997506000217982,9.261337721000018,-1120.0,-1200.0
100.0,10.0,1.0,3.0,3.0,0.0,286.0,0.0022399350000341656,0.0101057989995752,0.008474602000205778,0.005150058000253921,9.28731566999977,-1120.0,-1200.0
100.0,10.0,1.0,3.0,3.0,0.0,287.0,0.001510686999608879,0.00993048800046381,0.009456600000703475,0.005232708000221464,9.313453576999564,-1120.0,-1200.0
100.0,10.0,1.0,3.0,3.0,0.0,288.0,0.0017849610003395355,0.009573859999363776,0.009129179000410659,0.006495119999271992,9.340443952999522,-1120.0,-1200.0
100.0,10.0,1.0,3.0,3.0,0.0,289.0,0.0018924959995274548,0.008776712999861047,0.00911566499962646,0.0035999450001327205,9.363836423000066,-1120.0,-1200.0
100.0,10.0,1.0,3.0,3.0,0.0,290.0,0.002772769999864977,0.010156695999285148,0.009338900000329886,0.0052330440003061085,9.391346329999578,-1120.0,-1200.0
100.0,10.0,1.0,3.0,3.0,0.0,291.0,0.0014097340008447645,0.00829129500016279,0.009324819999164902,0.006856347999928403,9.417238474999976,-1120.0,-1200.0
100.0,10.0,1.0,3.0,3.0,0.0,292.0,0.0018702569996094098,0.01017563200002769,0.008146127000145498,0.006574656000339019,9.444013700999676,-1120.0,-1200.0
100.0,10.0,1.0,3.0,3.0,0.0,293.0,0.0020077290000699577,0.008064861000093515,0.009935136000422062,0.00653775999944628,9.470566731999497,-1120.0,-1200.0
100.0,10.0,1.0,3.0,3.0,0.0,294.0,0.0019912140005544643,0.010080952000862453,0.009390801999870746,0.00931968799977767,9.501356603999739,-1110.0,-1190.0
100.0,10.0,1.0,3.0,3.0,0.0,295.0,0.0021615819996441132,0.015974044999893522,0.010251806000269426,0.011101009999947564,9.540851948999261,-1100.0,-1170.0
100.0,10.0,1.0,3.0,3.0,0.0,296.0,0.0023332629998549237,0.00643578799918032,0.010271734000525612,0.013066276999779802,9.572966011000062,-1100.0,-1160.0
100.0,10.0,1.0,3.0,3.0,0.0,297.0,0.002581214000201726,0.007571951000500121,0.009022735000144166,0.011677520999910485,9.603826665999804,-1100.0,-1160.0
100.0,10.0,1.0,3.0,3.0,0.0,298.0,0.0020610390001820633,0.009666101999755483,0.009866712000075495,0.01126619499973458,9.63669402799951,-1100.0,-1160.0
100.0,10.0,1.0,3.0,3.0,0.0,299.0,0.001544466000268585,0.009346544000436552,0.011347094000484503,0.01161265100017772,9.670552420999229,-1100.0,-1160.0
100.0,10.0,1.0,3.0,3.0,0.0,300.0,0.0024180839991458924,0.00748537999970722,0.009908334999636281,0.015467293999790854,9.705839276000006,-1100.0,-1160.0
100.0,10.0,1.0,3.0,3.0,0.0,301.0,0.0021716419996664627,0.009949022000000696,0.007914883999546873,0.011890832999597478,9.737774637999792,-1100.0,-1150.0
100.0,10.0,1.0,3.0,3.0,0.0,302.0,0.002046220999545767,0.01816908499949932,0.012606656000571093,0.010516137000195158,9.781119987999773,-1100.0,-1140.0
100.0,10.0,1.0,3.0,3.0,0.0,303.0,0.001962534000085725,0.009414336000190815,0.009647605000282056,0.008579299000302854,9.810731349999514,-1100.0,-1140.0
100.0,10.0,1.0,3.0,3.0,0.0,304.0,0.0016951560000961763,0.00802325299991935,0.010034947999884025,0.011740099000235205,9.842232451999735,-1100.0,-1140.0
100.0,10.0,1.0,3.0,3.0,0.0,305.0,0.0019287069999336381,0.009103221999794187,0.010890674999245675,0.009632902999328508,9.87379493499975,-1100.0,-1140.0
100.0,10.0,1.0,3.0,3.0,0.0,306.0,0.001995579999857,0.009729799000524508,0.00977091400000063,0.011952209999435581,9.907250300999294,-1100.0,-1140.0
100.0,10.0,1.0,3.0,3.0,0.0,307.0,0.0015636950001862715,0.009196581999276532,0.00956646200029354,0.009844774000157486,9.937429345000055,-1100.0,-1140.0
100.0,10.0,1.0,3.0,3.0,0.0,308.0,0.0018972110001413967,0.010161141999560641,0.00807681300011609,0.010922456000116654,9.968494314000054,-1100.0,-1140.0
100.0,10.0,1.0,3.0,3.0,0.0,309.0,0.0016034160007620812,0.008782284999142576,0.01232909899954393,0.02005463800014695,10.01127101199927,-1100.0,-1140.0
100.0,10.0,1.0,3.0,3.0,0.0,310.0,0.0021739040003012633,0.008132998000291991,0.010652844999640365,0.010439459000735951,10.04271918699942,-1100.0,-1140.0
100.0,10.0,1.0,3.0,3.0,0.0,311.0,0.0022598610003115027,0.009972548999940045,0.010992440999871178,0.012291153999285598,10.078260960999614,-1100.0,-1140.0
100.0,10.0,1.0,3.0,3.0,0.0,312.0,0.0018055310001727776,0.00923849899936613,0.009981655999581562,0.009605248999832838,10.108899132999795,-1040.0,-1130.0
100.0,10.0,1.0,3.0,3.0,0.0,313.0,0.0013291830000525806,0.008235984999373613,0.010544554999796674,0.01203286100007972,10.141049038999881,-1040.0,-1130.0
100.0,10.0,1.0,3.0,3.0,0.0,314.0,0.0019228410001232987,0.01471616799972253,0.009443566000300052,0.010293508999893675,10.177432799999224,-1040.0,-1130.0
100.0,10.0,1.0,3.0,3.0,0.0,315.0,0.0017958380003619823,0.010386760000073991,0.008832210999571544,0.010221929000181262,10.208676504999858,-1040.0,-1130.0
100.0,10.0,1.0,3.0,3.0,0.0,316.0,0.0020170190000499133,0.010069685999951616,0.0086048880002636,0.010496079999938956,10.239871386999766,-1040.0,-1130.0
100.0,10.0,1.0,3.0,3.0,0.0,317.0,0.0018147070004488342,0.010184045999267255,0.01012779499978933,0.010602678999930504,10.272607421999965,-1040.0,-1130.0
100.0,10.0,1.0,3.0,3.0,0.0,318.0,0.0024433110002064495,0.01243740700010676,0.00996540200048912,0.011890867999682087,10.309352150999985,-1040.0,-1130.0
100.0,10.0,1.0,3.0,3.0,0.0,319.0,0.0016650549996484187,0.009302903000389051,0.010716267999669071,0.012509805000263441,10.343553678999342,-1040.0,-1130.0
100.0,10.0,1.0,3.0,3.0,0.0,320.0,0.0019222840001020813,0.011755847000131325,0.009228375000020606,0.011433011000008264,10.377901213999394,-1040.0,-1130.0
100.0,10.0,1.0,3.0,3.0,0.0,321.0,0.0020043790000272566,0.007970879999447789,0.009320076999756566,0.007415308000418008,10.404619789999742,-1040.0,-1130.0
100.0,10.0,1.0,3.0,3.0,0.0,322.0,0.0016462769999634475,0.009695327999907022,0.009847256999819365,0.011366007000106038,10.437182351999581,-1040.0,-1130.0
100.0,10.0,1.0,3.0,3.0,0.0,323.0,0.00206527200043638,0.008013095999558573,0.009192825999889465,0.0071958910002649645,10.463656502000049,-1040.0,-1130.0
100.0,10.0,1.0,3.0,3.0,0.0,324.0,0.0017704179999782355,0.010580961999949068,0.00999570899966784,0.009023857000101998,10.495035128999916,-1040.0,-1130.0
100.0,10.0,1.0,3.0,3.0,0.0,325.0,0.0014379639997059712,0.011786623000261898,0.011535421000189672,0.009664199999861012,10.52946657099983,-1040.0,-1130.0
100.0,10.0,1.0,3.0,3.0,0.0,326.0,0.0015687309996792465,0.009193015999699128,0.01111757399939961,0.008034944000428368,10.559387833999608,-1040.0,-1130.0
100.0,10.0,1.0,3.0,3.0,0.0,327.0,0.0017942719996426604,0.01129408599990711,0.010783513999740535,0.008806718999949226,10.592074032999335,-1040.0,-1130.0
100.0,10.0,1.0,3.0,3.0,0.0,328.0,0.0017586200001460384,0.009510485999271623,0.008795334000751609,0.013977239000269037,10.62612351899952,-1040.0,-1130.0
100.0,10.0,1.0,3.0,3.0,0.0,329.0,0.002841763000105857,0.00955716000044049,0.010315638000065519,0.010239796999485407,10.659085840999978,-1040.0,-1130.0
100.0,10.0,1.0,3.0,3.0,0.0,330.0,0.0026767810004457715,0.009889379000014742,0.010611833999973896,0.012553472000035981,10.69482567599971,-1040.0,-1130.0
100.0,10.0,1.0,3.0,3.0,0.0,331.0,0.0018333150001126342,0.008914564000406244,0.00945388499985711,0.013271690000692615,10.728308402000039,-1040.0,-1110.0
100.0,10.0,1.0,3.0,3.0,0.0,332.0,0.0018835120008589001,0.008799096000075224,0.008404803000303218,0.00849412699972163,10.755897012999412,-1040.0,-1110.0
100.0,10.0,1.0,3.0,3.0,0.0,333.0,0.001926193000144849,0.01100837799913279,0.009291231999668526,0.009986887000195566,10.788117839999359,-1040.0,-1110.0
100.0,10.0,1.0,3.0,3.0,0.0,334.0,0.0017448809994675685,0.008308537000630167,0.009766764000232797,0.009245980000741838,10.817191703999924,-1040.0,-1110.0
100.0,10.0,1.0,3.0,3.0,0.0,335.0,0.0015997680002328707,0.008206430999962322,0.010762459000034141,0.007307933999982197,10.845076669999798,-1040.0,-1110.0
100.0,10.0,1.0,3.0,3.0,0.0,336.0,0.0018653289998837863,0.011937362999560719,0.011859006000122463,0.010467985999639495,10.881216355000106,-1040.0,-1110.0
100.0,10.0,1.0,3.0,3.0,0.0,337.0,0.0022437030002038227,0.008350815000085277,0.00812683799995284,0.011082381999585778,10.911027466999258,-1040.0,-1110.0
100.0,10.0,1.0,3.0,3.0,0.0,338.0,0.0026994250001735054,0.010373995000009018,0.01056148200041207,0.010339692999878025,10.945009161999224,-1040.0,-1110.0
100.0,10.0,1.0,3.0,3.0,0.0,339.0,0.002987188000588503,0.009569716000441986,0.012229698999362881,0.009873877000245557,10.979676318999736,-1040.0,-1110.0
100.0,10.0,1.0,3.0,3.0,0.0,340.0,0.0019221279999328544,0.011667656000099669,0.009271621000152663,0.009746339999765041,11.012291405999349,-1040.0,-1110.0
100.0,10.0,1.0,3.0,3.0,0.0,341.0,0.0025766329999896698,0.009701953000330832,0.0132687099994655,0.010081007000735553,11.047926519999237,-1040.0,-1110.0
100.0,10.0,1.0,3.0,3.0,0.0,342.0,0.002645215999109496,0.010730422999586153,0.009640082000260008,0.014377533999322623,11.085326632999568,-1040.0,-1110.0
100.0,10.0,1.0,3.0,3.0,0.0,343.0,0.0028460849998737103,0.008779904000220995,0.011176476999935403,0.012061954000273545,11.120198001999597,-1040.0,-1110.0
100.0,10.0,1.0,3.0,3.0,0.0,344.0,0.003773969999201654,0.013724175000788819,0.012588163999680546,0.012765763999595947,11.163058659999479,-1040.0,-1110.0
100.0,10.0,1.0,3.0,3.0,0.0,345.0,0.002413308000541292,0.013816809000672947,0.011326637999445666,0.010146605000045383,11.200770186999762,-1040.0,-1110.0
100.0,10.0,1.0,3.0,3.0,0.0,346.0,0.0015690970003561233,0.006463527000050817,0.011197544999959064,0.010973052000736061,11.230980097999236,-1040.0,-1110.0
100.0,10.0,1.0,3.0,3.0,0.0,347.0,0.002095071999974607,0.012366995000775205,0.009688062000350328,0.013374598999689624,11.26851260300009,-1040.0,-1110.0
100.0,10.0,1.0,3.0,3.0,0.0,348.0,0.002038657999946736,0.018029246999503812,0.011891179000485863,0.021169988000110607,11.321648850999736,-1040.0,-1110.0
100.0,10.0,1.0,3.0,3.0,0.0,349.0,0.002230654999948456,0.017052666000381578,0.011710378000316268,0.008908542000426678,11.361558976999731,-1040.0,-1110.0
100.0,10.0,1.0,3.0,3.0,0.0,350.0,0.0029853229998479947,0.009919316000377876,0.009091400000215799,0.008015604000320309,11.391579303000071,-1040.0,-1110.0
100.0,10.0,1.0,3.0,3.0,0.0,351.0,0.0018577720002213027,0.009360498000205553,0.010603632999846013,0.012946059999194404,11.426354905999688,-1010.0,-1100.0
100.0,10.0,1.0,3.0,3.0,0.0,352.0,0.0025316030005342327,0.007104047000211722,0.017660876999798347,0.01855808300024364,11.472217300000011,-1010.0,-1100.0
100.0,10.0,1.0,3.0,3.0,0.0,353.0,0.002488617000381055,0.012429412000528828,0.0131857989999844,0.009363928999846394,11.509708046999549,-1010.0,-1100.0
100.0,10.0,1.0,3.0,3.0,0.0,354.0,0.0023334379993684706,0.010598427000331867,0.008607574999587086,0.01179730900003051,11.543051900999671,-1010.0,-1100.0
100.0,10.0,1.0,3.0,3.0,0.0,355.0,0.0024268070001198794,0.010748973999398004,0.009145137999439612,0.008237489999373793,11.573618301999886,-1010.0,-1100.0
100.0,10.0,1.0,3.0,3.0,0.0,356.0,0.0016349789993910235,0.01128444500045589,0.01075133900030778,0.008924062000005506,11.606221162999645,-1010.0,-1100.0
100.0,10.0,1.0,3.0,3.0,0.0,357.0,0.0018905029992311029,0.011735633999705897,0.010036553999270836,0.010035291000349389,11.639927403999536,-1010.0,-1100.0
100.0,10.0,1.0,3.0,3.0,0.0,358.0,0.001709206000668928,0.008872396000697336,0.012548331000289181,0.007815320000190695,11.67088473900003,-1010.0,-1070.0
100.0,10.0,1.0,3.0,3.0,0.0,359.0,0.002162386000236438,0.008794757000032405,0.009765858999344346,0.008954950999395805,11.70057036199978,-1010.0,-1070.0
100.0,10.0,1.0,3.0,3.0,0.0,360.0,0.0019125940007143072,0.011494608000248263,0.012552978999337938,0.00658336899959977,11.73312051799985,-980.0,-1070.0
100.0,10.0,1.0,3.0,3.0,0.0,361.0,0.002331966000383545,0.01011609800025326,0.010363097999288584,0.005353456999728223,11.76129151799978,-980.0,-1070.0
100.0,10.0,1.0,3.0,3.0,0.0,362.0,0.0018154990002585691,0.018877901000450947,0.010809605999384075,0.006599907999770949,11.79940246499973,-980.0,-1070.0
100.0,10.0,1.0,3.0,3.0,0.0,363.0,0.0021086189999550697,0.010619598000630504,0.011766229999921052,0.008523761000105878,11.832428709999476,-960.0,-1040.0
100.0,10.0,1.0,3.0,3.0,0.0,364.0,0.0025620759997764253,0.014770806000342418,0.009669518000009703,0.006644519000474247,11.866083496000101,-930.0,-1010.0
100.0,10.0,1.0,3.0,3.0,0.0,365.0,0.0022930750001251,0.010054186999695958,0.00895283199952246,0.005248001000836666,11.892639093999605,-930.0,-1010.0
100.0,10.0,1.0,3.0,3.0,0.0,366.0,0.001754232999701344,0.020222278999426635,0.01142457099922467,0.006856885999695805,11.93290463699941,-930.0,-1010.0
100.0,10.0,1.0,3.0,3.0,0.0,367.0,0.0014491889996861573,0.00834423699961917,0.008503256000039983,0.006935239000085858,11.958144888999414,-930.0,-1010.0
100.0,10.0,1.0,3.0,3.0,0.0,368.0,0.0020352639994598576,0.01134501399974397,0.008155888999681338,0.004853360999732104,11.984543356999893,-930.0,-1010.0
100.0,10.0,1.0,3.0,3.0,0.0,369.0,0.0020511130005615996,0.008601002999967022,0.008037122000132513,0.0053604579998136614,12.008600518999629,-930.0,-1010.0
100.0,10.0,1.0,3.0,3.0,0.0,370.0,0.0018460450000929995,0.009321813000497059,0.008527893000064068,0.005755365999903006,12.03406029100006,-930.0,-1010.0
100.0,10.0,1.0,3.0,3.0,0.0,371.0,0.002704734000872122,0.009785878000002413,0.00932721200024389,0.006821314999797323,12.062708210999517,-930.0,-1010.0
100.0,10.0,1.0,3.0,3.0,0.0,372.0,0.0017199869998876238,0.009949243999471946,0.008417355000347015,0.004999182999199547,12.087802222999926,-930.0,-1010.0
100.0,10.0,1.0,3.0,3.0,0.0,373.0,0.001640162000512646,0.009775493000233837,0.008764059999521123,0.005186567999771796,12.113176545999522,-930.0,-1010.0
100.0,10.0,1.0,3.0,3.0,0.0,374.0,0.001684839000517968,0.009467193999626033,0.01115018800010148,0.007657877999918128,12.143145082000046,-930.0,-1010.0
100.0,10.0,1.0,3.0,3.0,0.0,375.0,0.0018641379992914153,0.010804149999785295,0.009841817000051378,0.008872124999470543,12.174535565999577,-930.0,-1010.0
100.0,10.0,1.0,3.0,3.0,0.0,376.0,0.0025857260006887373,0.009963759000129357,0.010898350000388746,0.0067516300005081575,12.204743286999474,-930.0,-1010.0
100.0,10.0,1.0,3.0,3.0,0.0,377.0,0.0020035849993291777,0.012174748999314033,0.010348228000111703,0.006908674999976938,12.236186578999877,-930.0,-1010.0
100.0,10.0,1.0,3.0,3.0,0.0,378.0,0.0018078779994539218,0.010764935000224796,0.009712272999422566,0.007335805999900913,12.265816073999304,-930.0,-1010.0
100.0,10.0,1.0,3.0,3.0,0.0,379.0,0.0019463210001049447,0.010593791999781388,0.009637776000090525,0.008744265999666823,12.296746019999773,-930.0,-1010.0
100.0,10.0,1.0,3.0,3.0,0.0,380.0,0.0023055560004650033,0.010615067999424355,0.009503070999926422,0.00524711300022318,12.324423736999961,-930.0,-1010.0
100.0,10.0,1.0,3.0,3.0,0.0,381.0,0.0019762559995797346,0.009911909999573254,0.011682076999932178,0.008312897999530833,12.356313741999656,-930.0,-1010.0
100.0,10.0,1.0,3.0,3.0,0.0,382.0,0.0018380020001131925,0.012374360999274359,0.009122552999542677,0.005209913999351556,12.384867291999399,-930.0,-1010.0
100.0,10.0,1.0,3.0,3.0,0.0,383.0,0.002041728000222065,0.011081825000474055,0.010701472999244288,0.006707519999508804,12.4154086489998,-930.0,-1010.0
100.0,10.0,1.0,3.0,3.0,0.0,384.0,0.001688340999862703,0.01829536600052961,0.010365025000282913,0.0035190950002288446,12.449283475999437,-930.0,-1010.0
100.0,10.0,1.0,3.0,3.0,0.0,385.0,0.0016355540001313784,0.009746207999342005,0.008680221000759047,0.006654091000200424,12.476006743999278,-930.0,-1010.0
100.0,10.0,1.0,3.0,3.0,0.0,386.0,0.0018441490001350758,0.010171176000767446,0.00944219799930579,0.005362844000046607,12.502835016000063,-930.0,-1010.0
100.0,10.0,1.0,3.0,3.0,0.0,387.0,0.0015559769999526907,0.011699006000526424,0.010882956000386912,0.005209724999986065,12.532191339999372,-930.0,-1010.0
100.0,10.0,1.0,3.0,3.0,0.0,388.0,0.0016677079993314692,0.009889824999845587,0.009771287999683409,0.009666281000136223,12.563194740999279,-930.0,-1010.0
100.0,10.0,1.0,3.0,3.0,0.0,389.0,0.0019150580001223716,0.016989299000670144,0.010853497000425705,0.0054390889999922365,12.598400613999729,-930.0,-1010.0
100.0,10.0,1.0,3.0,3.0,0.0,390.0,0.002061064999907103,0.008528153000042948,0.00895306900019932,0.005094127000120352,12.623044058999767,-930.0,-1010.0
100.0,10.0,1.0,3.0,3.0,0.0,391.0,0.002233933000752586,0.011360880000211182,0.009401176999745076,0.0065683519997037365,12.65261499099961,-930.0,-1010.0
100.0,10.0,1.0,3.0,3.0,0.0,392.0,0.0016772059998402256,0.00961805099996127,0.008967654999651131,0.006939521000276727,12.679824315999213,-930.0,-1010.0
100.0,10.0,1.0,3.0,3.0,0.0,393.0,0.0020298040008128737,0.009278078000534151,0.009259952999855159,0.006447142000070016,12.706846292999217,-930.0,-1010.0
100.0,10.0,1.0,3.0,3.0,0.0,394.0,0.0023505790004492155,0.008503832999849692,0.009594039999683446,0.00519405600061873,12.732496505999734,-930.0,-1010.0
100.0,10.0,1.0,3.0,3.0,0.0,395.0,0.001786323000487755,0.009792328999537858,0.009022349000588292,0.004588726000292809,12.757694025000092,-930.0,-1010.0
100.0,10.0,1.0,3.0,3.0,0.0,396.0,0.0019332869997015223,0.009762789999513188,0.008021093999559525,0.007665525999982492,12.785085216999505,-930.0,-1010.0
100.0,10.0,1.0,3.0,3.0,0.0,397.0,0.001895178999802738,0.008345687000655744,0.008492298999954073,0.007209286999568576,12.811034522999762,-930.0,-1010.0
100.0,10.0,1.0,3.0,3.0,0.0,398.0,0.0018412290000924258,0.011688054999467568,0.008631643000626354,0.0032684419993529445,12.836470561999704,-930.0,-1010.0
100.0,10.0,1.0,3.0,3.0,0.0,399.0,0.0018689020007514046,0.017747658000189404,0.009631898999941768,0.006565618000422546,12.872291899999254,-930.0,-1010.0
100.0,10.0,1.0,3.0,3.0,0.0,400.0,0.0014991560001362814,0.007965283999510575,0.008453624999674503,0.0047802710005271365,12.894998079999823,-930.0,-1010.0
100.0,10.0,1.0,3.0,3.0,0.0,401.0,0.0016832560004331754,0.008119674999761628,0.009219597000083013,0.005380178999985219,12.919407970000066,-930.0,-1010.0
100.0,10.0,1.0,3.0,3.0,0.0,402.0,0.0020673520002674195,0.008606745999713894,0.01055474199984019,0.007286531999852741,12.947929977999593,-930.0,-1010.0
100.0,10.0,1.0,3.0,3.0,0.0,403.0,0.001918839000609296,0.010937621999801195,0.012902770000437158,0.007260948999828543,12.980956931000037,-930.0,-1010.0
100.0,10.0,1.0,3.0,3.0,0.0,404.0,0.002026905000093393,0.011164944000483956,0.00949599900013709,0.007534198000030301,13.011186936999366,-930.0,-1010.0
100.0,10.0,1.0,3.0,3.0,0.0,405.0,0.0020888620001642266,0.00920139299978473,0.009285986999202578,0.007834231999368058,13.039604701999451,-930.0,-1010.0
100.0,10.0,1.0,3.0,3.0,0.0,406.0,0.0017875080002340837,0.011452773000200978,0.008817160000035074,0.008971984000709199,13.070642671999849,-930.0,-1010.0
100.0,10.0,1.0,3.0,3.0,0.0,407.0,0.001861353000094823,0.00802587899943319,0.00920526499976404,0.00492806600050244,13.094671590999496,-930.0,-1010.0
100.0,10.0,1.0,3.0,3.0,0.0,408.0,0.001559789000566525,0.008367978999558545,0.008810987999822828,0.00670381300005829,13.120121834999736,-930.0,-1010.0
100.0,10.0,1.0,3.0,3.0,0.0,409.0,0.0022999359998721047,0.010923177000222495,0.009229092000168748,0.00533269300012762,13.147915292999642,-930.0,-1010.0
100.0,10.0,1.0,3.0,3.0,0.0,410.0,0.0016926809994401992,0.009166227000605431,0.010412718999759818,0.005118398000377056,13.174314647999381,-930.0,-990.0
100.0,10.0,1.0,3.0,3.0,0.0,411.0,0.00202297199939494,0.008552889999918989,0.010523451999688405,0.010933608999948774,13.206356839999899,-930.0,-980.0
100.0,10.0,1.0,3.0,3.0,0.0,412.0,0.001712436999696365,0.013518621999537572,0.0117812660000709,0.009894753000480705,13.243270947999918,-720.0,-980.0
100.0,10.0,1.0,3.0,3.0,0.0,413.0,0.001968896999642311,0.009646792999774334,0.010605163000036555,0.012152429000707343,13.277650861999973,-720.0,-960.0
100.0,10.0,1.0,3.0,3.0,0.0,414.0,0.0020465279994823504,0.011484465000648925,0.009644826000112516,0.011472323999441869,13.312306949999765,-720.0,-940.0
100.0,10.0,1.0,3.0,3.0,0.0,415.0,0.0017166950001410441,0.008413188000304217,0.008950505000029807,0.006814807000409928,13.338209565999932,-720.0,-940.0
100.0,10.0,1.0,3.0,3.0,0.0,416.0,0.0015802899997652275,0.01147007500003383,0.010491408999769192,0.007772683999974106,13.369531972000004,-720.0,-940.0
100.0,10.0,1.0,3.0,3.0,0.0,417.0,0.002174084999751358,0.018180650000431342,0.012640599999940605,0.007225917999676312,13.40976058599972,-720.0,-940.0
100.0,10.0,1.0,3.0,3.0,0.0,418.0,0.002231059999758145,0.008174452000275778,0.009423162000530283,0.007396814000458107,13.436993962999622,-720.0,-780.0
100.0,10.0,1.0,3.0,3.0,0.0,419.0,0.001686767000137479,0.010042759000498336,0.009163474999695609,0.00875266000002739,13.466646976999982,-720.0,-780.0
100.0,10.0,1.0,3.0,3.0,0.0,420.0,0.0021351839995986666,0.011743514000045252,0.008973320999757561,0.007044496999697003,13.496551425999314,-720.0,-780.0
100.0,10.0,1.0,3.0,3.0,0.0,421.0,0.001563302999784355,0.009730959000080475,0.009040409000590444,0.00460848700004135,13.52150210399941,-720.0,-780.0
100.0,10.0,1.0,3.0,3.0,0.0,422.0,0.0018889600005422835,0.011493433999930858,0.009450260000448907,0.004878556000221579,13.549220799000068,-720.0,-780.0
100.0,10.0,1.0,3.0,3.0,0.0,423.0,0.0019417970006543328,0.011672707999423437,0.009964398999727564,0.005410691000179213,13.578217798999503,-720.0,-780.0
100.0,10.0,1.0,3.0,3.0,0.0,424.0,0.0015963390005708789,0.019155395000780118,0.010873084999730054,0.009850220000771515,13.619700193999961,-720.0,-780.0
100.0,10.0,1.0,3.0,3.0,0.0,425.0,0.001869519000138098,0.012144495000029565,0.009695978000308969,0.008125780999762355,13.651543525999841,-720.0,-780.0
100.0,10.0,1.0,3.0,3.0,0.0,426.0,0.0024353110002266476,0.01256312399982562,0.009887546999379992,0.00755249299982097,13.683989745999497,-720.0,-780.0
100.0,10.0,1.0,3.0,3.0,0.0,427.0,0.0018919730000561685,0.011716823999449844,0.009706873000141059,0.004828310999982932,13.712141942999551,-720.0,-780.0
100.0,10.0,1.0,3.0,3.0,0.0,428.0,0.001562710000143852,0.012259408000318217,0.008907385000384238,0.0073945940002886346,13.74227369899927,-720.0,-780.0
100.0,10.0,1.0,3.0,3.0,0.0,429.0,0.001634420999835129,0.010686851000173192,0.01017832100023952,0.005287847000545298,13.77006856799926,-720.0,-780.0
100.0,10.0,1.0,3.0,3.0,0.0,430.0,0.0020510579997790046,0.012430411999957869,0.009118953999859514,0.008384146000025794,13.80206092699973,-720.0,-780.0
100.0,10.0,1.0,3.0,3.0,0.0,431.0,0.0018665489997147233,0.010987936000674381,0.009566719999384077,0.0036896749998049927,13.828180218999478,-720.0,-780.0
100.0,10.0,1.0,3.0,3.0,0.0,432.0,0.0018765979993986548,0.010532051000154752,0.008986144999653334,0.003634550000242598,13.853218491999542,-720.0,-780.0
100.0,10.0,1.0,3.0,3.0,0.0,433.0,0.0017839610000009998,0.008383135999793012,0.008350314999916009,0.007145612000385881,13.87888982000004,-720.0,-780.0
100.0,10.0,1.0,3.0,3.0,0.0,434.0,0.0019512300004862482,0.011875615999997535,0.00959205000071961,0.00724245899982634,13.909559231999992,-720.0,-780.0
100.0,10.0,1.0,3.0,3.0,0.0,435.0,0.0016051060001700534,0.012344056000074488,0.009437141000489646,0.007136399000046367,13.94008982899959,-720.0,-780.0
100.0,10.0,1.0,3.0,3.0,0.0,436.0,0.002025559000685462,0.010641384000336984,0.011155234999932873,0.005108062000545033,13.969027895999716,-720.0,-780.0
100.0,10.0,1.0,3.0,3.0,0.0,437.0,0.0019700900002135313,0.012253712000529049,0.009384597999996913,0.007007402999988699,13.999651303000064,-720.0,-780.0
100.0,10.0,1.0,3.0,3.0,0.0,438.0,0.0020408050004334655,0.010323630000129924,0.009982689000025857,0.007818289000169898,14.029824563999682,-720.0,-780.0
100.0,10.0,1.0,3.0,3.0,0.0,439.0,0.0016804939996291068,0.011083565000262752,0.009591430999535078,0.007782333999784896,14.059970561999762,-720.0,-780.0
100.0,10.0,1.0,3.0,3.0,0.0,440.0,0.0018735669991656323,0.012676906000706367,0.009815755000090576,0.009079641999960586,14.093424804999813,-720.0,-770.0
100.0,10.0,1.0,3.0,3.0,0.0,441.0,0.0014483679997283616,0.01260552399980952,0.009633260999180493,0.006684907000817475,14.12380475899954,-720.0,-770.0
100.0,10.0,1.0,3.0,3.0,0.0,442.0,0.0019589530002122046,0.008197522000045865,0.008747881999624951,0.005448672000056831,14.148166403999312,-720.0,-770.0
100.0,10.0,1.0,3.0,3.0,0.0,443.0,0.0018277079998370027,0.009992904000682756,0.009044983999956457,0.004935928000122658,14.173976140999912,-720.0,-770.0
100.0,10.0,1.0,3.0,3.0,0.0,444.0,0.0016425660005552345,0.011630279000200971,0.009283864999815705,0.005099715000142169,14.201640382999358,-720.0,-770.0
100.0,10.0,1.0,3.0,3.0,0.0,445.0,0.002064934999907564,0.009950489999937417,0.008953597000072477,0.004922442000861338,14.227539748999334,-720.0,-770.0
100.0,10.0,1.0,3.0,3.0,0.0,446.0,0.001862141999481537,0.012024908999592299,0.009620197000003827,0.005265211999358144,14.25631945799978,-720.0,-770.0
100.0,10.0,1.0,3.0,3.0,0.0,447.0,0.0018965489998663543,0.008390837000661122,0.009293838999838044,0.005197581000174978,14.281105340999602,-720.0,-770.0
100.0,10.0,1.0,3.0,3.0,0.0,448.0,0.0017897460002131993,0.01339825800005201,0.008711402000699309,0.004970091999894066,14.309983084999658,-720.0,-770.0
100.0,10.0,1.0,3.0,3.0,0.0,449.0,0.001727919000586553,0.011971627000093576,0.009351637000690971,0.005397730000368028,14.338439328999812,-720.0,-770.0
100.0,10.0,1.0,3.0,3.0,0.0,450.0,0.0014621759992223815,0.010583293000308913,0.010210071000074095,0.005159728000762698,14.365862125999229,-720.0,-770.0
100.0,10.0,1.0,3.0,3.0,0.0,451.0,0.0023079170005075866,0.010253224000734917,0.009482858999945165,0.00539216499964823,14.39330597999924,-720.0,-770.0
100.0,10.0,1.0,3.0,3.0,0.0,452.0,0.001983464999284479,0.012397153999700095,0.009278849000111222,0.004855240000324557,14.421827892999318,-720.0,-770.0
100.0,10.0,1.0,3.0,3.0,0.0,453.0,0.0018372400008956902,0.009979366000152368,0.009231720000570931,0.005350730999452935,14.448234817999946,-720.0,-770.0
100.0,10.0,1.0,3.0,3.0,0.0,454.0,0.002013512000303308,0.010185095999986515,0.009267827999792644,0.005129131999638048,14.474838269999964,-720.0,-770.0
100.0,10.0,1.0,3.0,3.0,0.0,455.0,0.0020297470000514295,0.009975281999686558,0.010143556000002718,0.0053401110008053365,14.502334746999622,-720.0,-770.0
100.0,10.0,1.0,3.0,3.0,0.0,456.0,0.0013851949997842894,0.010028168000644655,0.009301494999817805,0.0053287249993445585,14.528386287000103,-720.0,-770.0
100.0,10.0,1.0,3.0,3.0,0.0,457.0,0.0016296060002787272,0.010316722000425216,0.009923922999405477,0.005205942000429786,14.555470769999374,-720.0,-770.0
100.0,10.0,1.0,3.0,3.0,0.0,458.0,0.0018120230006388738,0.009913794000567577,0.009474066000620951,0.003476392999800737,14.580154690999734,-720.0,-770.0
100.0,10.0,1.0,3.0,3.0,0.0,459.0,0.0018480339995221584,0.01422000599995954,0.00987780100058444,0.005492846999914036,14.611601968999821,-720.0,-770.0
100.0,10.0,1.0,3.0,3.0,0.0,460.0,0.0017905710001286934,0.010426517999803764,0.01018606399975397,0.004546768999716733,14.638561097000093,-720.0,-770.0
100.0,10.0,1.0,3.0,3.0,0.0,461.0,0.0021478400003616116,0.010687322999729076,0.00863503100026719,0.003717601000062132,14.663757321000048,-720.0,-770.0
100.0,10.0,1.0,3.0,3.0,0.0,462.0,0.0016229129996645497,0.008303829000396945,0.009166521999759425,0.005304937999426329,14.688163542999973,-720.0,-770.0
100.0,10.0,1.0,3.0,3.0,0.0,463.0,0.0018428009998388006,0.010331917999792495,0.008416744999522052,0.005360107000342396,14.714123964999999,-720.0,-770.0
100.0,10.0,1.0,3.0,3.0,0.0,464.0,0.002027395999903092,0.009147386000222468,0.011438620000262745,0.003278701999988698,14.74002350199953,-720.0,-770.0
100.0,10.0,1.0,3.0,3.0,0.0,465.0,0.0016214010001931456,0.009796968999580713,0.008477858000333072,0.004988941000192426,14.764917053999852,-720.0,-770.0
100.0,10.0,1.0,3.0,3.0,0.0,466.0,0.0022262299999056268,0.006997872999818355,0.00934252299975924,0.005347491000065929,14.78883838099955,-720.0,-770.0
100.0,10.0,1.0,3.0,3.0,0.0,467.0,0.0018460030005371664,0.010578563999843027,0.011301323000225239,0.0032860330002222327,14.815857115999279,-720.0,-770.0
100.0,10.0,1.0,3.0,3.0,0.0,468.0,0.0018338219997531269,0.010486774000128207,0.01085818499996094,0.0037692760006393655,14.84281258899955,-720.0,-770.0
100.0,10.0,1.0,3.0,3.0,0.0,469.0,0.0020287679999455577,0.012199225000586011,0.010401526999885391,0.0055432319995816215,14.872992762999274,-720.0,-770.0
100.0,10.0,1.0,3.0,3.0,0.0,470.0,0.001469372000428848,0.008605974999227328,0.00885837499936315,0.0056172220001826645,14.897551283999746,-720.0,-770.0
100.0,10.0,1.0,3.0,3.0,0.0,471.0,0.001936736999596178,0.012554742000247643,0.009742453999933787,0.0034371889996691607,14.925230449999617,-720.0,-770.0
100.0,10.0,1.0,3.0,3.0,0.0,472.0,0.002040732999375905,0.009145680000074208,0.008776048000072478,0.0056076790006045485,14.950808368999787,-720.0,-770.0
100.0,10.0,1.0,3.0,3.0,0.0,473.0,0.0021984189997965586,0.010385501999735425,0.009331792999546451,0.005458907999127405,14.978190461999475,-720.0,-770.0
100.0,10.0,1.0,3.0,3.0,0.0,474.0,0.0019099009996352834,0.015342865000093298,0.011104950000117242,0.005528624999897147,15.012085159999515,-720.0,-770.0
100.0,10.0,1.0,3.0,3.0,0.0,475.0,0.001678544999776932,0.00992285600023024,0.008903863999876194,0.0034652169997571036,15.036064534999241,-720.0,-770.0
100.0,10.0,1.0,3.0,3.0,0.0,476.0,0.0016134170000441372,0.009847719999925175,0.008452091999970435,0.0032900759997573914,15.059275377999256,-720.0,-770.0
100.0,10.0,1.0,3.0,3.0,0.0,477.0,0.001603609000085271,0.011095158999523846,0.012569595000059053,0.005066861999694083,15.089618183999846,-720.0,-770.0
100.0,10.0,1.0,3.0,3.0,0.0,478.0,0.0018736370002443437,0.009820307000154571,0.008678969000357029,0.00483522600006836,15.114833917999931,-720.0,-770.0
100.0,10.0,1.0,3.0,3.0,0.0,479.0,0.0017433689999961643,0.014374533000591327,0.012834398000450165,0.003396731000066211,15.147189729999809,-720.0,-770.0
100.0,10.0,1.0,3.0,3.0,0.0,480.0,0.001607385000170325,0.00992817099995591,0.008820398000352725,0.0050014069993267185,15.172554420999404,-720.0,-770.0
100.0,10.0,1.0,3.0,3.0,0.0,481.0,0.001656080000429938,0.012251871999978903,0.008239165999839315,0.005066065000391973,15.199775002000024,-720.0,-770.0
100.0,10.0,1.0,3.0,3.0,0.0,482.0,0.0012767259995598579,0.008367819000341115,0.008573435000471363,0.003111440000793664,15.221111310999731,-720.0,-770.0
100.0,10.0,1.0,3.0,3.0,0.0,483.0,0.0016102059998956975,0.008088820000011765,0.0100214309995863,0.0030775229997743736,15.243916370999614,-720.0,-770.0
100.0,10.0,1.0,3.0,3.0,0.0,484.0,0.0016149100001712213,0.00943916799951694,0.007946468999762146,0.003122246000202722,15.266046811999331,-720.0,-770.0
100.0,10.0,1.0,3.0,3.0,0.0,485.0,0.0013388530005613575,0.008379969999623427,0.00930655000047409,0.0032763700000941753,15.288356348999514,-720.0,-770.0
100.0,10.0,1.0,3.0,3.0,0.0,486.0,0.001801234999220469,0.008622880000075384,0.01128813800005446,0.003068109000196273,15.313143837999633,-720.0,-770.0
100.0,10.0,1.0,3.0,3.0,0.0,487.0,0.0021559399992838735,0.009666361000199686,0.010427854999761621,0.004892668000138656,15.340294329999779,-720.0,-770.0
100.0,10.0,1.0,3.0,3.0,0.0,488.0,0.0013517650004359894,0.008203346999835048,0.010599184000056994,0.005029323000599106,15.365485084999818,-720.0,-770.0
100.0,10.0,1.0,3.0,3.0,0.0,489.0,0.0017661490001046332,0.011330614000144124,0.010920480000095267,0.004820004000066547,15.394329419999849,-720.0,-770.0
100.0,10.0,1.0,3.0,3.0,0.0,490.0,0.0016778709996287944,0.008276729000499472,0.008815246000267507,0.00519549700038624,15.418301824000082,-720.0,-770.0
100.0,10.0,1.0,3.0,3.0,0.0,491.0,0.001823341000090295,0.01077761900069163,0.00903758000004018,0.0035385080000196467,15.44348701599938,-720.0,-770.0
100.0,10.0,1.0,3.0,3.0,0.0,492.0,0.001272993999918981,0.010095287000694952,0.008998539999993227,0.003502980999655847,15.46736442099973,-720.0,-770.0
100.0,10.0,1.0,3.0,3.0,0.0,493.0,0.001867588999630243,0.008483376000185672,0.009568089999447693,0.004880225999841059,15.492171081999913,-720.0,-770.0
100.0,10.0,1.0,3.0,3.0,0.0,494.0,0.0014306009998108493,0.008625525000752532,0.009001708999676339,0.003444859999945038,15.514680815999782,-720.0,-770.0
100.0,10.0,1.0,3.0,3.0,0.0,495.0,0.0012100060002921964,0.009587068999280746,0.010157724000237067,0.004727542999717116,15.540370427999733,-720.0,-770.0
100.0,10.0,1.0,3.0,3.0,0.0,496.0,0.0018971990002683015,0.009736771000461886,0.010357053000007,0.005852952000168443,15.56822127399937,-720.0,-770.0
100.0,10.0,1.0,3.0,3.0,0.0,497.0,0.002386307000051602,0.01348359999974491,0.00943952400029957,0.003576778999558883,15.59711489899928,-720.0,-770.0
100.0,10.0,1.0,3.0,3.0,0.0,498.0,0.0016701490003470099,0.011615044999416568,0.009042321000379161,0.0035808780003208085,15.62303127099949,-720.0,-770.0
100.0,10.0,1.0,3.0,3.0,0.0,499.0,0.001422058000571269,0.010304903000360355,0.00956625399976474,0.003682162000586686,15.648013325999273,-720.0,-770.0
100.0,10.0,1.0,3.0,3.0,0.0,500.0,0.002256796999972721,0.00989596999988862,0.010072990000480786,0.005602197999905911,15.675849122999352,-720.0,-770.0
100.0,10.0,1.0,3.0,3.0,0.0,501.0,0.002586536000308115,0.008111900999210775,0.01025987899993197,0.005381397999371984,15.702196544999424,-720.0,-770.0
100.0,10.0,1.0,3.0,3.0,0.0,502.0,0.0017738599999574944,0.010568554000201402,0.010103968000294117,0.003485976999400009,15.728136434999215,-720.0,-770.0
100.0,10.0,1.0,3.0,3.0,0.0,503.0,0.0017578199995114119,0.008608741999523772,0.00865939300001628,0.005286591999720258,15.752457218000018,-720.0,-770.0
100.0,10.0,1.0,3.0,3.0,0.0,504.0,0.0022423199998229393,0.010487458999705268,0.008441085999947973,0.006134238999948138,15.779770473000099,-720.0,-770.0
100.0,10.0,1.0,3.0,3.0,0.0,505.0,0.0017223660006493446,0.01206797499980894,0.009649314000853337,0.005375729000661522,15.808593658999598,-720.0,-770.0
100.0,10.0,1.0,3.0,3.0,0.0,506.0,0.0017366099991704687,0.011904369999683695,0.0090983829995821,0.005310307000399916,15.836651372999768,-720.0,-770.0
100.0,10.0,1.0,3.0,3.0,0.0,507.0,0.0015862459995332756,0.010008514000219293,0.009842620999734208,0.0039036610005496186,15.862000258999615,-720.0,-770.0
100.0,10.0,1.0,3.0,3.0,0.0,508.0,0.001953785000296193,0.016401283999584848,0.01144108900007268,0.0034218239998153877,15.895225835999554,-720.0,-770.0
100.0,10.0,1.0,3.0,3.0,0.0,509.0,0.0017409370002496871,0.015460127000551438,0.011230838999836124,0.004560507999485708,15.928225435000058,-720.0,-770.0
100.0,10.0,1.0,3.0,3.0,0.0,510.0,0.002323587999853771,0.009341165000478213,0.010167720000026748,0.006123416000264115,15.956188597999244,-720.0,-770.0
100.0,10.0,1.0,3.0,3.0,0.0,511.0,0.002244052000605734,0.010741004000010435,0.010437981999530166,0.005934188000537688,15.985553730999527,-720.0,-770.0
100.0,10.0,1.0,3.0,3.0,0.0,512.0,0.0017869610001071123,0.011954445000810665,0.00976508100029605,0.005413238000073761,16.014480699999694,-720.0,-770.0
100.0,10.0,1.0,3.0,3.0,0.0,513.0,0.002341370999602077,0.008705148999979428,0.010016404000452894,0.004986519000340195,16.04053790299986,-720.0,-770.0
100.0,10.0,1.0,3.0,3.0,0.0,514.0,0.0021230110005490133,0.009731072999784374,0.010144876000595104,0.0036349319998407736,16.06617982899934,-720.0,-770.0
100.0,10.0,1.0,3.0,3.0,0.0,515.0,0.0016150220008057659,0.010851641999579442,0.009606193999388779,0.0034309729999222327,16.0916914419995,-720.0,-770.0
100.0,10.0,1.0,3.0,3.0,0.0,516.0,0.002274495999699866,0.012533049000012397,0.008873548999872582,0.003370008000274538,16.11874976099989,-720.0,-770.0
100.0,10.0,1.0,3.0,3.0,0.0,517.0,0.001811815000110073,0.010782853999444342,0.010049290999631921,0.0034848510003939737,16.14488650199928,-720.0,-770.0
100.0,10.0,1.0,3.0,3.0,0.0,518.0,0.002189695000197389,0.01818925699990359,0.011773895000260381,0.0050210210001750966,16.18206698599988,-720.0,-770.0
100.0,10.0,1.0,3.0,3.0,0.0,519.0,0.002219527000306698,0.01335087899951759,0.009191057999487384,0.0014336180001919274,16.20826991299964,-720.0,-770.0
100.0,10.0,1.0,3.0,3.0,0.0,520.0,0.0014990190002208692,0.01606290400013677,0.009675686999798927,0.0035783419998551835,16.239093827000033,-720.0,-770.0
100.0,10.0,1.0,3.0,3.0,0.0,521.0,0.0014947709996704361,0.01948766500026977,0.010158168000089063,0.005317256000125781,16.275560783999936,-720.0,-770.0
100.0,10.0,1.0,3.0,3.0,0.0,522.0,0.0016415640002378495,0.010252988000502228,0.010104179000336444,0.0033147770000141463,16.30088121099925,-720.0,-770.0
100.0,10.0,1.0,3.0,3.0,0.0,523.0,0.0015238959995258483,0.01218031999997038,0.009122030999606068,0.005213544999605801,16.328928193999673,-720.0,-770.0
100.0,10.0,1.0,3.0,3.0,0.0,524.0,0.0018833990006896784,0.01016381099998398,0.008916309999221994,0.003112919999693986,16.35301188899939,-720.0,-770.0
100.0,10.0,1.0,3.0,3.0,0.0,525.0,0.0018992870000147377,0.01009808900016651,0.009483343999818317,0.005254162000710494,16.379754103999403,-720.0,-770.0
100.0,10.0,1.0,3.0,3.0,0.0,526.0,0.0020995089998905314,0.009384359999785374,0.008984588000203075,0.004650068999580981,16.404879833999985,-720.0,-770.0
100.0,10.0,1.0,3.0,3.0,0.0,527.0,0.0017378620004819822,0.011704070000632782,0.009413124999809952,0.0051932090000264,16.432935422999435,-720.0,-770.0
100.0,10.0,1.0,3.0,3.0,0.0,528.0,0.0018370889993093442,0.011186603999703948,0.008661756000037713,0.0035073290000582347,16.45813605999956,-720.0,-770.0
100.0,10.0,1.0,3.0,3.0,0.0,529.0,0.0018383180004093447,0.010281298000336392,0.010181998000007297,0.004656947000512446,16.485101977999875,-720.0,-770.0
100.0,10.0,1.0,3.0,3.0,0.0,530.0,0.0020727549999719486,0.009649892000197724,0.01139469999998255,0.003124881999610807,16.511350890999893,-720.0,-770.0
100.0,10.0,1.0,3.0,3.0,0.0,531.0,0.001702943999589479,0.008923632999540132,0.01030823299970507,0.005534238000109326,16.53782710899941,-720.0,-770.0
100.0,10.0,1.0,3.0,3.0,0.0,532.0,0.0013710740004171384,0.010250383000311558,0.008373810999728448,0.0014625430003434303,16.55929191499945,-720.0,-770.0
100.0,10.0,1.0,3.0,3.0,0.0,533.0,0.0014653730004283716,0.009982741999920108,0.011064063000048918,0.0015393800003948854,16.5833501649995,-720.0,-770.0
100.0,10.0,1.0,3.0,3.0,0.0,534.0,0.0022490840001410106,0.010549495999839564,0.01054029500028264,0.0067192400001658825,16.61341605599955,-720.0,-770.0
100.0,10.0,1.0,3.0,3.0,0.0,535.0,0.002034496999840485,0.008736147000490746,0.010747999000159325,0.007001061999289959,16.64194450800005,-720.0,-770.0
100.0,10.0,1.0,3.0,3.0,0.0,536.0,0.0018041169996649842,0.009981447999962256,0.008479867999994894,0.009134500999607553,16.671352301999832,-720.0,-770.0
100.0,10.0,1.0,3.0,3.0,0.0,537.0,0.0015819449999980861,0.010384255000644771,0.011053060000449477,0.009228663000612869,16.703608225999233,-720.0,-770.0
100.0,10.0,1.0,3.0,3.0,0.0,538.0,0.002162978999876941,0.010564549999799056,0.010184309999203833,0.0035938099999839324,16.730121227999916,-720.0,-770.0
100.0,10.0,1.0,3.0,3.0,0.0,539.0,0.002019343000029039,0.010405149999314744,0.009791860000404995,0.005350802999601001,16.757696337999732,-720.0,-770.0
100.0,10.0,1.0,3.0,3.0,0.0,540.0,0.002923815000031027,0.0070769009998912225,0.009982518000470009,0.00628323300043121,16.783970623999267,-720.0,-770.0
100.0,10.0,1.0,3.0,3.0,0.0,541.0,0.0018599859995447332,0.011030390000087209,0.0099438690003808,0.009138854000411811,16.815951911999946,-720.0,-770.0
100.0,10.0,1.0,3.0,3.0,0.0,542.0,0.001699076000477362,0.012895994999780669,0.010374149999734072,0.006828333999692404,16.847756481999568,-720.0,-770.0
100.0,10.0,1.0,3.0,3.0,0.0,543.0,0.0022090080001362367,0.009333351999885053,0.010131467999599408,0.008023211000363517,16.877461041999595,-720.0,-770.0
100.0,10.0,1.0,3.0,3.0,0.0,544.0,0.0017525689991089166,0.009234391999598301,0.009245999000086158,0.007020766000096046,16.90472385999965,-720.0,-770.0
100.0,10.0,1.0,3.0,3.0,0.0,545.0,0.0017924160001712153,0.010111276999850816,0.009275634000005084,0.005194014999688079,16.931105640999704,-720.0,-770.0
100.0,10.0,1.0,3.0,3.0,0.0,546.0,0.001907457000015711,0.008181619999959366,0.00824503200055915,0.00528621099965676,16.954733919999853,-720.0,-770.0
100.0,10.0,1.0,3.0,3.0,0.0,547.0,0.0015573420005239313,0.006530177000058757,0.008728779999728431,0.005151278999619535,16.976709343999573,-720.0,-770.0
100.0,10.0,1.0,3.0,3.0,0.0,548.0,0.0015079540007718606,0.00962767500004702,0.010400422000202525,0.009053363999555586,17.00730652799939,-720.0,-770.0
100.0,10.0,1.0,3.0,3.0,0.0,549.0,0.0015121590004127938,0.014099076999627869,0.010498908000045049,0.006739887000549061,17.040164047999497,-720.0,-770.0
100.0,10.0,1.0,3.0,3.0,0.0,550.0,0.002166702000067744,0.0076650410001093405,0.011581601000216324,0.0069925859997965745,17.068576884999857,-720.0,-770.0
100.0,10.0,1.0,3.0,3.0,0.0,551.0,0.002353192000555282,0.009971095999389945,0.010199775999353733,0.009240950000275916,17.100348932000088,-720.0,-770.0
100.0,10.0,1.0,3.0,3.0,0.0,552.0,0.0018453669999871636,0.012205180999444565,0.01175522700032161,0.007525259999965783,17.13368860099945,-720.0,-770.0
100.0,10.0,1.0,3.0,3.0,0.0,553.0,0.0021671869999408955,0.010125654000148643,0.008894757000234677,0.007505272999878798,17.162391511999886,-720.0,-770.0
100.0,10.0,1.0,3.0,3.0,0.0,554.0,0.0018359839996264782,0.008226191000176186,0.010436382000079902,0.007281064000380866,17.190180640999642,-720.0,-770.0
100.0,10.0,1.0,3.0,3.0,0.0,555.0,0.0021890550005991827,0.010741950000010547,0.00985997000043426,0.0048452150003868155,17.217824262999784,-720.0,-770.0
100.0,10.0,1.0,3.0,3.0,0.0,556.0,0.0015994340001270757,0.011828020999928412,0.010228852000182087,0.006731198999659682,17.248218501999872,-720.0,-770.0
100.0,10.0,1.0,3.0,3.0,0.0,557.0,0.0018345150001550792,0.008152922999215662,0.00892868500068289,0.006817973000579514,17.273959619999914,-720.0,-770.0
100.0,10.0,1.0,3.0,3.0,0.0,558.0,0.0020566299999700277,0.009908412000186217,0.008795222999651742,0.00853969300078461,17.303267846999915,-680.0,-760.0
100.0,10.0,1.0,3.0,3.0,0.0,559.0,0.0016765469999882043,0.010046100999716145,0.01076587199986534,0.009100556000703364,17.334863937999216,-680.0,-760.0
100.0,10.0,1.0,3.0,3.0,0.0,560.0,0.0016332820005118265,0.00903976799963857,0.009817115999794623,0.005439362999823061,17.360801294999874,-680.0,-760.0
100.0,10.0,1.0,3.0,3.0,0.0,561.0,0.0018747220001387177,0.012205766999613843,0.010223979000329564,0.005117644999700133,17.390230930999678,-680.0,-760.0
100.0,10.0,1.0,3.0,3.0,0.0,562.0,0.002224449000095774,0.01026641099997505,0.009401199999956589,0.005094258000099217,17.417224872999213,-680.0,-760.0
100.0,10.0,1.0,3.0,3.0,0.0,563.0,0.0017371470003126888,0.015718691000074614,0.011187572999915574,0.0076881129998582765,17.453563776999545,-680.0,-760.0
100.0,10.0,1.0,3.0,3.0,0.0,564.0,0.003086937999796646,0.017689758999949845,0.008824122000078205,0.008490412000355718,17.49166183499983,-680.0,-760.0
100.0,10.0,1.0,3.0,3.0,0.0,565.0,0.0016094400007204968,0.009970317999432154,0.008809029999611084,0.009901287000502634,17.52195951699923,-680.0,-760.0
100.0,10.0,1.0,3.0,3.0,0.0,566.0,0.0016474349995405646,0.00938611600031436,0.009825588999774482,0.01061178999952972,17.55343753299985,-680.0,-760.0
100.0,10.0,1.0,3.0,3.0,0.0,567.0,0.0020168629998806864,0.011966139999458392,0.012228877999405086,0.009721699000692752,17.58937860199967,-680.0,-760.0
100.0,10.0,1.0,3.0,3.0,0.0,568.0,0.0018879899998864857,0.010356542999943485,0.010687310999855981,0.008140365000144811,17.62045788299929,-680.0,-760.0
100.0,10.0,1.0,3.0,3.0,0.0,569.0,0.0017195370000990806,0.011765353000555479,0.011134964999655494,0.009679991999291815,17.654764820999844,-680.0,-760.0
100.0,10.0,1.0,3.0,3.0,0.0,570.0,0.0012367959998300648,0.007953153000016755,0.010004935000324622,0.010653016999640386,17.684635225999955,-650.0,-760.0
100.0,10.0,1.0,3.0,3.0,0.0,571.0,0.001815591000195127,0.00960737299919856,0.010364847000346344,0.011029551999854448,17.71746022499974,-620.0,-750.0
100.0,10.0,1.0,3.0,3.0,0.0,572.0,0.0018962370004373952,0.008620112000244262,0.009228003999851353,0.00516792600046756,17.742380322999452,-620.0,-750.0
100.0,10.0,1.0,3.0,3.0,0.0,573.0,0.0016380659999413183,0.00878488800026389,0.010496503000467783,0.009220676999575517,17.772528280999722,-620.0,-750.0
100.0,10.0,1.0,3.0,3.0,0.0,574.0,0.0017269320005652844,0.011032358000193199,0.00929450000057841,0.01409510799931013,17.80868637200001,-620.0,-750.0
100.0,10.0,1.0,3.0,3.0,0.0,575.0,0.0019726050004464923,0.010477621999598341,0.009715604000120948,0.01005145899944182,17.840913262999493,-620.0,-750.0
100.0,10.0,1.0,3.0,3.0,0.0,576.0,0.002294660999723419,0.009884480999971856,0.009669654000390437,0.014328379999824392,17.877099149999594,-620.0,-750.0
100.0,10.0,1.0,3.0,3.0,0.0,577.0,0.0018065499998556334,0.014202541000486235,0.012204689000100188,0.010507527999834565,17.915827826999703,-620.0,-750.0
100.0,10.0,1.0,3.0,3.0,0.0,578.0,0.002812464000271575,0.011819135999758146,0.010512782000660081,0.011140692000481067,17.952120117999584,-620.0,-750.0
100.0,10.0,1.0,3.0,3.0,0.0,579.0,0.001876019000519591,0.012936434999573976,0.009929615999681118,0.010988730999997642,17.987858865999442,-620.0,-750.0
100.0,10.0,1.0,3.0,3.0,0.0,580.0,0.0023126169999159174,0.011331806999805849,0.009369402000629634,0.008904442999664752,18.019784972999332,-620.0,-750.0
100.0,10.0,1.0,3.0,3.0,0.0,581.0,0.002028867000262835,0.008782642999904056,0.009291604999816627,0.009216334000484494,18.04911214599997,-620.0,-750.0
100.0,10.0,1.0,3.0,3.0,0.0,582.0,0.0017277369997827918,0.011229830000047514,0.010166620999370934,0.009409045000211336,18.08165538100002,-620.0,-750.0
100.0,10.0,1.0,3.0,3.0,0.0,583.0,0.001606423999874096,0.010699064000618819,0.009955909999916912,0.010960686999169411,18.114885019999747,-620.0,-750.0
100.0,10.0,1.0,3.0,3.0,0.0,584.0,0.0021941189997960464,0.013099425999826053,0.009813253000174882,0.011279536999609263,18.15127945399945,-620.0,-750.0
100.0,10.0,1.0,3.0,3.0,0.0,585.0,0.0018565360005595721,0.011629260000518116,0.009724081999593182,0.011687410000376985,18.186184883999886,-620.0,-750.0
100.0,10.0,1.0,3.0,3.0,0.0,586.0,0.0018704340000113007,0.01108296300026268,0.012435560000085388,0.0096320430002379,18.221212568999363,-620.0,-750.0
100.0,10.0,1.0,3.0,3.0,0.0,587.0,0.002839957999640319,0.007858607000343909,0.009475525999732781,0.008551116999115038,18.249944977999803,-620.0,-750.0
100.0,10.0,1.0,3.0,3.0,0.0,588.0,0.0022120949997770367,0.012404244999743241,0.009654503000092518,0.01148373999967589,18.285707328999706,-620.0,-750.0
100.0,10.0,1.0,3.0,3.0,0.0,589.0,0.0018014159995800583,0.007466043000022182,0.009476979999817559,0.010397819999525382,18.314857072999985,-620.0,-750.0
100.0,10.0,1.0,3.0,3.0,0.0,590.0,0.002177114000005531,0.011315863999698195,0.008822006999253063,0.011624174000644416,18.348803989999396,-620.0,-750.0
100.0,10.0,1.0,3.0,3.0,0.0,591.0,0.002545246999943629,0.012026704999698268,0.008126646000164328,0.008891749000213167,18.380402695999692,-620.0,-750.0
100.0,10.0,1.0,3.0,3.0,0.0,592.0,0.0022809310003140126,0.009615492999728303,0.009461102999921422,0.010466692000591138,18.4122346919994,-620.0,-750.0
100.0,10.0,1.0,3.0,3.0,0.0,593.0,0.0032027999995989376,0.010015105000093172,0.009309242000199447,0.010086981000313244,18.444857824999417,-620.0,-750.0
100.0,10.0,1.0,3.0,3.0,0.0,594.0,0.0018559310001364793,0.009598905000530067,0.011016051000297011,0.010705359999519715,18.47804142899986,-620.0,-750.0
100.0,10.0,1.0,3.0,3.0,0.0,595.0,0.0017369719998896471,0.010094025999933365,0.008764523000536428,0.011527057999956014,18.510172243999477,-620.0,-750.0
100.0,10.0,1.0,3.0,3.0,0.0,596.0,0.0022175139993123594,0.009412692000296374,0.009787283999685314,0.010191740999289323,18.541789140999754,-620.0,-750.0
100.0,10.0,1.0,3.0,3.0,0.0,597.0,0.0018099120006809244,0.010078618000079587,0.008706733000508393,0.010113501999512664,18.572505823999563,-620.0,-750.0
100.0,10.0,1.0,3.0,3.0,0.0,598.0,0.0016349409997928888,0.008833528999275586,0.00916773200060561,0.008536232000551536,18.60068574199977,-620.0,-750.0
100.0,10.0,1.0,3.0,3.0,0.0,599.0,0.0016022049994717236,0.008942921000198112,0.009264213999813364,0.010344209999857412,18.630847793999237,-620.0,-750.0
100.0,10.0,1.0,3.0,3.0,0.0,600.0,0.002111758999490121,0.011304217000542849,0.008907786000236229,0.01051760300015303,18.663696619999428,-620.0,-750.0
100.0,10.0,1.0,3.0,3.0,0.0,601.0,0.0015242419995047385,0.012549733999549062,0.008689975999914168,0.010166585999286326,18.696634448999248,-620.0,-750.0
100.0,10.0,1.0,3.0,3.0,0.0,602.0,0.0016069720004452392,0.006836997999926098,0.008615155999905255,0.010962034999465686,18.724662960999922,-620.0,-740.0
100.0,10.0,1.0,3.0,3.0,0.0,603.0,0.001799044999643229,0.006291049999163079,0.00939796300008311,0.010721803000706132,18.75288080900009,-620.0,-720.0
100.0,10.0,1.0,3.0,3.0,0.0,604.0,0.0024689310002941056,0.006659231999947224,0.01095997799984616,0.012059124000188604,18.78503724499933,-570.0,-680.0
100.0,10.0,1.0,3.0,3.0,0.0,605.0,0.0019088479994024965,0.01581846699991729,0.009472351000113122,0.003976225999394956,18.816221220999978,-570.0,-680.0
100.0,10.0,1.0,3.0,3.0,0.0,606.0,0.001640243000110786,0.015391236000141362,0.010161594999772205,0.008214598999984446,18.851637226999628,-570.0,-680.0
100.0,10.0,1.0,3.0,3.0,0.0,607.0,0.0022932790006962023,0.009939572999428492,0.00865447399974073,0.006050457999663195,18.878582241000004,-570.0,-680.0
100.0,10.0,1.0,3.0,3.0,0.0,608.0,0.00206723300016165,0.01864164700054971,0.008664467000016884,0.0070637920007357025,18.915026648000094,-570.0,-660.0
100.0,10.0,1.0,3.0,3.0,0.0,609.0,0.0019116749999739113,0.009895642000628868,0.00955137500022829,0.006427768999856198,18.942820139000105,-570.0,-650.0
100.0,10.0,1.0,3.0,3.0,0.0,610.0,0.001822817999709514,0.01026333100071497,0.010809510999933991,0.008471574999930453,18.97419488199921,-570.0,-650.0
100.0,10.0,1.0,3.0,3.0,0.0,611.0,0.0020877209999525803,0.009827335999943898,0.00873083799979213,0.007133185999919078,19.001981454000088,-570.0,-650.0
100.0,10.0,1.0,3.0,3.0,0.0,612.0,0.001684535000094911,0.01327507699988928,0.009220441000252322,0.011452080999333702,19.037621584999215,-570.0,-650.0
100.0,10.0,1.0,3.0,3.0,0.0,613.0,0.0019915049997507595,0.010540780000155792,0.011401852000744839,0.007174622000093223,19.068737844999305,-570.0,-650.0
100.0,10.0,1.0,3.0,3.0,0.0,614.0,0.002550598999732756,0.01101607399959903,0.010236184999484976,0.009076985999854514,19.101625471999796,-570.0,-650.0
100.0,10.0,1.0,3.0,3.0,0.0,615.0,0.0018244200000481214,0.010215950999736378,0.010271826999996847,0.007244970000101603,19.131202943999597,-570.0,-650.0
100.0,10.0,1.0,3.0,3.0,0.0,616.0,0.0023454370002582436,0.006368782000208739,0.010341913000047498,0.006861290999950143,19.157127867999407,-570.0,-650.0
100.0,10.0,1.0,3.0,3.0,0.0,617.0,0.0017408020003131242,0.007536888999311486,0.007880800000748422,0.006766086999959953,19.181060514999444,-570.0,-650.0
100.0,10.0,1.0,3.0,3.0,0.0,618.0,0.001625971999601461,0.008532681000360753,0.00909784400028002,0.00722430899986648,19.20754890199987,-570.0,-650.0
100.0,10.0,1.0,3.0,3.0,0.0,619.0,0.0017423660001441021,0.014142025999717589,0.01113988899942342,0.012977164000403718,19.24755833099971,-430.0,-640.0
100.0,10.0,1.0,3.0,3.0,0.0,620.0,0.002562898000178393,0.010042636999969545,0.00987713700033055,0.012279135999961,19.28232728799958,-430.0,-620.0
100.0,10.0,1.0,3.0,3.0,0.0,621.0,0.00178181399951427,0.01404045299932477,0.008969190000243543,0.006831833999967785,19.313958665999962,-430.0,-600.0
100.0,10.0,1.0,3.0,3.0,0.0,622.0,0.0016468730000269716,0.01013218899970525,0.011403067999708583,0.009450841999750992,19.346599026999684,-430.0,-580.0
100.0,10.0,1.0,3.0,3.0,0.0,623.0,0.0018444409997755429,0.008699284000613261,0.009605049999663606,0.008538085000509454,19.37529410099978,-430.0,-550.0
100.0,10.0,1.0,3.0,3.0,0.0,624.0,0.0018108379999830504,0.008733976000257826,0.009626420000131475,0.00509531399984553,19.400569166999958,-430.0,-550.0
100.0,10.0,1.0,3.0,3.0,0.0,625.0,0.0013713660000576056,0.008463320000373642,0.010424707000311173,0.0052520059998641955,19.42608855599974,-430.0,-550.0
100.0,10.0,1.0,3.0,3.0,0.0,626.0,0.0018894770000770222,0.01209902700065868,0.009282770999561762,0.00590533200011123,19.455273148999368,-430.0,-550.0
100.0,10.0,1.0,3.0,3.0,0.0,627.0,0.0015315390000978368,0.008444805000181077,0.009513830999821948,0.005561811999541533,19.48033293899971,-430.0,-550.0
100.0,10.0,1.0,3.0,3.0,0.0,628.0,0.001790177999282605,0.008669799999552197,0.009068529000614944,0.005379240000365826,19.50524818699978,-430.0,-550.0
100.0,10.0,1.0,3.0,3.0,0.0,629.0,0.0019194830001652008,0.006534554000609205,0.009101784999984375,0.004963348999808659,19.527775266999924,-430.0,-550.0
100.0,10.0,1.0,3.0,3.0,0.0,630.0,0.0017065669999283273,0.006365557999743032,0.009500621999904979,0.0035833290003211005,19.5489395149998,-430.0,-550.0
100.0,10.0,1.0,3.0,3.0,0.0,631.0,0.0018203199997515185,0.009095425999475992,0.009522983000351815,0.006543466000039189,19.575930031000098,-430.0,-550.0
100.0,10.0,1.0,3.0,3.0,0.0,632.0,0.001632014000279014,0.008940505999817105,0.009641652000027534,0.003650237999863748,19.599802297999304,-430.0,-550.0
100.0,10.0,1.0,3.0,3.0,0.0,633.0,0.002091418999953021,0.008378915000321285,0.010172702000090794,0.0038039900000512716,19.62425784199968,-430.0,-550.0
100.0,10.0,1.0,3.0,3.0,0.0,634.0,0.0016160659997694893,0.015016815999842947,0.008557451000342553,0.005250747999525629,19.654706272999647,-430.0,-550.0
100.0,10.0,1.0,3.0,3.0,0.0,635.0,0.0019037680003748392,0.008167164999576926,0.010170092000407749,0.004835155000364466,19.679789869999695,-430.0,-550.0
100.0,10.0,1.0,3.0,3.0,0.0,636.0,0.0018145430003642105,0.012180721000731864,0.008905886999855284,0.004789886999787996,19.707488278999335,-430.0,-550.0
100.0,10.0,1.0,3.0,3.0,0.0,637.0,0.0018239110004287795,0.00946561999990081,0.009254241999769874,0.0057139889995596604,19.733754156000032,-430.0,-550.0
100.0,10.0,1.0,3.0,3.0,0.0,638.0,0.001989405000131228,0.01193143999989843,0.008387842000047385,0.0037156390008021845,19.759785837999516,-430.0,-550.0
100.0,10.0,1.0,3.0,3.0,0.0,639.0,0.0017482479997852352,0.011693196000123862,0.009535746000437939,0.005079307999949378,19.787850183000046,-430.0,-550.0
100.0,10.0,1.0,3.0,3.0,0.0,640.0,0.0019391539999560337,0.00853512000048795,0.010859887000151502,0.005481033999785723,19.814673207999476,-430.0,-550.0
100.0,10.0,1.0,3.0,3.0,0.0,641.0,0.0018556029999672319,0.008265878000202065,0.01076792399999249,0.00511476199972094,19.840685255999233,-430.0,-550.0
100.0,10.0,1.0,3.0,3.0,0.0,642.0,0.0019045990002268809,0.006567890000042098,0.009965577000002668,0.0038214389996937825,19.862953320999623,-430.0,-550.0
100.0,10.0,1.0,3.0,3.0,0.0,643.0,0.0020257100004528183,0.007835620000150811,0.008942399000261503,0.008586801999626914,19.890351444999396,-430.0,-540.0
100.0,10.0,1.0,3.0,3.0,0.0,644.0,0.002123360999576107,0.01111248799952591,0.009302557999944838,0.00992539700018824,19.922822887999246,-430.0,-520.0
100.0,10.0,1.0,3.0,3.0,0.0,645.0,0.0023488549995818175,0.01019049700062169,0.011505726999530452,0.010025900000073307,19.95690042299975,-430.0,-510.0
100.0,10.0,1.0,3.0,3.0,0.0,646.0,0.0020207239995215787,0.009180469999591878,0.008623183000054269,0.013408155999968585,19.990140053999312,-430.0,-510.0
100.0,10.0,1.0,3.0,3.0,0.0,647.0,0.0018879159997595707,0.010818427000231168,0.013609902000098373,0.006113610999818775,20.022577464999813,-430.0,-510.0
100.0,10.0,1.0,3.0,3.0,0.0,648.0,0.002085636000629165,0.013023112000155379,0.010651759000211314,0.009734029999890481,20.058115820999774,-430.0,-510.0
100.0,10.0,1.0,3.0,3.0,0.0,649.0,0.0019692879996000556,0.01045659200008231,0.011304432999168057,0.00904870900012611,20.090902283000105,-430.0,-510.0
100.0,10.0,1.0,3.0,3.0,0.0,650.0,0.001731941999423725,0.008047375999922224,0.0115852779999841,0.011304966000352579,20.123580257999492,-430.0,-510.0
100.0,10.0,1.0,3.0,3.0,0.0,651.0,0.002259099999719183,0.009088028999940434,0.010303488999852561,0.013509388000784384,20.158748032999938,-430.0,-510.0
100.0,10.0,1.0,3.0,3.0,0.0,652.0,0.0019331690000399249,0.010038260999863269,0.01031557900023472,0.01165833799950633,20.192700508999224,-430.0,-510.0
100.0,10.0,1.0,3.0,3.0,0.0,653.0,0.0025973390002036467,0.01050993999979255,0.013277435000418336,0.009241802999895299,20.22833484199964,-430.0,-510.0
100.0,10.0,1.0,3.0,3.0,0.0,654.0,0.0031764440000188188,0.009730190000482253,0.010638763000315521,0.012906891999591608,20.264794521000113,-430.0,-510.0
100.0,10.0,1.0,3.0,3.0,0.0,655.0,0.002334649999284011,0.009593865999704576,0.009562242999891168,0.010258336000333657,20.29655137499958,-430.0,-510.0
100.0,10.0,1.0,3.0,3.0,0.0,656.0,0.0016793009999673814,0.012174845999652462,0.010018888000558945,0.011481970000204456,20.331914106999648,-430.0,-510.0
100.0,10.0,1.0,3.0,3.0,0.0,657.0,0.0021460349998960737,0.011158627999975579,0.012584559000060835,0.011858734000270488,20.369669484999577,-430.0,-510.0
100.0,10.0,1.0,3.0,3.0,0.0,658.0,0.0025530500006425427,0.0068961320002927096,0.009490165999523015,0.009928487000252062,20.398544007000055,-430.0,-510.0
100.0,10.0,1.0,3.0,3.0,0.0,659.0,0.001638343999729841,0.010757274000752659,0.009345137000309478,0.010886322000260407,20.43117881499984,-430.0,-510.0
100.0,10.0,1.0,3.0,3.0,0.0,660.0,0.001800883000214526,0.0076750889993491,0.008778115000495745,0.010495923000235052,20.45993620399986,-430.0,-510.0
100.0,10.0,1.0,3.0,3.0,0.0,661.0,0.002076156999464729,0.008160723000401049,0.009923014999912994,0.019679248000102234,20.49978256799932,-430.0,-510.0
100.0,10.0,1.0,3.0,3.0,0.0,662.0,0.002394342000116012,0.015346770000178367,0.013782163000541914,0.010651530000359344,20.541964850000113,-430.0,-510.0
100.0,10.0,1.0,3.0,3.0,0.0,663.0,0.001799810000193247,0.012309239999922283,0.012222278000081133,0.01285997699960717,20.581163737999304,-430.0,-510.0
100.0,10.0,1.0,3.0,3.0,0.0,664.0,0.0011967790005655843,0.009136166000644153,0.00972765000005893,0.010649535000084143,20.611880898999516,-430.0,-510.0
100.0,10.0,1.0,3.0,3.0,0.0,665.0,0.0021063580006739357,0.012898692999442574,0.010923105000074429,0.01337845699981699,20.6511945379998,-430.0,-510.0
100.0,10.0,1.0,3.0,3.0,0.0,666.0,0.0024284229994009365,0.008010206000108155,0.010132114999578334,0.01280453000072157,20.684577409999292,-430.0,-510.0
100.0,10.0,1.0,3.0,3.0,0.0,667.0,0.0015681410004617646,0.013343536000320455,0.010819684000125562,0.013651295000272512,20.723967403999268,-430.0,-510.0
100.0,10.0,1.0,3.0,3.0,0.0,668.0,0.002182526000069629,0.007993315999556216,0.009517937000055099,0.009718985000290559,20.75338737599941,-430.0,-510.0
100.0,10.0,1.0,3.0,3.0,0.0,669.0,0.0018009089999395655,0.010830744000486447,0.009711386000162747,0.01175857099951827,20.787497435999285,-430.0,-510.0
100.0,10.0,1.0,3.0,3.0,0.0,670.0,0.0018936120004582335,0.011355741999977909,0.008826365999993868,0.015358514999206818,20.824939694000022,-430.0,-510.0
100.0,10.0,1.0,3.0,3.0,0.0,671.0,0.00234203800027899,0.009954832999937935,0.010644438999406702,0.011610595000092871,20.859499253999275,-430.0,-500.0
100.0,10.0,1.0,3.0,3.0,0.0,672.0,0.0023598600000696024,0.01063268899997638,0.010361927999838372,0.013927112000601483,20.896789386999444,-430.0,-500.0
100.0,10.0,1.0,3.0,3.0,0.0,673.0,0.00198740199994063,0.010685307000130706,0.011031967000235454,0.0103951760002019,20.93089718400006,-430.0,-500.0
100.0,10.0,1.0,3.0,3.0,0.0,674.0,0.001562481000291882,0.007915854000202671,0.008654406999994535,0.009858229999736068,20.958895628999926,-430.0,-500.0
100.0,10.0,1.0,3.0,3.0,0.0,675.0,0.001986310000575031,0.011432278000029328,0.009185874000650074,0.011276416999862704,20.992799826999544,-430.0,-500.0
100.0,10.0,1.0,3.0,3.0,0.0,676.0,0.002051065000159724,0.00972889300010138,0.011586888999772782,0.017561747999934596,21.033735246000106,-430.0,-500.0
100.0,10.0,1.0,3.0,3.0,0.0,677.0,0.0025181339997288887,0.0084291299999677,0.011401545000808255,0.008145470000272326,21.064237162999234,-430.0,-500.0
100.0,10.0,1.0,3.0,3.0,0.0,678.0,0.0022020030000931,0.008301230000142823,0.012569744000757055,0.010615825000058976,21.097934568999335,-430.0,-500.0
100.0,10.0,1.0,3.0,3.0,0.0,679.0,0.0028959909996046918,0.007883782999670075,0.008870474000104878,0.01442374500038568,21.13201779099927,-430.0,-500.0
100.0,10.0,1.0,3.0,3.0,0.0,680.0,0.0019665360005092225,0.012691855000412033,0.009290430999499222,0.010874546999730228,21.166850339999655,-430.0,-500.0
100.0,10.0,1.0,3.0,3.0,0.0,681.0,0.0016648159999022027,0.010362349000388349,0.010531488999731664,0.014653306000582234,21.20407007799986,-430.0,-500.0
100.0,10.0,1.0,3.0,3.0,0.0,682.0,0.002384254000389774,0.0159763589999784,0.011211744000320323,0.012903779999760445,21.24655389599957,-430.0,-500.0
100.0,10.0,1.0,3.0,3.0,0.0,683.0,0.0014079399998081499,0.011367844000233163,0.010461385999406048,0.015223694000269461,21.28503474399986,-430.0,-500.0
100.0,10.0,1.0,3.0,3.0,0.0,684.0,0.002009194000493153,0.009047344000464363,0.009359964999930526,0.011545530999683251,21.31700406299933,-430.0,-500.0
100.0,10.0,1.0,3.0,3.0,0.0,685.0,0.0025667299996712245,0.008465767999950913,0.00923183400027483,0.010704631000407971,21.347980849999658,-430.0,-500.0
100.0,10.0,1.0,3.0,3.0,0.0,686.0,0.002141960000699328,0.007211674999780371,0.010228675999314873,0.010729773999628378,21.378301314000055,-430.0,-500.0
100.0,10.0,1.0,3.0,3.0,0.0,687.0,0.0015026930004751193,0.00999467299971002,0.009766700999534805,0.011283513000307721,21.410856690999935,-430.0,-500.0
100.0,10.0,1.0,3.0,3.0,0.0,688.0,0.0022141589997772826,0.011864181999953871,0.010184166999351874,0.010038444999736384,21.44516554099937,-430.0,-500.0
100.0,10.0,1.0,3.0,3.0,0.0,689.0,0.002040126999418135,0.009501407999778166,0.011085561999607307,0.013733284999943862,21.481534490999366,-430.0,-500.0
100.0,10.0,1.0,3.0,3.0,0.0,690.0,0.001774608000232547,0.006753089999619988,0.00893323899981624,0.00903676699999778,21.508039991999794,-430.0,-500.0
100.0,10.0,1.0,3.0,3.0,0.0,691.0,0.001719386000331724,0.011576262999369646,0.011127469999337336,0.01040754800033028,21.54287860399927,-430.0,-500.0
100.0,10.0,1.0,3.0,3.0,0.0,692.0,0.00207862200022646,0.011032186999727855,0.010300752999683027,0.010260857000503165,21.576558621000004,-430.0,-500.0
100.0,10.0,1.0,3.0,3.0,0.0,693.0,0.002672966999853088,0.009915548000208219,0.010307321999789565,0.010664731999895594,21.610126319999836,-430.0,-500.0
100.0,10.0,1.0,3.0,3.0,0.0,694.0,0.0024360309998883167,0.009875353999632352,0.010748308999609435,0.01205471400044189,21.645247806999578,-430.0,-500.0
100.0,10.0,1.0,3.0,3.0,0.0,695.0,0.0025251739998566336,0.009596075999979803,0.011885462000464031,0.01094790400020429,21.6802094199993,-430.0,-500.0
100.0,10.0,1.0,3.0,3.0,0.0,696.0,0.002146746000107669,0.006524059999719611,0.008606678999967698,0.011659895000775578,21.709154625999872,-430.0,-500.0
100.0,10.0,1.0,3.0,3.0,0.0,697.0,0.0027838759997393936,0.009519458999420749,0.011624062000009872,0.011820353000075556,21.74491098099952,-430.0,-500.0
100.0,10.0,1.0,3.0,3.0,0.0,698.0,0.0017815840001276229,0.012500072999500844,0.010641942999427556,0.011407254000005196,21.781248844999936,-430.0,-500.0
100.0,10.0,1.0,3.0,3.0,0.0,699.0,0.002154792000510497,0.008579170999837515,0.011201626000001852,0.012491692999901716,21.81568286499987,-430.0,-500.0
100.0,10.0,1.0,3.0,3.0,0.0,700.0,0.0017591289997653803,0.008464815000479575,0.008045718000175839,0.020511291999355308,21.85447178100003,-430.0,-500.0
100.0,10.0,1.0,3.0,3.0,0.0,701.0,0.0020240399999238434,0.016802111000288278,0.011683751999953529,0.011844440999993822,21.896853282999473,-430.0,-500.0
100.0,10.0,1.0,3.0,3.0,0.0,702.0,0.0029150370000934345,0.01059482799973921,0.009332483999969554,0.010188842999923509,21.929891813999348,-430.0,-500.0
100.0,10.0,1.0,3.0,3.0,0.0,703.0,0.0015913389997876948,0.015283179000107339,0.014268083999922965,0.009808898999835947,21.970851408999806,-430.0,-500.0
100.0,10.0,1.0,3.0,3.0,0.0,704.0,0.0020683699995061033,0.009970302999136038,0.008185124000192445,0.009676437000052829,22.000758508999752,-430.0,-500.0
100.0,10.0,1.0,3.0,3.0,0.0,705.0,0.0015387000003102003,0.009591643000021577,0.00992650100033643,0.010129421999408805,22.031951870999364,-430.0,-500.0
100.0,10.0,1.0,3.0,3.0,0.0,706.0,0.0019039900007555843,0.009402571000464377,0.008412391000092612,0.012287303999983124,22.063965882999582,-430.0,-500.0
100.0,10.0,1.0,3.0,3.0,0.0,707.0,0.0017943300008482765,0.010048461000224052,0.009558675000334915,0.010507353000321018,22.095881679999366,-430.0,-500.0
100.0,10.0,1.0,3.0,3.0,0.0,708.0,0.0019521449994499562,0.0071892969999680645,0.010087838999425003,0.012011148000055982,22.12712926899985,-430.0,-500.0
100.0,10.0,1.0,3.0,3.0,0.0,709.0,0.0022649869997621863,0.008110007000141195,0.011602006999964942,0.011807717000010598,22.160921486000007,-430.0,-500.0
100.0,10.0,1.0,3.0,3.0,0.0,710.0,0.0028803929999412503,0.007992376999936823,0.009326031999989937,0.0105681810000533,22.19169518199942,-430.0,-500.0
100.0,10.0,1.0,3.0,3.0,0.0,711.0,0.0014403569994101417,0.011148927000249387,0.010335109000152443,0.010920784000518324,22.225547531999837,-430.0,-500.0
100.0,10.0,1.0,3.0,3.0,0.0,712.0,0.002576636999947368,0.010909014999924693,0.011883410999871558,0.01209912499962229,22.263023142999373,-430.0,-500.0
100.0,10.0,1.0,3.0,3.0,0.0,713.0,0.0029221599997981684,0.010915934999502497,0.010427631000311521,0.011583343999518547,22.298898405999353,-430.0,-500.0
100.0,10.0,1.0,3.0,3.0,0.0,714.0,0.0017783769999368815,0.01225286800035974,0.010620160000144097,0.010322316999918257,22.333880615999988,-430.0,-500.0
100.0,10.0,1.0,3.0,3.0,0.0,715.0,0.0021486320001713466,0.01022463999925094,0.013038033000157156,0.010707444999752624,22.370006086000103,-430.0,-500.0
100.0,10.0,1.0,3.0,3.0,0.0,716.0,0.002135886999894865,0.010823720999724173,0.009935375000168278,0.01113198300026852,22.404040563999843,-430.0,-500.0
100.0,10.0,1.0,3.0,3.0,0.0,717.0,0.002557589000389271,0.009985022000364552,0.0091328339995016,0.012100595999982033,22.437836914999934,-430.0,-500.0
100.0,10.0,1.0,3.0,3.0,0.0,718.0,0.0017061349999494269,0.008383211999898776,0.008444342000075267,0.011884497000210104,22.46826250599952,-430.0,-500.0
100.0,10.0,1.0,3.0,3.0,0.0,719.0,0.0017317300007562153,0.011042746000384795,0.012313151999478578,0.011355568999533716,22.504718416999822,-430.0,-500.0
100.0,10.0,1.0,3.0,3.0,0.0,720.0,0.0019239729999753763,0.009344842999780667,0.00862930299990694,0.009984078999877966,22.534635910999896,-430.0,-500.0
100.0,10.0,1.0,3.0,3.0,0.0,721.0,0.0015452420002475264,0.009378280000419181,0.00881640699935815,0.010471275000782043,22.56485431999954,-430.0,-500.0
100.0,10.0,1.0,3.0,3.0,0.0,722.0,0.0016512880001755548,0.010401074000583321,0.009557668000525155,0.009673719999227615,22.596145370999693,-430.0,-500.0
100.0,10.0,1.0,3.0,3.0,0.0,723.0,0.0022510560002046986,0.010836024000127509,0.011544517999936943,0.014100864000283764,22.634884981999676,-430.0,-500.0
100.0,10.0,1.0,3.0,3.0,0.0,724.0,0.0023247700000865734,0.009701984999992419,0.008891734999451728,0.012344867999672715,22.668155368999578,-430.0,-500.0
100.0,10.0,1.0,3.0,3.0,0.0,725.0,0.0026323110005250783,0.01012913800059323,0.010817845000019588,0.0121613930004969,22.703902960999585,-430.0,-500.0
100.0,10.0,1.0,3.0,3.0,0.0,726.0,0.0016715679994376842,0.011266839999734657,0.011595537000175682,0.010769174999950337,22.739212985999984,-430.0,-470.0
100.0,10.0,1.0,3.0,3.0,0.0,727.0,0.0024962759998743422,0.009516082000118331,0.01262960500025656,0.008978204999948503,22.77284028199938,-430.0,-470.0
100.0,10.0,1.0,3.0,3.0,0.0,728.0,0.0020060710003235727,0.010621905999869341,0.009219925999786938,0.010086915000101726,22.80478206599946,-430.0,-470.0
100.0,10.0,1.0,3.0,3.0,0.0,729.0,0.0022933840000405326,0.008536125000318862,0.010063302999697044,0.01296873899991624,22.838650990999668,-430.0,-470.0
100.0,10.0,1.0,3.0,3.0,0.0,730.0,0.0014840980002190918,0.010157473999242939,0.010196137000093586,0.008790906999820436,22.869286817999637,-430.0,-470.0
100.0,10.0,1.0,3.0,3.0,0.0,731.0,0.0026969230002578115,0.010361284999817144,0.009932807000041066,0.008819956000479579,22.90110560699941,-430.0,-470.0
100.0,10.0,1.0,3.0,3.0,0.0,732.0,0.0019346869994478766,0.011720069000148214,0.009464128999752575,0.011906794999958947,22.936139075999563,-430.0,-470.0
100.0,10.0,1.0,3.0,3.0,0.0,733.0,0.0022718840000379714,0.011322925000058603,0.00953426500018395,0.021160739000151807,22.98043677699934,-430.0,-460.0
100.0,10.0,1.0,3.0,3.0,0.0,734.0,0.0014656419998573256,0.016705840999748034,0.010682270999495813,0.01307165799971699,23.02236903999983,-430.0,-460.0
100.0,10.0,1.0,3.0,3.0,0.0,735.0,0.0015268240003933897,0.00944437399994058,0.010287115000210179,0.007983622999745421,23.051618019999296,-430.0,-460.0
100.0,10.0,1.0,3.0,3.0,0.0,736.0,0.0018252010004289332,0.007859653999730654,0.01040071999977954,0.010265393000736367,23.0819767389994,-430.0,-460.0
100.0,10.0,1.0,3.0,3.0,0.0,737.0,0.0019486020000840654,0.01068956499966589,0.010008790000028966,0.011376360999747703,23.116007703999458,-430.0,-460.0
100.0,10.0,1.0,3.0,3.0,0.0,738.0,0.0013533210003515705,0.012071152000316943,0.010620041999573004,0.00968472800013842,23.149744964999627,-430.0,-460.0
100.0,10.0,1.0,3.0,3.0,0.0,739.0,0.0023252080000020214,0.007979811999575759,0.009384546999172017,0.012084316999789735,23.18152673199984,-430.0,-460.0
100.0,10.0,1.0,3.0,3.0,0.0,740.0,0.002256072999443859,0.01563644700036093,0.009884637000141083,0.011287145000096643,23.220597963999353,-430.0,-460.0
100.0,10.0,1.0,3.0,3.0,0.0,741.0,0.0017928380002558697,0.01559781100058899,0.008754240000598656,0.00832950099993468,23.255079451999336,-430.0,-460.0
100.0,10.0,1.0,3.0,3.0,0.0,742.0,0.001881423000668292,0.008371996999812836,0.008589158999711799,0.009836268000071868,23.28376546599975,-430.0,-460.0
100.0,10.0,1.0,3.0,3.0,0.0,743.0,0.0019179230002919212,0.01150192800014338,0.010350367000683036,0.009862457000053837,23.317405537000013,-430.0,-460.0
100.0,10.0,1.0,3.0,3.0,0.0,744.0,0.0018873709996114485,0.009292089000155102,0.00990992999959417,0.008263769000222965,23.3467662919993,-430.0,-460.0
100.0,10.0,1.0,3.0,3.0,0.0,745.0,0.0017340759995931876,0.010094288999425771,0.009544684000502457,0.006590046999917831,23.374737270999503,-430.0,-460.0
100.0,10.0,1.0,3.0,3.0,0.0,746.0,0.002029463000326359,0.008484752000185836,0.009221633999914047,0.006836857999587664,23.40131824999935,-430.0,-460.0
100.0,10.0,1.0,3.0,3.0,0.0,747.0,0.0018793709996316466,0.010503593000066758,0.008724776000235579,0.00926532599987695,23.43169849900005,-430.0,-460.0
100.0,10.0,1.0,3.0,3.0,0.0,748.0,0.002623107000545133,0.009873365999737871,0.012286197999856086,0.007838421000087692,23.464326878000065,-430.0,-460.0
100.0,10.0,1.0,3.0,3.0,0.0,749.0,0.00180624299991905,0.0089969740001834,0.009570539999913308,0.0066047270001945435,23.491312102999473,-430.0,-460.0
100.0,10.0,1.0,3.0,3.0,0.0,750.0,0.002168674999666109,0.00778394600001775,0.010612502999720164,0.007230694000099902,23.519115762999718,-430.0,-460.0
100.0,10.0,1.0,3.0,3.0,0.0,751.0,0.002058495999335719,0.009245719999853463,0.01112633899992943,0.005554231999667536,23.547108153999943,-430.0,-460.0
100.0,10.0,1.0,3.0,3.0,0.0,752.0,0.001978569000129937,0.018322113000067475,0.013351046000025235,0.008270500999969954,23.58903797399944,-430.0,-460.0
100.0,10.0,1.0,3.0,3.0,0.0,753.0,0.002412167999864323,0.008565359999920474,0.012331324000115274,0.007021518999863474,23.619375840999965,-430.0,-460.0
100.0,10.0,1.0,3.0,3.0,0.0,754.0,0.0021398930002760608,0.010000356000091415,0.009411605999957828,0.007047848000183876,23.6479833329995,-430.0,-460.0
100.0,10.0,1.0,3.0,3.0,0.0,755.0,0.001772562000041944,0.00877180200041039,0.00861440200060315,0.0053389400000014575,23.672488601999248,-430.0,-460.0
100.0,10.0,1.0,3.0,3.0,0.0,756.0,0.0016107399997054017,0.009770972000296752,0.00945091500034323,0.006358139000440133,23.699686876999294,-430.0,-460.0
100.0,10.0,1.0,3.0,3.0,0.0,757.0,0.0020821950001845835,0.012388794999424135,0.010192479000579624,0.0069136150004851515,23.731270833999588,-430.0,-460.0
100.0,10.0,1.0,3.0,3.0,0.0,758.0,0.0017656999998507672,0.010413173999950232,0.009360463000120944,0.0085581719995389,23.761375561000023,-430.0,-460.0
100.0,10.0,1.0,3.0,3.0,0.0,759.0,0.0019582550003178767,0.007892083999649913,0.010228250000182015,0.007528699999966193,23.788990885999738,-430.0,-460.0
100.0,10.0,1.0,3.0,3.0,0.0,760.0,0.0015398610003103386,0.011973683999713103,0.009401000999787357,0.011450790999333549,23.82336386099996,-430.0,-460.0
100.0,10.0,1.0,3.0,3.0,0.0,761.0,0.0022688869994453853,0.01842553099959332,0.011240048999752617,0.006591160999960266,23.861896445999264,-430.0,-460.0
100.0,10.0,1.0,3.0,3.0,0.0,762.0,0.0018585629995868658,0.007969262000187882,0.009481363000304555,0.006702386999677401,23.887916286999825,-430.0,-460.0
100.0,10.0,1.0,3.0,3.0,0.0,763.0,0.002149969999663881,0.009853628000200843,0.0103110200006995,0.009001609999359061,23.91924017599922,-430.0,-460.0
100.0,10.0,1.0,3.0,3.0,0.0,764.0,0.0022882740004206426,0.011906599999747414,0.010904719000791374,0.007211350000034145,23.95155882399922,-430.0,-460.0
100.0,10.0,1.0,3.0,3.0,0.0,765.0,0.001753450999785855,0.007101551999767253,0.010165605999645777,0.007191785000031814,23.977779207999447,-430.0,-460.0
100.0,10.0,1.0,3.0,3.0,0.0,766.0,0.0019702469999174355,0.012934750000567874,0.00999436600068293,0.00714937100019597,24.009835702999226,-430.0,-460.0
100.0,10.0,1.0,3.0,3.0,0.0,767.0,0.0017088659997170907,0.011083691999374423,0.00881745900005626,0.007257178000145359,24.03871157100002,-430.0,-460.0
100.0,10.0,1.0,3.0,3.0,0.0,768.0,0.0018908329993791995,0.011135610000565066,0.01000778999969043,0.011964600999817776,24.073719104999327,-430.0,-460.0
100.0,10.0,1.0,3.0,3.0,0.0,769.0,0.0018740499999694293,0.013828580000335933,0.009451990999878035,0.008201136000025144,24.107082270999854,-430.0,-460.0
100.0,10.0,1.0,3.0,3.0,0.0,770.0,0.0020485659997575567,0.008290838999528205,0.010858810000172525,0.0070513040000150795,24.135339247999582,-430.0,-460.0
100.0,10.0,1.0,3.0,3.0,0.0,771.0,0.0021021889997427934,0.010781332999613369,0.010207481000179541,0.006709742000566621,24.16514750299939,-430.0,-460.0
100.0,10.0,1.0,3.0,3.0,0.0,772.0,0.0022062200005166233,0.011148405000312778,0.009208282999679795,0.007334058000196819,24.195052880999356,-430.0,-460.0
100.0,10.0,1.0,3.0,3.0,0.0,773.0,0.002174742999159207,0.010263017999932345,0.011141500999656273,0.006693471999824396,24.225332725000044,-430.0,-460.0
100.0,10.0,1.0,3.0,3.0,0.0,774.0,0.0016125640004247543,0.012690220999502344,0.010659554999620013,0.007919765999758965,24.25822271099969,-430.0,-460.0
100.0,10.0,1.0,3.0,3.0,0.0,775.0,0.0014911180005583446,0.011030711999410414,0.011225412000385404,0.006688151000162179,24.288666614999784,-430.0,-460.0
100.0,10.0,1.0,3.0,3.0,0.0,776.0,0.0017064460007532034,0.009728115000143589,0.008775291999882029,0.006404863000170735,24.315290038000057,-430.0,-460.0
100.0,10.0,1.0,3.0,3.0,0.0,777.0,0.001847184999860474,0.007885826999881829,0.009289589000218257,0.006693865999295667,24.34101418499995,-430.0,-460.0
100.0,10.0,1.0,3.0,3.0,0.0,778.0,0.00168861400015885,0.012029518999952415,0.010524449000513414,0.00653501899978437,24.37180017799983,-430.0,-460.0
100.0,10.0,1.0,3.0,3.0,0.0,779.0,0.0019276429993624333,0.00839947399981611,0.009220509999977367,0.007039817000077164,24.398395144999995,-430.0,-460.0
100.0,10.0,1.0,3.0,3.0,0.0,780.0,0.002095857000313117,0.009439676000511099,0.010124078999979247,0.006452567999986059,24.426514546999897,-430.0,-460.0
100.0,10.0,1.0,3.0,3.0,0.0,781.0,0.0019263030008005444,0.010382649000348465,0.010484249000001,0.007775064999805181,24.457089486999394,-430.0,-460.0
100.0,10.0,1.0,3.0,3.0,0.0,782.0,0.0018179090002377052,0.00904727799934335,0.009976882999580994,0.009055059000274923,24.486994353999762,-430.0,-460.0
100.0,10.0,1.0,3.0,3.0,0.0,783.0,0.0019335930001034285,0.009743659000378102,0.008509551999850373,0.007168388000536652,24.514357568999912,-430.0,-460.0
100.0,10.0,1.0,3.0,3.0,0.0,784.0,0.0016860940004335134,0.010616016999847488,0.009442211000532552,0.008360453999557649,24.544471102999523,-430.0,-460.0
100.0,10.0,1.0,3.0,3.0,0.0,785.0,0.002616961000057927,0.010264773000017158,0.009410150000803696,0.0071237889997064485,24.573893907999263,-430.0,-460.0
100.0,10.0,1.0,3.0,3.0,0.0,786.0,0.0017688329999145935,0.006804372000260628,0.008549457999833976,0.00827613400088012,24.599300119999498,-430.0,-460.0
100.0,10.0,1.0,3.0,3.0,0.0,787.0,0.0014982850007072557,0.008418904999416554,0.008239218999733566,0.006714668999848072,24.62417884199931,-430.0,-460.0
100.0,10.0,1.0,3.0,3.0,0.0,788.0,0.0015110999993339647,0.00893442699998559,0.010728577000008954,0.007317579000300611,24.652678102999744,-430.0,-460.0
100.0,10.0,1.0,3.0,3.0,0.0,789.0,0.001977292999981728,0.0084674219997396,0.009798234999834676,0.007127464000404871,24.680055720999917,-430.0,-460.0
100.0,10.0,1.0,3.0,3.0,0.0,790.0,0.001730808000502293,0.010596332000204711,0.010791771999720368,0.009130716000072425,24.712313252999593,-430.0,-460.0
100.0,10.0,1.0,3.0,3.0,0.0,791.0,0.0020306570004322566,0.016383537000365322,0.011738582999896607,0.006903206999595568,24.74937597400003,-430.0,-460.0
100.0,10.0,1.0,3.0,3.0,0.0,792.0,0.0025353880000693607,0.006275628999901528,0.00853770799949416,0.007375283000328636,24.774108478000016,-430.0,-460.0
100.0,10.0,1.0,3.0,3.0,0.0,793.0,0.0015014000000519445,0.010142269999960263,0.009543380000650359,0.007090625000273576,24.802394687999367,-430.0,-460.0
100.0,10.0,1.0,3.0,3.0,0.0,794.0,0.0017152799991890788,0.012300721000428894,0.00887358599993604,0.008803367999462353,24.83409518499957,-430.0,-460.0
100.0,10.0,1.0,3.0,3.0,0.0,795.0,0.0020229470001140726,0.010306080999725964,0.00989496500005771,0.0069983780003894935,24.863325559999794,-430.0,-460.0
100.0,10.0,1.0,3.0,3.0,0.0,796.0,0.001679369999692426,0.011936824999793316,0.010532546000831644,0.006686683999760135,24.894168381999407,-430.0,-460.0
100.0,10.0,1.0,3.0,3.0,0.0,797.0,0.002929623999989417,0.010213271999418794,0.011067854999964766,0.00738663100037229,24.925773318999745,-430.0,-460.0
100.0,10.0,1.0,3.0,3.0,0.0,798.0,0.0018514379999032826,0.008595552999395295,0.011376825000297686,0.010411139000098046,24.958015923999483,-430.0,-460.0
100.0,10.0,1.0,3.0,3.0,0.0,799.0,0.0022578409998459392,0.008012483999664255,0.00926195000010921,0.006853050999779953,24.984408817999793,-430.0,-460.0
100.0,10.0,1.0,3.0,3.0,0.0,800.0,0.0018531400000938447,0.008607612000560039,0.009726414999931876,0.006662945999778458,25.01126608499999,-430.0,-460.0
100.0,10.0,1.0,3.0,3.0,0.0,801.0,0.0014344119999805116,0.01006649299961282,0.010831919999873207,0.006993019000219647,25.040598900999612,-430.0,-460.0
100.0,10.0,1.0,3.0,3.0,0.0,802.0,0.0017359220000798814,0.007953553999868745,0.010106417999850237,0.0089909259995693,25.069393212999785,-430.0,-460.0
100.0,10.0,1.0,3.0,3.0,0.0,803.0,0.0018079929996019928,0.008291605000522395,0.009631401000660844,0.00883172999965609,25.097962940999423,-430.0,-460.0
100.0,10.0,1.0,3.0,3.0,0.0,804.0,0.003384884000297461,0.018779305999487406,0.0199853179992715,0.007777226999678533,25.147897086999365,-430.0,-460.0
100.0,10.0,1.0,3.0,3.0,0.0,805.0,0.0018420659998810152,0.008896063999600301,0.011634777999461221,0.019031523000194284,25.189308473999517,-430.0,-460.0
100.0,10.0,1.0,3.0,3.0,0.0,806.0,0.002608878000501136,0.018972318000123778,0.013598239999737416,0.011973777000093833,25.23647041499953,-430.0,-460.0
100.0,10.0,1.0,3.0,3.0,0.0,807.0,0.0020858720008618548,0.016097430000627355,0.010509243000342394,0.009316394000052242,25.27448762399945,-430.0,-460.0
100.0,10.0,1.0,3.0,3.0,0.0,808.0,0.0019700610000654706,0.010173575999942841,0.009167936999801896,0.007173056999818073,25.302979924999818,-430.0,-460.0
100.0,10.0,1.0,3.0,3.0,0.0,809.0,0.001836933000049612,0.008758983000006992,0.009966371000700747,0.006703050000396615,25.330252648999704,-430.0,-460.0
100.0,10.0,1.0,3.0,3.0,0.0,810.0,0.001804532999813091,0.014479809000476962,0.009669470000517322,0.006916686000295158,25.363130639999326,-430.0,-460.0
100.0,10.0,1.0,3.0,3.0,0.0,811.0,0.0018748460006463574,0.012617430000318564,0.009499821999270353,0.006656198999735352,25.393786085999636,-430.0,-460.0
100.0,10.0,1.0,3.0,3.0,0.0,812.0,0.0014526579998346278,0.01387171100031992,0.008181501999388274,0.008650207999380655,25.42595001799964,-430.0,-460.0
100.0,10.0,1.0,3.0,3.0,0.0,813.0,0.0017831180002758629,0.007889796999734244,0.007928994999929273,0.005383087000154774,25.448942403999354,-430.0,-460.0
100.0,10.0,1.0,3.0,3.0,0.0,814.0,0.0013047610000285204,0.008779755000432488,0.00853958099924057,0.006559064000612125,25.4741334549999,-430.0,-460.0
100.0,10.0,1.0,3.0,3.0,0.0,815.0,0.001740214999699674,0.010890765999647556,0.010332329999982903,0.0071114069996838225,25.5042158440001,-430.0,-460.0
100.0,10.0,1.0,3.0,3.0,0.0,816.0,0.0015391380002256483,0.011962598999161855,0.00951033900037146,0.0068836669997836,25.534120428999813,-430.0,-460.0
100.0,10.0,1.0,3.0,3.0,0.0,817.0,0.0019373480008653132,0.0087960139999268,0.00943939499939006,0.006397619000381383,25.560698896999384,-430.0,-460.0
100.0,10.0,1.0,3.0,3.0,0.0,818.0,0.002219221999439469,0.007951450000291516,0.011823993999314553,0.007646085000487801,25.590346837999277,-430.0,-460.0
100.0,10.0,1.0,3.0,3.0,0.0,819.0,0.001727490000121179,0.011005661999661243,0.009184063999782666,0.0074044809998667915,25.619676596999852,-430.0,-460.0
100.0,10.0,1.0,3.0,3.0,0.0,820.0,0.00177627700031735,0.0088511229996584,0.009596619000149076,0.008154861000548408,25.648063379999257,-430.0,-460.0
100.0,10.0,1.0,3.0,3.0,0.0,821.0,0.0024048719997153967,0.012089372999980696,0.008732735999728902,0.007937530000162951,25.679235388999587,-430.0,-460.0
100.0,10.0,1.0,3.0,3.0,0.0,822.0,0.0019327780000821804,0.013271052000163763,0.008972796000307426,0.007480780000150844,25.710900347999996,-430.0,-460.0
100.0,10.0,1.0,3.0,3.0,0.0,823.0,0.0017577590006112587,0.008371752000130073,0.01025288900018495,0.00716064100015501,25.738450928999555,-430.0,-460.0
100.0,10.0,1.0,3.0,3.0,0.0,824.0,0.002024916000664234,0.012368513000183157,0.01002383099967119,0.007167280999965442,25.77004343199951,-430.0,-460.0
100.0,10.0,1.0,3.0,3.0,0.0,825.0,0.0020591309994415496,0.009434016999875894,0.008827310999549809,0.012366088000817399,25.80273788499926,-250.0,-450.0
100.0,10.0,1.0,3.0,3.0,0.0,826.0,0.001691186999778438,0.013233417000265035,0.010095669999827805,0.012156032999882882,25.839922942999692,-220.0,-430.0
100.0,10.0,1.0,3.0,3.0,0.0,827.0,0.0020197840003675083,0.012078062999535177,0.010273527999743237,0.006824152000262984,25.871127911999793,-220.0,-410.0
100.0,10.0,1.0,3.0,3.0,0.0,828.0,0.0018684100004975335,0.009050466000189772,0.009477501999754168,0.0037447599997904035,25.895276487000046,-220.0,-410.0
100.0,10.0,1.0,3.0,3.0,0.0,829.0,0.0018997879997186828,0.013245416999779991,0.009880566999527218,0.0033328920007988927,25.923643131000063,-220.0,-410.0
100.0,10.0,1.0,3.0,3.0,0.0,830.0,0.0022512100003950763,0.01518427300015901,0.008523130999492423,0.005191236999962712,25.954802347999248,-220.0,-340.0
100.0,10.0,1.0,3.0,3.0,0.0,831.0,0.0019399380007598666,0.008649780999803625,0.009468288000789471,0.001449273000616813,25.976317144999484,-220.0,-340.0
100.0,10.0,1.0,3.0,3.0,0.0,832.0,0.0016309539996655076,0.01075647499965271,0.009445745999983046,0.0034076490001098136,26.001565939999637,-220.0,-340.0
100.0,10.0,1.0,3.0,3.0,0.0,833.0,0.001890953999463818,0.012113926999518299,0.009482481999839365,0.0013519009999072296,26.026413906000016,-220.0,-340.0
100.0,10.0,1.0,3.0,3.0,0.0,834.0,0.001851254000030167,0.010335021000173583,0.009337249000054726,0.003756461000193667,26.05170271299994,-220.0,-340.0
100.0,10.0,1.0,3.0,3.0,0.0,835.0,0.0019860319998770137,0.010094590000335302,0.008953124999607098,0.0032701470008760225,26.076016070999685,-220.0,-340.0
100.0,10.0,1.0,3.0,3.0,0.0,836.0,0.0020599780000338797,0.010348659999181109,0.008806861000266508,0.0053102749998288346,26.102549556999293,-220.0,-340.0
100.0,10.0,1.0,3.0,3.0,0.0,837.0,0.001929123000081745,0.011295539999991888,0.01036728300005052,0.0034592809997775475,26.129608150999957,-220.0,-340.0
100.0,10.0,1.0,3.0,3.0,0.0,838.0,0.0013500490003934829,0.013942649000455276,0.009788201999981538,0.003301235999970231,26.15799864699966,-220.0,-340.0
100.0,10.0,1.0,3.0,3.0,0.0,839.0,0.0020296430002417765,0.009801536999475502,0.009258860000045388,0.005219614000452566,26.18431583599977,-220.0,-340.0
100.0,10.0,1.0,3.0,3.0,0.0,840.0,0.0017475730001024203,0.010523103000195988,0.009771297999577655,0.0012782759995388915,26.207643742999608,-220.0,-340.0
100.0,10.0,1.0,3.0,3.0,0.0,841.0,0.0017084589999285527,0.012044221999531146,0.008539954999832844,0.005271199000162596,26.23521485999936,-220.0,-340.0
100.0,10.0,1.0,3.0,3.0,0.0,842.0,0.0024210149995269603,0.010197429000072589,0.011501752999720338,0.0051018499998463085,26.264444510999965,-220.0,-340.0
100.0,10.0,1.0,3.0,3.0,0.0,843.0,0.0021692119998988346,0.010006532999796036,0.009956359000170778,0.004610138999851188,26.29119392999928,-220.0,-340.0
100.0,10.0,1.0,3.0,3.0,0.0,844.0,0.001398418999997375,0.010326427999643784,0.011755626000194752,0.0017968359998121741,26.31647808999969,-220.0,-340.0
100.0,10.0,1.0,3.0,3.0,0.0,845.0,0.0017708909999782918,0.012542818000838452,0.009237797000423598,0.003629953000199748,26.343666345999736,-220.0,-340.0
100.0,10.0,1.0,3.0,3.0,0.0,846.0,0.002282987999933539,0.011343393000061042,0.009033454000018537,0.0016107090004879865,26.36794384699988,-220.0,-340.0
100.0,10.0,1.0,3.0,3.0,0.0,847.0,0.002119460999892908,0.012774815999364364,0.010101249999934225,0.0015878710000833962,26.3945351579996,-220.0,-340.0
100.0,10.0,1.0,3.0,3.0,0.0,848.0,0.0015792170006534434,0.011607575000198267,0.01002404100017884,0.0048176860000239685,26.42257134600004,-220.0,-340.0
100.0,10.0,1.0,3.0,3.0,0.0,849.0,0.002413502999843331,0.009934865000104764,0.009655316999669594,0.0015888809994066833,26.446170662999975,-200.0,-300.0
100.0,10.0,1.0,3.0,3.0,0.0,850.0,0.001235577999977977,0.01305388499986293,0.009155350000582985,0.0015768019993629423,26.471200133999446,-200.0,-300.0
100.0,10.0,1.0,3.0,3.0,0.0,851.0,0.0017835630005720304,0.01149186800012103,0.009474338000472926,0.003120047000265913,26.49707727399982,-200.0,-300.0
100.0,10.0,1.0,3.0,3.0,0.0,852.0,0.001448202999199566,0.012305309999646852,0.009117298999626655,0.003329563000079361,26.523285076999855,-200.0,-300.0
100.0,10.0,1.0,3.0,3.0,0.0,853.0,0.0020813400005863514,0.009559326999806217,0.008774259000347229,0.0030629030006821267,26.546770359999755,-200.0,-300.0
100.0,10.0,1.0,3.0,3.0,0.0,854.0,0.0019437979999565869,0.012082575000022189,0.009230151000338083,0.0034575409999888507,26.573493118999977,-200.0,-300.0
100.0,10.0,1.0,3.0,3.0,0.0,855.0,0.0016309229995385977,0.009710170999824186,0.008275226000478142,0.005115388999911374,26.59823342599975,-200.0,-280.0
100.0,10.0,1.0,3.0,3.0,0.0,856.0,0.0014839460000075633,0.01003973099977884,0.009316935000242665,0.005177170999559166,26.62425904599968,-200.0,-280.0
100.0,10.0,1.0,3.0,3.0,0.0,857.0,0.001891104000605992,0.009909856999911426,0.009691979000308493,0.005476584000462026,26.651236294999762,-200.0,-280.0
100.0,10.0,1.0,3.0,3.0,0.0,858.0,0.002180624999709835,0.010583489000055124,0.008452392000435793,0.0032779679995655897,26.675738647999424,-200.0,-280.0
100.0,10.0,1.0,3.0,3.0,0.0,859.0,0.0017498859997431282,0.011572666000574827,0.009104976000344323,0.005035647000113386,26.703209224999227,-200.0,-280.0
100.0,10.0,1.0,3.0,3.0,0.0,860.0,0.0014783729993723682,0.01495911799975147,0.008891501000107382,0.005179520000638149,26.73372519499935,-200.0,-280.0
100.0,10.0,1.0,3.0,3.0,0.0,861.0,0.0015093450001586461,0.009560274999785179,0.01116866300071706,0.005022196000027179,26.760992783999427,-200.0,-280.0
100.0,10.0,1.0,3.0,3.0,0.0,862.0,0.001714786000775348,0.011618268999882275,0.010362978000557632,0.00522717600051692,26.789923024999553,-200.0,-280.0
100.0,10.0,1.0,3.0,3.0,0.0,863.0,0.0027592349997576093,0.010357295000176236,0.00876645100015594,0.005232120999608014,26.817046247999315,-200.0,-280.0
100.0,10.0,1.0,3.0,3.0,0.0,864.0,0.0023174730004029698,0.012208770000142977,0.011023860000022978,0.0040796829998726025,26.846683091999694,-200.0,-280.0
100.0,10.0,1.0,3.0,3.0,0.0,865.0,0.001595994000126666,0.012393521999911172,0.008936631000324269,0.004801410000254691,26.874418466999487,-200.0,-280.0
100.0,10.0,1.0,3.0,3.0,0.0,866.0,0.0019148320006934227,0.013485288999618206,0.00918232000003627,0.0031203399994410574,26.902128754999467,-200.0,-280.0
100.0,10.0,1.0,3.0,3.0,0.0,867.0,0.0017789430003176676,0.011999178000223765,0.012385654999889084,0.003410772000279394,26.93171051199988,-200.0,-280.0
100.0,10.0,1.0,3.0,3.0,0.0,868.0,0.0016477930003020447,0.00819116699949518,0.00804741199954151,0.00642671999958111,26.95603102899986,-200.0,-280.0
100.0,10.0,1.0,3.0,3.0,0.0,869.0,0.0019213669993405347,0.00988302299992938,0.00911679599994386,0.005328946000190626,26.982288533999963,-200.0,-280.0
100.0,10.0,1.0,3.0,3.0,0.0,870.0,0.0014925499999662861,0.010211515999799303,0.009688503000688797,0.004258361000211153,27.007947422999678,-200.0,-280.0
100.0,10.0,1.0,3.0,3.0,0.0,871.0,0.001925732000017888,0.012092320999727235,0.008505167000294023,0.005973611999252171,27.036452504999943,-200.0,-280.0
100.0,10.0,1.0,3.0,3.0,0.0,872.0,0.0012331850002738065,0.01014014100019267,0.009537019999697804,0.005955972999799997,27.063327468999887,-200.0,-280.0
100.0,10.0,1.0,3.0,3.0,0.0,873.0,0.0020489369999268092,0.010775527999612677,0.010066259999803151,0.005293424999763374,27.091520324999692,-200.0,-280.0
100.0,10.0,1.0,3.0,3.0,0.0,874.0,0.0018265689996042056,0.010045529000308306,0.009493997999925341,0.005073534999610274,27.117967232999945,-200.0,-280.0
100.0,10.0,1.0,3.0,3.0,0.0,875.0,0.0023429369994119043,0.0106165309998687,0.009562186999573896,0.00495181499991304,27.14545778699994,-200.0,-280.0
100.0,10.0,1.0,3.0,3.0,0.0,876.0,0.001774418999957561,0.009653878000790428,0.008065650000389724,0.005185354999412084,27.170144120999794,-200.0,-280.0
100.0,10.0,1.0,3.0,3.0,0.0,877.0,0.0016775760004748008,0.009828700000070967,0.008984901000076206,0.0054262889998426544,27.196068986999308,-200.0,-280.0
100.0,10.0,1.0,3.0,3.0,0.0,878.0,0.0019229549998271978,0.012035617000037746,0.008651299000121071,0.005292302999805543,27.223979041999883,-200.0,-280.0
100.0,10.0,1.0,3.0,3.0,0.0,879.0,0.0015753640000184532,0.01308640400020522,0.009720875999846612,0.007501943000534084,27.255871123999896,-180.0,-270.0
100.0,10.0,1.0,3.0,3.0,0.0,880.0,0.0018535150002207956,0.01319865099958406,0.007925858999442426,0.006848300999990897,27.285704472999896,-150.0,-260.0
100.0,10.0,1.0,3.0,3.0,0.0,881.0,0.0016975329999695532,0.011611622999225801,0.008901631999833626,0.00694095600010769,27.314863855999647,-150.0,-260.0
100.0,10.0,1.0,3.0,3.0,0.0,882.0,0.0018243380000058096,0.009618654000405513,0.009912604999954056,0.007152305000090564,27.343379964999258,-150.0,-260.0
100.0,10.0,1.0,3.0,3.0,0.0,883.0,0.0018257780002386426,0.009679678999418684,0.009373887999572617,0.00667785499990714,27.370945830999517,-150.0,-260.0
100.0,10.0,1.0,3.0,3.0,0.0,884.0,0.0016828830002850736,0.009545012000671704,0.008673569000166026,0.0066605860001800465,27.397515439000017,-150.0,-260.0
100.0,10.0,1.0,3.0,3.0,0.0,885.0,0.0031095439999262453,0.011797415999353689,0.009373165999932098,0.006873234000522643,27.428676439999435,-150.0,-260.0
100.0,10.0,1.0,3.0,3.0,0.0,886.0,0.002177920000576705,0.009980783999708365,0.010871476000829716,0.007547578999947291,27.459261674999652,-150.0,-260.0
100.0,10.0,1.0,3.0,3.0,0.0,887.0,0.0014021030001458712,0.009813710000344145,0.008829035999951884,0.0066911690000779345,27.486005189000025,-150.0,-260.0
100.0,10.0,1.0,3.0,3.0,0.0,888.0,0.0016512370002601529,0.00986214599925006,0.007509482999921602,0.0066943809997610515,27.511730014999557,-150.0,-260.0
100.0,10.0,1.0,3.0,3.0,0.0,889.0,0.0014686590002384037,0.008507356000336586,0.009000447000289569,0.006635208000261628,27.53734964799969,-150.0,-260.0
100.0,10.0,1.0,3.0,3.0,0.0,890.0,0.0019600720006565098,0.012232144999870798,0.010189966000325512,0.007154025000090769,27.568893259000106,-150.0,-260.0
100.0,10.0,1.0,3.0,3.0,0.0,891.0,0.0019114779997835285,0.010133042000234127,0.009676050000052783,0.0068007710005986155,27.597422010999253,-150.0,-260.0
100.0,10.0,1.0,3.0,3.0,0.0,892.0,0.001874034999673313,0.008165361999999732,0.008541164999769535,0.0077607880002688034,27.62377099099922,-150.0,-260.0
100.0,10.0,1.0,3.0,3.0,0.0,893.0,0.001960976999725972,0.012504733000241686,0.01024383999993006,0.0070922869999776594,27.655580010999984,-150.0,-260.0
100.0,10.0,1.0,3.0,3.0,0.0,894.0,0.0027205279993722797,0.013114534000123967,0.007749772000352095,0.005161801000213018,27.684333925999454,-150.0,-260.0
100.0,10.0,1.0,3.0,3.0,0.0,895.0,0.001424101000338851,0.01198104700051772,0.01093420800043532,0.007287767000889289,27.715968272999817,-150.0,-250.0
100.0,10.0,1.0,3.0,3.0,0.0,896.0,0.002309679999598302,0.00997406900023634,0.011681338999551372,0.004917987000226276,27.744859737999832,-150.0,-250.0
100.0,10.0,1.0,3.0,3.0,0.0,897.0,0.0016599509999650763,0.011747059999834164,0.010015510999437538,0.006675979000647203,27.774965629999315,-150.0,-250.0
100.0,10.0,1.0,3.0,3.0,0.0,898.0,0.001899855000374373,0.009521433000372781,0.008122129000184941,0.006538450999869383,27.801054603999546,-150.0,-250.0
100.0,10.0,1.0,3.0,3.0,0.0,899.0,0.0014978579993112362,0.00946330900023895,0.008510071000273456,0.004956562000188569,27.825489864999327,-150.0,-250.0
100.0,10.0,1.0,3.0,3.0,0.0,900.0,0.002018855000642361,0.011501853000481788,0.010070482000628544,0.0077300259999901755,27.85681865300012,-150.0,-250.0
100.0,10.0,1.0,3.0,3.0,0.0,901.0,0.001996381000026304,0.014115576000222063,0.010309683999366825,0.0076718950003851205,27.890919881999253,-150.0,-250.0
100.0,10.0,1.0,3.0,3.0,0.0,902.0,0.0020605910003723693,0.009466421000070113,0.010038647999863315,0.0076592940004047705,27.92015179000009,-150.0,-250.0
100.0,10.0,1.0,3.0,3.0,0.0,903.0,0.0015307029998439248,0.01005028300005506,0.009411185999852023,0.007210169999780192,27.948361854999348,-150.0,-250.0
100.0,10.0,1.0,3.0,3.0,0.0,904.0,0.0016964330006885575,0.012288140000237036,0.011371794000297086,0.0062748099999225815,27.980001412999627,-150.0,-250.0
100.0,10.0,1.0,3.0,3.0,0.0,905.0,0.0022445880003942875,0.010387696999714535,0.010039920000053826,0.00711142000000109,28.009792570999707,-150.0,-250.0
100.0,10.0,1.0,3.0,3.0,0.0,906.0,0.0015799239999978454,0.008453923000161012,0.008544311000150628,0.008772301999670162,28.037150790999476,-150.0,-250.0
100.0,10.0,1.0,3.0,3.0,0.0,907.0,0.001698462000604195,0.010163833000660816,0.009539863000100013,0.00710465700012719,28.065665312999954,-150.0,-250.0
100.0,10.0,1.0,3.0,3.0,0.0,908.0,0.0015381929997602128,0.010392096000032325,0.008529201999408542,0.008554074999665318,28.09468666599969,-150.0,-250.0
100.0,10.0,1.0,3.0,3.0,0.0,909.0,0.0015980070002115099,0.006865971999104659,0.009535442000014882,0.006536594999488443,28.119229527999778,-150.0,-250.0
100.0,10.0,1.0,3.0,3.0,0.0,910.0,0.0027146549991812208,0.009426315999917279,0.009046309999575897,0.01142970000000787,28.15185422400009,-150.0,-250.0
100.0,10.0,1.0,3.0,3.0,0.0,911.0,0.0014519970000037574,0.010401372000160336,0.009089361000405916,0.005897616000765993,28.17870176299948,-150.0,-250.0
100.0,10.0,1.0,3.0,3.0,0.0,912.0,0.0021956350001346436,0.00792648599963286,0.00885558400023001,0.006370785999934014,28.20405777799988,-150.0,-250.0
100.0,10.0,1.0,3.0,3.0,0.0,913.0,0.002025078999395191,0.011484450999887486,0.008105556000373326,0.006708916999741632,28.232389957999658,-150.0,-250.0
100.0,10.0,1.0,3.0,3.0,0.0,914.0,0.0017743689995768364,0.009410649000528792,0.008273811000435671,0.00679571799992118,28.2586514300001,-150.0,-250.0
100.0,10.0,1.0,3.0,3.0,0.0,915.0,0.001613958000234561,0.010530503999689245,0.00853786600055173,0.0068079239999860874,28.286149030999695,-150.0,-250.0
100.0,10.0,1.0,3.0,3.0,0.0,916.0,0.001678943000115396,0.009917993000271963,0.00922521600023174,0.006612973999835958,28.313591501999326,-150.0,-250.0
100.0,10.0,1.0,3.0,3.0,0.0,917.0,0.002725778999774775,0.01315409900053055,0.00844652900013898,0.00501657799941313,28.342941541000073,-150.0,-250.0
100.0,10.0,1.0,3.0,3.0,0.0,918.0,0.0019545790000847774,0.014291052999396925,0.009814772000027006,0.0051211999998486135,28.374130563000108,-150.0,-250.0
100.0,10.0,1.0,3.0,3.0,0.0,919.0,0.0017792650005503674,0.007549668999672576,0.009752439000294544,0.008310410999911255,28.40152955099984,-150.0,-250.0
100.0,10.0,1.0,3.0,3.0,0.0,920.0,0.002301101000739436,0.008328531000188377,0.009549938999953156,0.006785851000131515,28.428502088999267,-150.0,-250.0
100.0,10.0,1.0,3.0,3.0,0.0,921.0,0.0019297560002087266,0.011967983000431559,0.009001677000014752,0.006489098999736598,28.457898134999596,-150.0,-250.0
100.0,10.0,1.0,3.0,3.0,0.0,922.0,0.0017953789993043756,0.008263937000265287,0.009639699999752338,0.007834832999833452,28.48543989799964,-150.0,-250.0
100.0,10.0,1.0,3.0,3.0,0.0,923.0,0.0024240179991465993,0.014648239000052854,0.011282395000307588,0.007618032999744173,28.5214198449994,-150.0,-250.0
100.0,10.0,1.0,3.0,3.0,0.0,924.0,0.0026388210008008173,0.009419123000043328,0.009361291999994137,0.0053387599991765455,28.548185401999945,-150.0,-250.0
100.0,10.0,1.0,3.0,3.0,0.0,925.0,0.0021439250003822963,0.010348544000407855,0.00964613299947814,0.007348901000113983,28.57768104599927,-150.0,-250.0
100.0,10.0,1.0,3.0,3.0,0.0,926.0,0.0020963469996786444,0.010522130999561341,0.009554285999911372,0.005373231000703527,28.605235340000036,-150.0,-250.0
100.0,10.0,1.0,3.0,3.0,0.0,927.0,0.0022931089997655363,0.009696484999949462,0.010478264000084891,0.007169520999923407,28.634879860999717,-150.0,-250.0
100.0,10.0,1.0,3.0,3.0,0.0,928.0,0.001962675999493513,0.007905101999313047,0.008247628999924927,0.007123833000150626,28.660126780999235,-150.0,-250.0
100.0,10.0,1.0,3.0,3.0,0.0,929.0,0.0025409760000911774,0.009566351000103168,0.012423983000189764,0.006352818999403098,28.691018736999467,-150.0,-250.0
100.0,10.0,1.0,3.0,3.0,0.0,930.0,0.0025204710000252817,0.0067340919995331205,0.0092259009998088,0.007106511999154463,28.716613091,-150.0,-250.0
100.0,10.0,1.0,3.0,3.0,0.0,931.0,0.0017333310006506508,0.008842334000291885,0.00834499600023264,0.009893838999232685,28.74543497600007,-150.0,-250.0
100.0,10.0,1.0,3.0,3.0,0.0,932.0,0.0017247980003958219,0.010469562000253063,0.011022363999472873,0.008032808000280056,28.776691637999647,-150.0,-250.0
100.0,10.0,1.0,3.0,3.0,0.0,933.0,0.0018540970004323754,0.014854226999887032,0.010190260000854323,0.007601143999636406,28.811199025999485,-150.0,-250.0
100.0,10.0,1.0,3.0,3.0,0.0,934.0,0.0019860469992636354,0.009986598999603302,0.010194392999437696,0.007260305000272638,28.84063438999965,-150.0,-250.0
100.0,10.0,1.0,3.0,3.0,0.0,935.0,0.0016344119994755602,0.00853024100069888,0.009832749999986845,0.006933824000043387,28.867572598999686,-150.0,-250.0
100.0,10.0,1.0,3.0,3.0,0.0,936.0,0.0017989460002354463,0.008612231999904907,0.008872889000485884,0.006694906000120682,28.893558865999694,-150.0,-250.0
100.0,10.0,1.0,3.0,3.0,0.0,937.0,0.001975772000150755,0.008350629000233312,0.00952093900014006,0.005165523000869143,28.918579045000115,-150.0,-250.0
100.0,10.0,1.0,3.0,3.0,0.0,938.0,0.002459957000610302,0.010245739999845682,0.009307678000368469,0.010090746999594558,28.95069109799988,-150.0,-250.0
100.0,10.0,1.0,3.0,3.0,0.0,939.0,0.0019600170007834095,0.010391311999228492,0.011842913000691624,0.0070154619997992995,28.981909241999347,-150.0,-250.0
100.0,10.0,1.0,3.0,3.0,0.0,940.0,0.002258070000607404,0.007852071999877808,0.01141175800057681,0.0056333110005653,29.009071436999875,-150.0,-250.0
100.0,10.0,1.0,3.0,3.0,0.0,941.0,0.001537350000035076,0.010182468000493827,0.010481024000000616,0.005603966000307992,29.036883736999698,-150.0,-250.0
100.0,10.0,1.0,3.0,3.0,0.0,942.0,0.0023802860005162074,0.010711572999753116,0.011033433000193327,0.00575319000017771,29.066770675999578,-150.0,-250.0
100.0,10.0,1.0,3.0,3.0,0.0,943.0,0.0024890679997042753,0.010870372000681527,0.009697881000647612,0.0074495340004432364,29.09728724099932,-150.0,-250.0
100.0,10.0,1.0,3.0,3.0,0.0,944.0,0.001625783999770647,0.008588274999965506,0.008913861000110046,0.010713243999816768,29.12713601899941,-150.0,-250.0
100.0,10.0,1.0,3.0,3.0,0.0,945.0,0.002270869000312814,0.012327245000051335,0.010582453000097303,0.006819708999501017,29.15914406199954,-150.0,-250.0
100.0,10.0,1.0,3.0,3.0,0.0,946.0,0.001998837000428466,0.00990395200005878,0.009239198999239306,0.0070711529997424805,29.187366450999434,-150.0,-250.0
100.0,10.0,1.0,3.0,3.0,0.0,947.0,0.0014240430000427295,0.01073289499981911,0.009121260000028997,0.005221124999479798,29.21387406699978,-150.0,-250.0
100.0,10.0,1.0,3.0,3.0,0.0,948.0,0.002062508000562957,0.012133639000239782,0.008491282000250067,0.008885139000085474,29.24545543399927,-150.0,-250.0
100.0,10.0,1.0,3.0,3.0,0.0,949.0,0.0017223610002474743,0.010138417000234767,0.009663926999564865,0.010972832999868842,29.277961996999693,-150.0,-250.0
100.0,10.0,1.0,3.0,3.0,0.0,950.0,0.0017730459994709236,0.015210964999823773,0.010196119000283943,0.012693664999460452,29.317843075999917,-150.0,-250.0
100.0,10.0,1.0,3.0,3.0,0.0,951.0,0.002028728999903251,0.013723697000386892,0.009992352000153915,0.0068493669996314566,29.3504441770001,-150.0,-250.0
100.0,10.0,1.0,3.0,3.0,0.0,952.0,0.0018514049997975235,0.008137495000482886,0.01076361800005543,0.006754058000296936,29.377958241999295,-150.0,-250.0
100.0,10.0,1.0,3.0,3.0,0.0,953.0,0.0017791299997043097,0.013773181000033219,0.011398625999390788,0.006780378999792447,29.411696758999824,-150.0,-250.0
100.0,10.0,1.0,3.0,3.0,0.0,954.0,0.0017124960004366585,0.008465636999972048,0.00896078900041175,0.009843935999924724,29.44068783399962,-150.0,-250.0
100.0,10.0,1.0,3.0,3.0,0.0,955.0,0.0016670069999236148,0.008863333000590501,0.00923056000010547,0.0048788009999043425,29.4653350210001,-150.0,-250.0
100.0,10.0,1.0,3.0,3.0,0.0,956.0,0.0022445149998020497,0.009605196000848082,0.009202393999657943,0.006751962000635103,29.493146456999966,-150.0,-250.0
100.0,10.0,1.0,3.0,3.0,0.0,957.0,0.001840593999986595,0.007887939999818627,0.008901918999981717,0.007954794999932346,29.51973896399977,-150.0,-250.0
100.0,10.0,1.0,3.0,3.0,0.0,958.0,0.001828177999414038,0.011277866999989783,0.009494451999671583,0.006619308999688656,29.54896560599991,-150.0,-250.0
100.0,10.0,1.0,3.0,3.0,0.0,959.0,0.0020173670000076527,0.011346209999828716,0.01108214499981841,0.005803203999676043,29.579221835999306,-150.0,-250.0
100.0,10.0,1.0,3.0,3.0,0.0,960.0,0.002672446000360651,0.010491485999409633,0.012467851999645063,0.008549780000066676,29.613410498999656,-150.0,-250.0
100.0,10.0,1.0,3.0,3.0,0.0,961.0,0.0027021480000257725,0.009690088999377622,0.011290280999673996,0.008950784000262502,29.64605108699925,-150.0,-250.0
100.0,10.0,1.0,3.0,3.0,0.0,962.0,0.00186820299950341,0.013872409999748925,0.011019778000445513,0.008283006000056048,29.68110175199945,-150.0,-250.0
100.0,10.0,1.0,3.0,3.0,0.0,963.0,0.001991895999708504,0.00919228699967789,0.01029569199999969,0.005003798999496212,29.70759233699937,-150.0,-250.0
100.0,10.0,1.0,3.0,3.0,0.0,964.0,0.0017614480002521304,0.013948664000054123,0.009683829000096011,0.004971080000359507,29.73796455899992,-150.0,-250.0
100.0,10.0,1.0,3.0,3.0,0.0,965.0,0.001644997999392217,0.013505034999980126,0.009088193000025058,0.00646791100007249,29.76867767299973,-150.0,-250.0
100.0,10.0,1.0,3.0,3.0,0.0,966.0,0.0018142609997084946,0.011977042000580695,0.009003379000205314,0.0057701320001797285,29.797249319000002,-150.0,-250.0
100.0,10.0,1.0,3.0,3.0,0.0,967.0,0.0018594969997138833,0.010080421999191458,0.008231405000515224,0.006465636999564595,29.823893613999644,-150.0,-250.0
100.0,10.0,1.0,3.0,3.0,0.0,968.0,0.0016914709995035082,0.00990084599925467,0.008367894000002707,0.00831814299999678,29.852179264999904,-150.0,-250.0
100.0,10.0,1.0,3.0,3.0,0.0,969.0,0.0016387499999837019,0.011072301000240259,0.009751827999934903,0.006977267000365828,29.881626432999838,-150.0,-250.0
100.0,10.0,1.0,3.0,3.0,0.0,970.0,0.0014843230001133634,0.012323321000621945,0.01013897899974836,0.007544698999481625,29.913124824999613,-150.0,-250.0
100.0,10.0,1.0,3.0,3.0,0.0,971.0,0.0015598050003973185,0.009247548000530514,0.008527582000169787,0.007277228000020841,29.93974414799959,-150.0,-250.0
100.0,10.0,1.0,3.0,3.0,0.0,972.0,0.001944290000210458,0.009909360999699857,0.009415288999662152,0.008508174999406037,29.969528863999585,-150.0,-250.0
100.0,10.0,1.0,3.0,3.0,0.0,973.0,0.0015768260000186274,0.009869110000181536,0.009006704000057653,0.008209038999666518,29.998197613999764,-150.0,-250.0
100.0,10.0,1.0,3.0,3.0,0.0,974.0,0.0017232709997188067,0.011527898999702302,0.008796258999609563,0.0051864339993699105,30.02543899200009,-150.0,-250.0
100.0,10.0,1.0,3.0,3.0,0.0,975.0,0.001725140999951691,0.00812715299980482,0.00937964400054625,0.013999785000123666,30.058710661000077,-150.0,-250.0
100.0,10.0,1.0,3.0,3.0,0.0,976.0,0.0019126699999105767,0.02026210300027742,0.01033481699960248,0.007151748000069347,30.098379205999663,-150.0,-250.0
100.0,10.0,1.0,3.0,3.0,0.0,977.0,0.0021725179994973587,0.010406817000330193,0.012363313000605558,0.005942946999311971,30.129273423000086,-150.0,-250.0
100.0,10.0,1.0,3.0,3.0,0.0,978.0,0.0018270869995831163,0.011095066000052611,0.009374587999445794,0.007307457999559119,30.158885248999468,-150.0,-250.0
100.0,10.0,1.0,3.0,3.0,0.0,979.0,0.002086698000312026,0.008668784000292362,0.009842825999839988,0.009860707999905571,30.18935409000005,-150.0,-250.0
100.0,10.0,1.0,3.0,3.0,0.0,980.0,0.001708838000013202,0.010226348999822221,0.00968048100003216,0.009126076999564248,30.220103642999675,-150.0,-250.0
100.0,10.0,1.0,3.0,3.0,0.0,981.0,0.0021929719996478525,0.012755052000102296,0.009601122999811196,0.009285314999942784,30.253945720000047,-150.0,-250.0
100.0,10.0,1.0,3.0,3.0,0.0,982.0,0.002173910000237811,0.010640266999871528,0.011511884999890754,0.007104622000042582,30.2853836889999,-150.0,-250.0
100.0,10.0,1.0,3.0,3.0,0.0,983.0,0.0020714310003313585,0.011170214999765449,0.009387998999955016,0.006620453999858,30.31464076299926,-150.0,-250.0
100.0,10.0,1.0,3.0,3.0,0.0,984.0,0.0017635409994909423,0.008112151000204904,0.009973256999728619,0.004792910000105621,30.33928958999968,-150.0,-250.0
100.0,10.0,1.0,3.0,3.0,0.0,985.0,0.001910492999741109,0.008474406999994244,0.009911722000651935,0.006787721999899077,30.366380580999248,-150.0,-250.0
100.0,10.0,1.0,3.0,3.0,0.0,986.0,0.0020212270001138677,0.015075014000103693,0.010416878999421897,0.00661136000053375,30.400512463999803,-150.0,-250.0
100.0,10.0,1.0,3.0,3.0,0.0,987.0,0.0018154299996240297,0.015465078000488575,0.011554254000657238,0.006296646000009787,30.435650484999314,-150.0,-250.0
100.0,10.0,1.0,3.0,3.0,0.0,988.0,0.002329391000785108,0.01196623499981797,0.010512732999814034,0.007500669999899401,30.467967212000076,-150.0,-250.0
100.0,10.0,1.0,3.0,3.0,0.0,989.0,0.0016059519994087168,0.0105170229999203,0.010355741000239505,0.0081060559996331,30.49855864899928,-150.0,-240.0
100.0,10.0,1.0,3.0,3.0,0.0,990.0,0.0016294809993269155,0.010021332000178518,0.009676959999524115,0.006901976000335708,30.526795773999766,-150.0,-230.0
100.0,10.0,1.0,3.0,3.0,0.0,991.0,0.001957900999514095,0.008644585999718402,0.007680421999793907,0.006510215000162134,30.55160482499923,-150.0,-230.0
100.0,10.0,1.0,3.0,3.0,0.0,992.0,0.001968153999769129,0.009987169999476464,0.00959646800038172,0.003607896999710647,30.57677174499986,-150.0,-230.0
100.0,10.0,1.0,3.0,3.0,0.0,993.0,0.001438127999790595,0.009899806999783323,0.009082665000278212,0.005415081999672111,30.602614671999618,-150.0,-230.0
100.0,10.0,1.0,3.0,3.0,0.0,994.0,0.0020222459997967235,0.009945958000571409,0.008652862999952049,0.006672986999546993,30.629916308999782,-150.0,-230.0
100.0,10.0,1.0,3.0,3.0,0.0,995.0,0.001495374999649357,0.009271648999856552,0.009100772999772744,0.003515492000587983,30.65330680599982,-150.0,-230.0
100.0,10.0,1.0,3.0,3.0,0.0,996.0,0.0019920389995604637,0.008402722999562684,0.00894609999977547,0.003198719000465644,30.675853900999755,-150.0,-230.0
100.0,10.0,1.0,3.0,3.0,0.0,997.0,0.0022966479991737287,0.00813386099980562,0.009263457000088238,0.003690438999910839,30.699245477999284,-150.0,-230.0
100.0,10.0,1.0,3.0,3.0,0.0,998.0,0.0017538359998070518,0.008294293000290054,0.009000480999930005,0.003351354000187712,30.721652673999415,-150.0,-230.0
100.0,10.0,1.0,3.0,3.0,0.0,999.0,0.0023985600000742124,0.010313498999494186,0.009963315000277362,0.005377583999688795,30.7497131049995,-150.0,-230.0
100.0,10.0,1.0,3.0,3.0,0.0,1000.0,0.0023052399992593564,0.012037050000799354,0.009027107000292744,0.0052774630003114,30.7783673670001,-150.0,-230.0
100.0,10.0,1.0,3.0,3.0,0.0,1001.0,0.002625054999953136,0.010153991000152018,0.009966280999833543,0.007331641999371641,30.80845183599922,-150.0,-230.0
100.0,10.0,1.0,3.0,3.0,0.0,1002.0,0.0019689339997057687,0.011547348999556561,0.011445710999396397,0.004794579000190424,30.838215868999214,-150.0,-230.0
100.0,10.0,1.0,3.0,3.0,0.0,1003.0,0.0016266149996226886,0.011137776000396116,0.009631298999920546,0.006754704999366368,30.867373490999853,-150.0,-230.0
100.0,10.0,1.0,3.0,3.0,0.0,1004.0,0.00177724299919646,0.010378613999819208,0.009060923000106413,0.006065590000616794,30.894662723999318,-150.0,-230.0
100.0,10.0,1.0,3.0,3.0,0.0,1005.0,0.002054317999863997,0.008096779999505088,0.009602137000001676,0.005061924000074214,30.919485344999885,-150.0,-230.0
100.0,10.0,1.0,3.0,3.0,0.0,1006.0,0.0017440480005461723,0.011262392999924487,0.008820154000204639,0.005227627999374818,30.94654668399926,-150.0,-230.0
100.0,10.0,1.0,3.0,3.0,0.0,1007.0,0.0019354259993633605,0.008799100000032922,0.008503167999151628,0.004582771000059438,30.970374516999982,-150.0,-230.0
100.0,10.0,1.0,3.0,3.0,0.0,1008.0,0.0016685889995642356,0.008013290999770106,0.010227977999420546,0.0033724009999787086,30.99366415499935,-150.0,-230.0
100.0,10.0,1.0,3.0,3.0,0.0,1009.0,0.0017707750002955436,0.011803948000306264,0.0107060399996044,0.007344815000578819,31.02529699599927,-150.0,-230.0
100.0,10.0,1.0,3.0,3.0,0.0,1010.0,0.0019050959999731276,0.012295511000047554,0.008587445000557636,0.0107290189998821,31.058821822999562,-150.0,-210.0
100.0,10.0,1.0,3.0,3.0,0.0,1011.0,0.002091942000333802,0.012075257000105921,0.011010027000338596,0.005413318999671901,31.089419543000076,-150.0,-210.0
100.0,10.0,1.0,3.0,3.0,0.0,1012.0,0.0024425029996564263,0.008276252000541717,0.00909912999941298,0.005485460000272724,31.11472937399958,-150.0,-210.0
100.0,10.0,1.0,3.0,3.0,0.0,1013.0,0.0016558460001760977,0.013481699000294611,0.01119717799974751,0.00547393299984833,31.1465452299999,-150.0,-210.0
100.0,10.0,1.0,3.0,3.0,0.0,1014.0,0.0022286229996097973,0.009748999999828811,0.010478717000296456,0.005397701000219968,31.17440639399956,-150.0,-210.0
100.0,10.0,1.0,3.0,3.0,0.0,1015.0,0.002286767000441614,0.016104602000268642,0.009644027999456739,0.007400186999802827,31.209850392999215,-150.0,-210.0
100.0,10.0,1.0,3.0,3.0,0.0,1016.0,0.0019115309996777796,0.010652061000655522,0.009199467000144068,0.005650486999911664,31.237273276999986,-150.0,-210.0
100.0,10.0,1.0,3.0,3.0,0.0,1017.0,0.0022532619996127323,0.00847964900003717,0.010647758000231988,0.008084006999524718,31.266745150999668,-150.0,-210.0
100.0,10.0,1.0,3.0,3.0,0.0,1018.0,0.002036636999946495,0.015099944999747095,0.011282099999334605,0.007876796999880753,31.30304784999953,-150.0,-210.0
100.0,10.0,1.0,3.0,3.0,0.0,1019.0,0.0020826540003326954,0.009997465000196826,0.011144848999720125,0.005243117000645725,31.33152357199924,-150.0,-210.0
100.0,10.0,1.0,3.0,3.0,0.0,1020.0,0.002047465000032389,0.01530837900008919,0.01009254200016585,0.013601192999885825,31.372580801999902,-150.0,-190.0
100.0,10.0,1.0,3.0,3.0,0.0,1021.0,0.0015091740006027976,0.011368505000064033,0.010851476000425464,0.011364918000253965,31.40768200599996,-150.0,-190.0
100.0,10.0,1.0,3.0,3.0,0.0,1022.0,0.0018621879999045632,0.015786717999617395,0.010780456000247796,0.013808742000037455,31.449926491999577,-150.0,-190.0
100.0,10.0,1.0,3.0,3.0,0.0,1023.0,0.002942080000138958,0.0125603559999945,0.017995578000409296,0.012920319000841118,31.496352420999756,-150.0,-190.0
100.0,10.0,1.0,3.0,3.0,0.0,1024.0,0.002166293999835034,0.013682194000466552,0.009853722999650927,0.016279080000458634,31.538340543999766,-150.0,-190.0
100.0,10.0,1.0,3.0,3.0,0.0,1025.0,0.0017004459996314836,0.009968416999981855,0.010050153000520368,0.01372864400036633,31.57379532199957,-150.0,-190.0
100.0,10.0,1.0,3.0,3.0,0.0,1026.0,0.0022078449992477545,0.009532634000606777,0.010453597999912745,0.015681898999901023,31.61167888899945,-150.0,-190.0
100.0,10.0,1.0,3.0,3.0,0.0,1027.0,0.0016729919998397236,0.01696533399990585,0.009023959999467479,0.01280839900027786,31.652157130999512,-150.0,-190.0
100.0,10.0,1.0,3.0,3.0,0.0,1028.0,0.001968751999811502,0.012097816999812494,0.010133181999663066,0.016211037000175565,31.692576212999484,-150.0,-190.0
100.0,10.0,1.0,3.0,3.0,0.0,1029.0,0.001760629000273184,0.00865223600067111,0.01040503600052034,0.017066407000129402,31.730468544999894,-150.0,-190.0
100.0,10.0,1.0,3.0,3.0,0.0,1030.0,0.0017129210000348394,0.010117703000105394,0.008909472000595997,0.014027444999555883,31.765243729999384,-150.0,-190.0
100.0,10.0,1.0,3.0,3.0,0.0,1031.0,0.0019618740006990265,0.01212982299966825,0.009996910000154458,0.013731228999859013,31.803071681999427,-150.0,-190.0
100.0,10.0,1.0,3.0,3.0,0.0,1032.0,0.0020200259996272507,0.009739813000123831,0.011518799999976181,0.019380718999855162,31.845739351999327,-150.0,-190.0
100.0,10.0,1.0,3.0,3.0,0.0,1033.0,0.002130361000126868,0.016975495000224328,0.011866881000059948,0.013628157999846735,31.890347511999607,-150.0,-190.0
100.0,10.0,1.0,3.0,3.0,0.0,1034.0,0.002360096999836969,0.0107979759995942,0.010351930000069842,0.013901320000513806,31.927766023000004,-150.0,-190.0
100.0,10.0,1.0,3.0,3.0,0.0,1035.0,0.0019344100001035258,0.009783250000509724,0.012465184000575391,0.011798325000199839,31.96375447599985,-150.0,-190.0
100.0,10.0,1.0,3.0,3.0,0.0,1036.0,0.0020201269999233773,0.012867284999629192,0.012511623000136751,0.015811109999958717,32.00697223399948,-150.0,-190.0
100.0,10.0,1.0,3.0,3.0,0.0,1037.0,0.0013631880001412355,0.010238371000014013,0.010353665000366163,0.014204652999978862,32.04313986899979,-150.0,-190.0
100.0,10.0,1.0,3.0,3.0,0.0,1038.0,0.002451344999826688,0.015445887000169023,0.011417075999816007,0.016473971999403147,32.08893528999943,-150.0,-190.0
100.0,10.0,1.0,3.0,3.0,0.0,1039.0,0.0027884219998668414,0.016986374000225624,0.010075650000544556,0.01611849299933965,32.134911418999764,-150.0,-190.0
100.0,10.0,1.0,3.0,3.0,0.0,1040.0,0.0019438079998508329,0.01326567999967665,0.010667020999790111,0.014071521000005305,32.17486773099972,-150.0,-190.0
100.0,10.0,1.0,3.0,3.0,0.0,1041.0,0.0020552409996525967,0.009899008000502363,0.010702943999604031,0.015281836999747611,32.21281473599993,-150.0,-190.0
100.0,10.0,1.0,3.0,3.0,0.0,1042.0,0.0015077839998411946,0.013501656999324041,0.011346453999976802,0.011903992000043218,32.25108198899943,-150.0,-190.0
100.0,10.0,1.0,3.0,3.0,0.0,1043.0,0.0037992240004314226,0.009578441000485327,0.010862863000511425,0.01291978500012192,32.288249985999755,-150.0,-190.0
100.0,10.0,1.0,3.0,3.0,0.0,1044.0,0.0021857729998373543,0.012581935000525846,0.010211198999968474,0.012621989000763278,32.325858006999624,-150.0,-190.0
100.0,10.0,1.0,3.0,3.0,0.0,1045.0,0.0018289539993929793,0.010078104999593052,0.008036989999709476,0.015506781000112824,32.3613161559997,-150.0,-190.0
100.0,10.0,1.0,3.0,3.0,0.0,1046.0,0.0015021429999251268,0.01564299499932531,0.011049462000300991,0.014964196000619268,32.40448247799941,-150.0,-190.0
100.0,10.0,1.0,3.0,3.0,0.0,1047.0,0.001365914999951201,0.010026980000475305,0.01197326300007262,0.014332931999888388,32.44218874299986,-150.0,-190.0
100.0,10.0,1.0,3.0,3.0,0.0,1048.0,0.0019535350002115592,0.014579456999854301,0.010302144999513985,0.017873858999337244,32.4869055399995,-150.0,-190.0
100.0,10.0,1.0,3.0,3.0,0.0,1049.0,0.0020611439995263936,0.01884833499934757,0.010297239999999874,0.014752133000001777,32.53287205699962,-150.0,-190.0
100.0,10.0,1.0,3.0,3.0,0.0,1050.0,0.0022328369996102992,0.011300262999611732,0.010936474999653,0.014808406999691215,32.572157266999966,-150.0,-190.0
100.0,10.0,1.0,3.0,3.0,0.0,1051.0,0.002794793000248319,0.008600961999945866,0.009568917999786208,0.012585317999764811,32.60571374199935,-150.0,-190.0
100.0,10.0,1.0,3.0,3.0,0.0,1052.0,0.0021605880001516198,0.0094567169999209,0.009709795999697235,0.01907373500034737,32.64612182599922,-150.0,-190.0
100.0,10.0,1.0,3.0,3.0,0.0,1053.0,0.0023285019997274503,0.009455082999920705,0.012435850000656501,0.015853320000132953,32.68620140299936,-150.0,-190.0
100.0,10.0,1.0,3.0,3.0,0.0,1054.0,0.002313847000550595,0.01880979199995636,0.011948288999519718,0.012987082000108785,32.732267638999474,-150.0,-190.0
100.0,10.0,1.0,3.0,3.0,0.0,1055.0,0.0020147680006630253,0.014560769000127038,0.009828817000197887,0.015395409999655385,32.77407428300012,-150.0,-190.0
100.0,10.0,1.0,3.0,3.0,0.0,1056.0,0.0019165379999321885,0.01081795099980809,0.010247612000057416,0.014270746999500261,32.81133369100007,-150.0,-190.0
100.0,10.0,1.0,3.0,3.0,0.0,1057.0,0.002463374999933876,0.010662702000445279,0.009403375000147207,0.020394993999616418,32.85426570499931,-150.0,-190.0
100.0,10.0,1.0,3.0,3.0,0.0,1058.0,0.003292379000413348,0.01743185600025754,0.010803684999700636,0.01431622200016136,32.9001168599998,-150.0,-190.0
100.0,10.0,1.0,3.0,3.0,0.0,1059.0,0.0017232910004167934,0.01071832599973277,0.00913356700039003,0.019960136000008788,32.94165947399961,-150.0,-190.0
100.0,10.0,1.0,3.0,3.0,0.0,1060.0,0.001704352999695402,0.015503843999795208,0.010719258999415615,0.01443478600049275,32.98402910299956,-150.0,-190.0
100.0,10.0,1.0,3.0,3.0,0.0,1061.0,0.0027643400007946184,0.011487613000099373,0.010846337999282696,0.015668285000174365,33.0248034289998,-150.0,-190.0
100.0,10.0,1.0,3.0,3.0,0.0,1062.0,0.001452322999284661,0.013676540000233217,0.010752858000159904,0.013654147000124794,33.06434702199931,-150.0,-190.0
100.0,10.0,1.0,3.0,3.0,0.0,1063.0,0.0018707270000959397,0.010327846999643953,0.00934541700007685,0.015446016999703716,33.10134414799995,-150.0,-190.0
100.0,10.0,1.0,3.0,3.0,0.0,1064.0,0.002286655999341747,0.01600181000048906,0.01058257800013962,0.011526057999617478,33.14174878999984,-150.0,-190.0
100.0,10.0,1.0,3.0,3.0,0.0,1065.0,0.001982783000130439,0.012966685000719735,0.009314079999967362,0.011671347999254067,33.17769083999974,-150.0,-190.0
100.0,10.0,1.0,3.0,3.0,0.0,1066.0,0.0012933680000060122,0.013445855000099982,0.011307624999972177,0.01512514500063844,33.21887027499997,-150.0,-190.0
100.0,10.0,1.0,3.0,3.0,0.0,1067.0,0.0021311979999154573,0.008758945999943535,0.009976659000130894,0.01367054900038056,33.253415724999286,-150.0,-190.0
100.0,10.0,1.0,3.0,3.0,0.0,1068.0,0.0015595310005664942,0.018210380000709847,0.011983481000243046,0.0161707289998958,33.30134695199922,-150.0,-190.0
100.0,10.0,1.0,3.0,3.0,0.0,1069.0,0.002279839000038919,0.01599854200048867,0.009986598000068625,0.015520240000114427,33.34513989599964,-150.0,-190.0
100.0,10.0,1.0,3.0,3.0,0.0,1070.0,0.002001920000111568,0.00958537999940745,0.012009634999230911,0.015381666999928711,33.384125952999966,-150.0,-190.0
100.0,10.0,1.0,3.0,3.0,0.0,1071.0,0.0017360090005240636,0.010015057000600791,0.009612922000087565,0.013342914000531891,33.418841190999956,-150.0,-190.0
100.0,10.0,1.0,3.0,3.0,0.0,1072.0,0.002508229000341089,0.01046590600071795,0.011471714000435895,0.013052948000222386,33.45634943099958,-150.0,-190.0
100.0,10.0,1.0,3.0,3.0,0.0,1073.0,0.001941139999871666,0.00878275000013673,0.009457846000259451,0.020968531999642437,33.49750824199964,-150.0,-190.0
100.0,10.0,1.0,3.0,3.0,0.0,1074.0,0.0020757479996973416,0.015088037999703374,0.011802135999460006,0.01484593599980144,33.54134739099936,-150.0,-190.0
100.0,10.0,1.0,3.0,3.0,0.0,1075.0,0.0016049949999796809,0.010454224000568502,0.00868752500082337,0.014066871000068204,33.576168831999894,-150.0,-190.0
100.0,10.0,1.0,3.0,3.0,0.0,1076.0,0.002474590000019816,0.013462512000842253,0.012162787999841385,0.013186445999963325,33.61746234199927,-150.0,-190.0
100.0,10.0,1.0,3.0,3.0,0.0,1077.0,0.0018870580006478122,0.00860302499950194,0.00971558599940181,0.011927085000024817,33.64960324599997,-150.0,-190.0
100.0,10.0,1.0,3.0,3.0,0.0,1078.0,0.0016282159995171241,0.009935936000147194,0.01020422400051757,0.018656525999176665,33.69003667600009,-150.0,-190.0
100.0,10.0,1.0,3.0,3.0,0.0,1079.0,0.0016401249995396938,0.010689337000258092,0.009663216000262764,0.019780277000791102,33.73181694499999,-150.0,-190.0
100.0,10.0,1.0,3.0,3.0,0.0,1080.0,0.002022384999690985,0.01171490399974573,0.011445879000348214,0.015074156999617117,33.772081398999944,-150.0,-190.0
100.0,10.0,1.0,3.0,3.0,0.0,1081.0,0.0020145999997112085,0.010579395000604563,0.009972619000109262,0.015168824000284076,33.809824259999914,-150.0,-190.0
100.0,10.0,1.0,3.0,3.0,0.0,1082.0,0.002665216000423243,0.010208794999925885,0.011167472999659367,0.013395762999607541,33.84726907200002,-150.0,-190.0
100.0,10.0,1.0,3.0,3.0,0.0,1083.0,0.0017592500007594936,0.010770343999865872,0.009459622000576928,0.011922521000087727,33.881187719999616,-150.0,-190.0
100.0,10.0,1.0,3.0,3.0,0.0,1084.0,0.001799118999770144,0.015900474999398284,0.011921417999474215,0.012412599000526825,33.9232290179998,-150.0,-190.0
100.0,10.0,1.0,3.0,3.0,0.0,1085.0,0.002593879999949422,0.008307816000524326,0.00902139800018631,0.013112286999785283,33.95627144199989,-150.0,-190.0
100.0,10.0,1.0,3.0,3.0,0.0,1086.0,0.0025258109999413136,0.008056992000092578,0.0091811130005226,0.01182747799975914,33.98787021699991,-150.0,-190.0
100.0,10.0,1.0,3.0,3.0,0.0,1087.0,0.0022464550002041506,0.014793465000366268,0.010686943999644427,0.01206413199997769,34.02766847899966,-150.0,-190.0
100.0,10.0,1.0,3.0,3.0,0.0,1088.0,0.0019447849999778555,0.008473447000142187,0.010221631000604248,0.016778786000031687,34.065094326999315,-150.0,-190.0
100.0,10.0,1.0,3.0,3.0,0.0,1089.0,0.0020351130006019957,0.010360563999711303,0.009371242000270286,0.016283537999697728,34.10317113399924,-150.0,-190.0
100.0,10.0,1.0,3.0,3.0,0.0,1090.0,0.0032287540007018833,0.013036073999501241,0.01170551399991382,0.0154668719997062,34.14661597199938,-150.0,-190.0
100.0,10.0,1.0,3.0,3.0,0.0,1091.0,0.0017418029992768425,0.0128794319998633,0.010238011000183178,0.012479572999836819,34.18396246699922,-150.0,-190.0
100.0,10.0,1.0,3.0,3.0,0.0,1092.0,0.002952012000605464,0.012541282000711362,0.01058870199994999,0.014138064000690065,34.22418968399961,-150.0,-190.0
100.0,10.0,1.0,3.0,3.0,0.0,1093.0,0.0023911010002848343,0.014899193000019295,0.011849901999994472,0.013450335000015912,34.26678728399929,-150.0,-190.0
100.0,10.0,1.0,3.0,3.0,0.0,1094.0,0.002084003999698325,0.008255933999862464,0.009675983999841264,0.013541792000069108,34.300352108999505,-150.0,-190.0
100.0,10.0,1.0,3.0,3.0,0.0,1095.0,0.002215976999650593,0.012452893999579828,0.00883681799950864,0.01610024300043733,34.339966599000036,-150.0,-190.0
100.0,10.0,1.0,3.0,3.0,0.0,1096.0,0.0016067289998318302,0.010559672999988834,0.011116777999632177,0.012830698000470875,34.376088215999516,-150.0,-190.0
100.0,10.0,1.0,3.0,3.0,0.0,1097.0,0.002203275000283611,0.011504560000503261,0.012211041999762529,0.0165029930003584,34.41851696699996,-150.0,-190.0
100.0,10.0,1.0,3.0,3.0,0.0,1098.0,0.0018773100000544218,0.010759185000097204,0.008818809000331385,0.013142361999598506,34.453122266999344,-150.0,-190.0
100.0,10.0,1.0,3.0,3.0,0.0,1099.0,0.0022500240002045757,0.010092072000588814,0.009184319999803847,0.015098367000064172,34.48975367999992,-150.0,-190.0
100.0,10.0,1.0,3.0,3.0,0.0,1100.0,0.003343259999383008,0.01232898699981888,0.011585291000301368,0.011940181999307242,34.52895831299975,-150.0,-190.0
100.0,10.0,1.0,3.0,3.0,0.0,1101.0,0.0020025030007673195,0.012425625999640033,0.009761790000084147,0.016404383000008238,34.56955989800008,-150.0,-190.0
100.0,10.0,1.0,3.0,3.0,0.0,1102.0,0.002340850999644317,0.011240762999477738,0.01085154100019281,0.014433128999371547,34.608433589000015,-150.0,-190.0
100.0,10.0,1.0,3.0,3.0,0.0,1103.0,0.002400497000053292,0.008549082000172348,0.010101869000209263,0.014415839000321284,34.64390823699978,-150.0,-190.0
100.0,10.0,1.0,3.0,3.0,0.0,1104.0,0.0015687310005887412,0.00971995899999456,0.009367753000333323,0.014232255000024452,34.67880459799926,-150.0,-190.0
100.0,10.0,1.0,3.0,3.0,0.0,1105.0,0.002796587999910116,0.010602760999972816,0.010650832999999693,0.015074715000082506,34.717936781999924,-150.0,-190.0
100.0,10.0,1.0,3.0,3.0,0.0,1106.0,0.0022203670005183085,0.010764145999928587,0.010204220000559872,0.0190446240003439,34.760176513999795,-150.0,-190.0
100.0,10.0,1.0,3.0,3.0,0.0,1107.0,0.00155901600010111,0.010229766000520613,0.009085562000109348,0.012626329999875452,34.793683554999916,-150.0,-190.0
100.0,10.0,1.0,3.0,3.0,0.0,1108.0,0.001621393999812426,0.011645420000604645,0.008190540999748919,0.013688154000192299,34.82883558699996,-150.0,-190.0
100.0,10.0,1.0,3.0,3.0,0.0,1109.0,0.002527368000301067,0.012249516999872867,0.010510707999856095,0.015951947000758082,34.870082560999435,-150.0,-190.0
100.0,10.0,1.0,3.0,3.0,0.0,1110.0,0.0021461610003825626,0.009574544999850332,0.011297908999949868,0.013172424999538634,34.90628169499996,-150.0,-190.0
100.0,10.0,1.0,3.0,3.0,0.0,1111.0,0.0018565919999673497,0.012278389999664796,0.011621292999734578,0.017002667000269867,34.94904957899962,-150.0,-190.0
100.0,10.0,1.0,3.0,3.0,0.0,1112.0,0.0018399709997538594,0.01419014499970217,0.010542263999923307,0.01613633899978595,34.991765324999506,-150.0,-190.0
100.0,10.0,1.0,3.0,3.0,0.0,1113.0,0.0019506500002535176,0.02017397899999196,0.011194641000656702,0.014756702999875415,35.03984851199948,-150.0,-190.0
100.0,10.0,1.0,3.0,3.0,0.0,1114.0,0.0030889460003891145,0.01530120799998258,0.011416768000344746,0.01234945299984247,35.08201177199953,-150.0,-190.0
100.0,10.0,1.0,3.0,3.0,0.0,1115.0,0.0016822460002003936,0.015931475999423128,0.011672491000354057,0.01658974699967075,35.1278957859995,-150.0,-190.0
100.0,10.0,1.0,3.0,3.0,0.0,1116.0,0.0023603830004503834,0.014646281999375788,0.011639113000455836,0.015718612000455323,35.172268161999455,-150.0,-190.0
100.0,10.0,1.0,3.0,3.0,0.0,1117.0,0.0017913040001076297,0.014424646999941615,0.012566472000798967,0.01439983900036168,35.21545798999978,-150.0,-190.0
100.0,10.0,1.0,3.0,3.0,0.0,1118.0,0.001722470999993675,0.01490291000027355,0.009735949999594595,0.017038099000274087,35.25886526499926,-150.0,-190.0
100.0,10.0,1.0,3.0,3.0,0.0,1119.0,0.001682092000010016,0.009392799999659474,0.012293785000110802,0.012017903999549162,35.294258797999646,-150.0,-190.0
100.0,10.0,1.0,3.0,3.0,0.0,1120.0,0.0017828939999162685,0.009770552999725624,0.01255835199935973,0.01183036499969603,35.33020782299991,-150.0,-190.0
100.0,10.0,1.0,3.0,3.0,0.0,1121.0,0.0023415850000674254,0.01278420900052879,0.008993247999569576,0.018994961000316835,35.37333496699921,-150.0,-190.0
100.0,10.0,1.0,3.0,3.0,0.0,1122.0,0.002683116000298469,0.01296463099970424,0.012011378999886801,0.015681301999393327,35.41668232499978,-150.0,-190.0
100.0,10.0,1.0,3.0,3.0,0.0,1123.0,0.0017356619991915068,0.008443954999165726,0.00828142799946363,0.01269925799988414,35.447850201999245,-150.0,-190.0
100.0,10.0,1.0,3.0,3.0,0.0,1124.0,0.0026069860005009104,0.009985728000174277,0.011049478000131785,0.015338076000261935,35.486838713,-150.0,-190.0
100.0,10.0,1.0,3.0,3.0,0.0,1125.0,0.0022251410000535543,0.009025203000419424,0.009725122000418196,0.017156744000203616,35.52497979199961,-150.0,-190.0
100.0,10.0,1.0,3.0,3.0,0.0,1126.0,0.002273507000609243,0.010387355000602838,0.012137144000007538,0.01187056999970082,35.561655519999476,-150.0,-190.0
100.0,10.0,1.0,3.0,3.0,0.0,1127.0,0.00202318199990259,0.015310005000173987,0.009599768000043696,0.009469082000578055,35.59806546299933,-150.0,-190.0
100.0,10.0,1.0,3.0,3.0,0.0,1128.0,0.0018141419996027253,0.020180256999992707,0.009768998999788892,0.010637503999532782,35.64047341599962,-150.0,-190.0
100.0,10.0,1.0,3.0,3.0,0.0,1129.0,0.0025316530000054627,0.010018250000030093,0.009190105999550724,0.014915769000253931,35.6771367249994,-150.0,-190.0
100.0,10.0,1.0,3.0,3.0,0.0,1130.0,0.002475811000294925,0.010513657000046805,0.011468927999885636,0.015703148000284273,35.717305542999384,-150.0,-190.0
100.0,10.0,1.0,3.0,3.0,0.0,1131.0,0.0020493579995672917,0.008309781000207295,0.011343934999786143,0.011705007999808004,35.75072084599924,-150.0,-190.0
100.0,10.0,1.0,3.0,3.0,0.0,1132.0,0.0022504620001200237,0.012827234999349457,0.011732484999811277,0.012864827999692352,35.790402906000054,-150.0,-190.0
100.0,10.0,1.0,3.0,3.0,0.0,1133.0,0.0025340520005556755,0.01623696699971333,0.009756909999850905,0.017351895000501827,35.83629024199945,-150.0,-180.0
100.0,10.0,1.0,3.0,3.0,0.0,1134.0,0.0018846490002033534,0.011182221999661124,0.008947320000515901,0.01297668999995949,35.87128850099998,-150.0,-180.0
100.0,10.0,1.0,3.0,3.0,0.0,1135.0,0.001652299999477691,0.00989814100012154,0.009900775999994949,0.020843311000135145,35.913589757999944,-150.0,-180.0
100.0,10.0,1.0,3.0,3.0,0.0,1136.0,0.0023057660000631586,0.01706394799930422,0.01063621699995565,0.01604706000034639,35.95964961299978,-150.0,-180.0
100.0,10.0,1.0,3.0,3.0,0.0,1137.0,0.0019195560007574386,0.012428863999957684,0.009904275999360834,0.013424756999484089,35.99733374599964,-150.0,-180.0
100.0,10.0,1.0,3.0,3.0,0.0,1138.0,0.002880306000406563,0.012872158999925887,0.011958335000599618,0.015580823999698623,36.04063238299932,-150.0,-180.0
100.0,10.0,1.0,3.0,3.0,0.0,1139.0,0.002664134000042395,0.01257695100048295,0.00899235300039436,0.01504790199942363,36.07992092599943,-150.0,-180.0
100.0,10.0,1.0,3.0,3.0,0.0,1140.0,0.0017186280001624255,0.018855142999200325,0.011731556999620807,0.019168312000147125,36.13140236399977,-150.0,-180.0
100.0,10.0,1.0,3.0,3.0,0.0,1141.0,0.001991928999814263,0.01060345000041707,0.010256249999656575,0.015787381999871286,36.1700497060001,-150.0,-180.0
100.0,10.0,1.0,3.0,3.0,0.0,1142.0,0.001535336999950232,0.01452664799944614,0.010078612000143039,0.015829582999685954,36.21202823799922,-150.0,-180.0
100.0,10.0,1.0,3.0,3.0,0.0,1143.0,0.0031303469995691557,0.01170710099995631,0.008193665000362671,0.012496392999310046,36.24756432899994,-150.0,-180.0
100.0,10.0,1.0,3.0,3.0,0.0,1144.0,0.0020800680003958405,0.014090612000472902,0.012027806999867607,0.02092953600003966,36.29669955600002,-150.0,-180.0
100.0,10.0,1.0,3.0,3.0,0.0,1145.0,0.0022769239994886448,0.01470813600008114,0.01243712100040284,0.015652482000405143,36.34178132699981,-150.0,-180.0
100.0,10.0,1.0,3.0,3.0,0.0,1146.0,0.0020133369998802664,0.010788507000143,0.009724071000164258,0.01688926899987564,36.38120346300002,-150.0,-180.0
100.0,10.0,1.0,3.0,3.0,0.0,1147.0,0.0027444080005807336,0.013568096999733825,0.011834642999929201,0.0170295289999558,36.426386529999945,-150.0,-180.0
100.0,10.0,1.0,3.0,3.0,0.0,1148.0,0.0020877030001429375,0.014301815999715473,0.010376597999311343,0.01220271900001535,36.46536234699943,-150.0,-180.0
100.0,10.0,1.0,3.0,3.0,0.0,1149.0,0.0026710389993240824,0.013522557999749552,0.010102764000293973,0.014953322999645025,36.5066189399995,-150.0,-180.0
100.0,10.0,1.0,3.0,3.0,0.0,1150.0,0.002389530999607814,0.014659379000477202,0.010289653000654653,0.0186573060000228,36.55262234099973,-150.0,-180.0
100.0,10.0,1.0,3.0,3.0,0.0,1151.0,0.0016668730004312238,0.012893872999484302,0.012096894000023894,0.014445379999415309,36.593732241,-150.0,-180.0
100.0,10.0,1.0,3.0,3.0,0.0,1152.0,0.0013869589993191767,0.011143845000333386,0.012045272000250407,0.01565914100046939,36.633975374999864,-150.0,-180.0
100.0,10.0,1.0,3.0,3.0,0.0,1153.0,0.0030049930001041503,0.0096740229992065,0.009271038000406406,0.01955379900027765,36.6754863619999,-150.0,-180.0
100.0,10.0,1.0,3.0,3.0,0.0,1154.0,0.002053938999779348,0.014759960000446881,0.008153227000548213,0.027866696999808482,36.728328578999935,-150.0,-180.0
100.0,10.0,1.0,3.0,3.0,0.0,1155.0,0.0028769440004907665,0.013003199000195309,0.012465431000237004,0.02692589699927339,36.78360765599973,-150.0,-180.0
100.0,10.0,1.0,3.0,3.0,0.0,1156.0,0.0025802059999477933,0.01635582200015051,0.012627015000362007,0.026359471000432677,36.84153779499957,-150.0,-180.0
100.0,10.0,1.0,3.0,3.0,0.0,1157.0,0.0017319960006716428,0.009217689000251994,0.009932562000358303,0.01928997300001356,36.88171810699987,-150.0,-180.0
100.0,10.0,1.0,3.0,3.0,0.0,1158.0,0.001950808999936271,0.011924649000320642,0.010207521999291203,0.022108599999228318,36.927916902000106,-150.0,-180.0
100.0,10.0,1.0,3.0,3.0,0.0,1159.0,0.0018054659994959366,0.01283510900066176,0.011494063999634818,0.02418040100019425,36.97823888399944,-150.0,-180.0
100.0,10.0,1.0,3.0,3.0,0.0,1160.0,0.0016251830002147472,0.012079430999619944,0.012505437000072561,0.01959606599939434,37.024052669999946,-150.0,-180.0
100.0,10.0,1.0,3.0,3.0,0.0,1161.0,0.00155811900003755,0.013314705999619036,0.011746295999728318,0.013340452000193181,37.0640190919994,-150.0,-180.0
100.0,10.0,1.0,3.0,3.0,0.0,1162.0,0.0022690260002491414,0.01942240800053696,0.01196047599933081,0.015940060000502854,37.11361834299987,-150.0,-180.0
100.0,10.0,1.0,3.0,3.0,0.0,1163.0,0.0026031009992948384,0.015427821999765001,0.010597602000416373,0.012977620000128809,37.15523157000007,-150.0,-180.0
100.0,10.0,1.0,3.0,3.0,0.0,1164.0,0.002862011000615894,0.015760246999889205,0.012649114999476296,0.01960306099954323,37.20611289699991,-150.0,-180.0
100.0,10.0,1.0,3.0,3.0,0.0,1165.0,0.0021295450005709426,0.010887673000070208,0.010483781000402814,0.013628282999889052,37.24325029800002,-150.0,-180.0
100.0,10.0,1.0,3.0,3.0,0.0,1166.0,0.0018796329995893757,0.01577061500029231,0.012129155000366154,0.014615916999900946,37.287653581000086,-150.0,-180.0
100.0,10.0,1.0,3.0,3.0,0.0,1167.0,0.0015691790003984352,0.01279478000014933,0.01119495700004336,0.017747072000020125,37.33096729799945,-150.0,-180.0
100.0,10.0,1.0,3.0,3.0,0.0,1168.0,0.0018111109993697028,0.01355416200021864,0.010449739999785379,0.013566723999247188,37.370356245999574,-150.0,-180.0
100.0,10.0,1.0,3.0,3.0,0.0,1169.0,0.0021613859998979024,0.013103148000482179,0.010045539000202552,0.017061765000107698,37.41273635199923,-150.0,-180.0
100.0,10.0,1.0,3.0,3.0,0.0,1170.0,0.0015960279997671023,0.015273474999958125,0.008984191000308783,0.018696340000133205,37.4572958889994,-150.0,-180.0
100.0,10.0,1.0,3.0,3.0,0.0,1171.0,0.002077242999803275,0.010955642000226362,0.012155233999692427,0.01899387800040131,37.501486004999606,-150.0,-180.0
100.0,10.0,1.0,3.0,3.0,0.0,1172.0,0.0022857670001030783,0.010894452000684396,0.01007562599988887,0.024904743000661256,37.54965475999961,-150.0,-180.0
100.0,10.0,1.0,3.0,3.0,0.0,1173.0,0.0024296999999933178,0.01700311700005841,0.011931152000215661,0.019580670000323153,37.60060740999961,-150.0,-180.0
100.0,10.0,1.0,3.0,3.0,0.0,1174.0,0.002267756999572157,0.012857379999331897,0.010944575000394252,0.02869212499990681,37.655376458999854,-150.0,-180.0
100.0,10.0,1.0,3.0,3.0,0.0,1175.0,0.0017178019998027594,0.014797605000239855,0.010158133000004455,0.018669174000024213,37.70072722999976,-150.0,-180.0
100.0,10.0,1.0,3.0,3.0,0.0,1176.0,0.002553375999923446,0.011651593000351568,0.010270157999912044,0.015069357999891508,37.740278596999815,-150.0,-180.0
100.0,10.0,1.0,3.0,3.0,0.0,1177.0,0.0029113580003468087,0.009826069000155258,0.008483379999233875,0.016600626000581542,37.77810750599929,-150.0,-180.0
100.0,10.0,1.0,3.0,3.0,0.0,1178.0,0.0018256460007251007,0.013637748999826727,0.011075745999733044,0.014157981000607833,37.81881394099946,-150.0,-180.0
100.0,10.0,1.0,3.0,3.0,0.0,1179.0,0.001568749000398384,0.014831878999757464,0.009982032999687362,0.01775274999999965,37.862956432999454,-150.0,-180.0
100.0,10.0,1.0,3.0,3.0,0.0,1180.0,0.00259573499988619,0.011234995999984676,0.010963653000544582,0.018877245000112453,37.90663483999924,-150.0,-180.0
100.0,10.0,1.0,3.0,3.0,0.0,1181.0,0.002520310000363679,0.015429738999955589,0.010292373000083899,0.01475018299970543,37.94963412600009,-150.0,-180.0
100.0,10.0,1.0,3.0,3.0,0.0,1182.0,0.0026498560000618454,0.012317309000536625,0.012828067000555166,0.01740341400000034,37.99484008499985,-150.0,-180.0
100.0,10.0,1.0,3.0,3.0,0.0,1183.0,0.0019726460004676483,0.013301133999448211,0.01198100700003124,0.021296300000358315,38.043398517999776,-150.0,-180.0
100.0,10.0,1.0,3.0,3.0,0.0,1184.0,0.002046951999545854,0.0158852320000733,0.010027540000010049,0.02060490299936646,38.09197151099943,-150.0,-180.0
100.0,10.0,1.0,3.0,3.0,0.0,1185.0,0.001349140999991505,0.009321333000116283,0.012944179999976768,0.01871516600022005,38.134310231999734,-150.0,-180.0
100.0,10.0,1.0,3.0,3.0,0.0,1186.0,0.0022191280004335567,0.01072957199994562,0.012139229000240448,0.017990870000176074,38.17739577699922,-150.0,-180.0
100.0,10.0,1.0,3.0,3.0,0.0,1187.0,0.002211412000178825,0.014822431000538927,0.01037710499986133,0.026011721000031685,38.23082515399983,-150.0,-180.0
100.0,10.0,1.0,3.0,3.0,0.0,1188.0,0.0025805630002651014,0.011410381000132475,0.01029854799980967,0.015815328999451594,38.27093659899947,-150.0,-180.0
100.0,10.0,1.0,3.0,3.0,0.0,1189.0,0.002027003000875993,0.01161106700055825,0.010051680000287888,0.018691309999667283,38.31332439800008,-150.0,-180.0
100.0,10.0,1.0,3.0,3.0,0.0,1190.0,0.002594149000287871,0.011291327999970235,0.012166855999566906,0.020270511999115115,38.359654309999314,-150.0,-180.0
100.0,10.0,1.0,3.0,3.0,0.0,1191.0,0.0021478710004885215,0.0102652269997634,0.011212315999728162,0.014671316999738337,38.397959226999774,-150.0,-180.0
100.0,10.0,1.0,3.0,3.0,0.0,1192.0,0.0017788699997254298,0.01187781799944787,0.009729108000101405,0.015646349000235205,38.43699916599962,-150.0,-180.0
100.0,10.0,1.0,3.0,3.0,0.0,1193.0,0.0018782050001391326,0.010204582000369555,0.010471716999745695,0.01566141500006779,38.47522232799929,-150.0,-180.0
100.0,10.0,1.0,3.0,3.0,0.0,1194.0,0.0018527379997976823,0.011389569000129995,0.009265046000109578,0.022977567999987514,38.52071850199991,-150.0,-180.0
100.0,10.0,1.0,3.0,3.0,0.0,1195.0,0.0022141999997984385,0.02035360199988645,0.009605610999642522,0.018371158000263677,38.57127219299946,-150.0,-180.0
100.0,10.0,1.0,3.0,3.0,0.0,1196.0,0.0020438799992916756,0.011794953999924473,0.010583203000351205,0.016701358999853255,38.61240352599998,-150.0,-180.0
100.0,10.0,1.0,3.0,3.0,0.0,1197.0,0.0026162069998463267,0.014143206000881037,0.012099366999791528,0.014218640999388299,38.65548812199995,-150.0,-180.0
100.0,10.0,1.0,3.0,3.0,0.0,1198.0,0.0015045729996927548,0.014211921999958577,0.010896621000028972,0.013528329000109807,38.69563745799951,-150.0,-180.0
100.0,10.0,1.0,3.0,3.0,0.0,1199.0,0.0012401579997458612,0.012411250999321055,0.008539327000107733,0.0147956199998589,38.732632074999856,-150.0,-180.0
100.0,10.0,1.0,3.0,3.0,0.0,1200.0,0.0015384400003313203,0.013529491000554117,0.008545591999791213,0.015554216000055021,38.77180743200006,-150.0,-180.0
100.0,10.0,1.0,3.0,3.0,0.0,1201.0,0.0020836539997617365,0.014014220999342797,0.00856994100013253,0.01200283800062607,38.80848619599965,-150.0,-180.0
100.0,10.0,1.0,3.0,3.0,0.0,1202.0,0.0015738829997644643,0.014131676000033622,0.011010840999915672,0.015017548000287206,38.85022739099986,-150.0,-180.0
100.0,10.0,1.0,3.0,3.0,0.0,1203.0,0.0016357820004486712,0.011510950999763736,0.00965196999914042,0.016863655000634026,38.88989692999985,-150.0,-180.0
100.0,10.0,1.0,3.0,3.0,0.0,1204.0,0.0018441830006850068,0.011206946000129392,0.009028290000060224,0.013947679000011703,38.92593086599936,-150.0,-180.0
100.0,10.0,1.0,3.0,3.0,0.0,1205.0,0.001645889000428724,0.018895561000135785,0.012494344000515412,0.01876527999957034,38.97773925099955,-150.0,-180.0
100.0,10.0,1.0,3.0,3.0,0.0,1206.0,0.002634790000229259,0.013297068000611034,0.009722251000312099,0.021127406999767118,39.024527758999284,-150.0,-180.0
100.0,10.0,1.0,3.0,3.0,0.0,1207.0,0.0026446330002727336,0.01921441499962384,0.010314868000023125,0.02455294699939259,39.081261372999506,-150.0,-180.0
100.0,10.0,1.0,3.0,3.0,0.0,1208.0,0.002578994000032253,0.014694266999867978,0.009788450000087323,0.01791054599925701,39.126240960999894,-150.0,-180.0
100.0,10.0,1.0,3.0,3.0,0.0,1209.0,0.001688581000053091,0.013807061999614234,0.008720969000023615,0.01850568200006819,39.16897058399991,-150.0,-180.0
100.0,10.0,1.0,3.0,3.0,0.0,1210.0,0.001924698999573593,0.011999800000012328,0.012046426999404503,0.014060046999475162,39.209009081999284,-150.0,-180.0
100.0,10.0,1.0,3.0,3.0,0.0,1211.0,0.002420208999865281,0.009806075000597048,0.012212528000418388,0.017583613000169862,39.25103949499953,-150.0,-180.0
100.0,10.0,1.0,3.0,3.0,0.0,1212.0,0.001751597000293259,0.011962995000430965,0.01096942299955117,0.016602777000116475,39.292333956999755,-150.0,-180.0
100.0,10.0,1.0,3.0,3.0,0.0,1213.0,0.0025183329998981208,0.01355542700002843,0.010390397000264784,0.015478584999982559,39.33428415599974,-150.0,-180.0
100.0,10.0,1.0,3.0,3.0,0.0,1214.0,0.0027608590007730527,0.014466450000327313,0.011582977000216488,0.012929884000186576,39.37603250999928,-150.0,-180.0
100.0,10.0,1.0,3.0,3.0,0.0,1215.0,0.0023843199996917974,0.01318253099998401,0.010103247999722953,0.018949131999761448,39.42065839799943,-150.0,-180.0
100.0,10.0,1.0,3.0,3.0,0.0,1216.0,0.0020689190005214186,0.010468276000210608,0.010261499999614898,0.01700358400012192,39.46046792499965,-150.0,-180.0
100.0,10.0,1.0,3.0,3.0,0.0,1217.0,0.0017117179995693732,0.009175706999485556,0.010246867000205384,0.01059724499918957,39.49220623800011,-150.0,-180.0
100.0,10.0,1.0,3.0,3.0,0.0,1218.0,0.0032133639997482533,0.014625147000515426,0.009309946000030322,0.01733019599942054,39.536692542999845,-150.0,-180.0
100.0,10.0,1.0,3.0,3.0,0.0,1219.0,0.0016018780006561428,0.01664146199982497,0.00900651400024799,0.0190465249997942,39.58299557299961,-150.0,-180.0
100.0,10.0,1.0,3.0,3.0,0.0,1220.0,0.0027180749993931386,0.012448948999917775,0.00971123700037424,0.01835635600036767,39.62623695499951,-150.0,-180.0
100.0,10.0,1.0,3.0,3.0,0.0,1221.0,0.002201479999712319,0.01109008899948094,0.012842350999562768,0.020090373000130057,39.67246792599963,-150.0,-180.0
100.0,10.0,1.0,3.0,3.0,0.0,1222.0,0.0025657609994595987,0.013376068999605195,0.010906122999585932,0.01480563500081189,39.71413037000002,-150.0,-180.0
100.0,10.0,1.0,3.0,3.0,0.0,1223.0,0.0022157330004120013,0.01114004400005797,0.0089732800006459,0.01606396099941776,39.75253276500007,-150.0,-180.0
100.0,10.0,1.0,3.0,3.0,0.0,1224.0,0.001759180000590277,0.015170485000453482,0.010106932000780944,0.014434609000090859,39.79401212599987,-150.0,-180.0
100.0,10.0,1.0,3.0,3.0,0.0,1225.0,0.0018636799995874753,0.015010056999926746,0.01046118900012516,0.0235622139998668,39.84491751099995,-150.0,-180.0
100.0,10.0,1.0,3.0,3.0,0.0,1226.0,0.0024417570002697175,0.01835516800019832,0.010086872999636398,0.013590279999334598,39.88939905999996,-150.0,-180.0
100.0,10.0,1.0,3.0,3.0,0.0,1227.0,0.0015471569995497703,0.009800146000088716,0.011308494999866525,0.014998457000729104,39.927060735999476,-150.0,-180.0
100.0,10.0,1.0,3.0,3.0,0.0,1228.0,0.0020954649999112007,0.011606674000177009,0.00872855499983416,0.01485292799952731,39.96435225999994,-150.0,-180.0
100.0,10.0,1.0,3.0,3.0,0.0,1229.0,0.0019233319999329979,0.012515675000031479,0.010849633999896469,0.016064429999460117,40.00571343399952,-150.0,-180.0
100.0,10.0,1.0,3.0,3.0,0.0,1230.0,0.002566180999565404,0.010038534000159416,0.012474817999645893,0.01517947299998923,40.0459798819993,-150.0,-180.0
100.0,10.0,1.0,3.0,3.0,0.0,1231.0,0.002271680999911041,0.014878640999995696,0.01084992600044643,0.014778808000301069,40.08881316799943,-150.0,-180.0
100.0,10.0,1.0,3.0,3.0,0.0,1232.0,0.001575592000335746,0.012293998000131978,0.00873934300034307,0.023258253999301814,40.134687574000054,-150.0,-180.0
100.0,10.0,1.0,3.0,3.0,0.0,1233.0,0.002937301999736519,0.011469774000033794,0.01044303700018645,0.018252835000566847,40.17779820099986,-150.0,-180.0
100.0,10.0,1.0,3.0,3.0,0.0,1234.0,0.003002092000315315,0.013189012000111688,0.013127594999787107,0.021369682000113244,40.22849409999981,-150.0,-180.0
100.0,10.0,1.0,3.0,3.0,0.0,1235.0,0.0024313109997819993,0.014561930000127177,0.011740865999854577,0.018182177000198863,40.275417662999644,-150.0,-180.0
100.0,10.0,1.0,3.0,3.0,0.0,1236.0,0.0014712020001752535,0.01464174600005208,0.012095461999706458,0.014031009000063932,40.317664638999304,-150.0,-180.0
100.0,10.0,1.0,3.0,3.0,0.0,1237.0,0.0030174330004228977,0.014224025999283185,0.011259680999501143,0.014993671000411268,40.36116814499928,-150.0,-180.0
100.0,10.0,1.0,3.0,3.0,0.0,1238.0,0.0023991870002646465,0.011115699000583845,0.01170794800054864,0.016559913000492088,40.4029596069995,-150.0,-180.0
100.0,10.0,1.0,3.0,3.0,0.0,1239.0,0.0033132669996120967,0.01382025499970041,0.0102785799999765,0.021233704000223952,40.45162729799995,-150.0,-180.0
100.0,10.0,1.0,3.0,3.0,0.0,1240.0,0.0016533450007045758,0.015208226000140712,0.009536164000564895,0.01987955200002034,40.49791129799996,-150.0,-180.0
100.0,10.0,1.0,3.0,3.0,0.0,1241.0,0.002616761999888695,0.02511210100055905,0.013095718999466044,0.012060508000104164,40.55080337699928,-150.0,-180.0
100.0,10.0,1.0,3.0,3.0,0.0,1242.0,0.0025127299995801877,0.011126498000521678,0.00897047400030715,0.0205311489999076,40.59395150799992,-150.0,-180.0
100.0,10.0,1.0,3.0,3.0,0.0,1243.0,0.0019692050000230665,0.012450373999854492,0.011436070999479853,0.0189058579999255,40.638721333999456,-150.0,-180.0
100.0,10.0,1.0,3.0,3.0,0.0,1244.0,0.002165103999686835,0.013377820000641805,0.011668522999570996,0.014624090999859618,40.68056500199964,-150.0,-180.0
100.0,10.0,1.0,3.0,3.0,0.0,1245.0,0.001961771999958728,0.010800166999615612,0.010755422999864095,0.02093329600029392,40.72502289199929,-150.0,-180.0
100.0,10.0,1.0,3.0,3.0,0.0,1246.0,0.001897628999358858,0.020245243000317714,0.010477446000550117,0.016440604000308667,40.774090958999295,-150.0,-180.0
100.0,10.0,1.0,3.0,3.0,0.0,1247.0,0.0021849209997526486,0.019252950999543827,0.012253391000740521,0.018141600000490143,40.82593162299963,-150.0,-180.0
100.0,10.0,1.0,3.0,3.0,0.0,1248.0,0.0025726769999891985,0.01185960100065131,0.008899698000277567,0.013604992000182392,40.86287641799936,-150.0,-180.0
100.0,10.0,1.0,3.0,3.0,0.0,1249.0,0.001494520000051125,0.014377418999174552,0.011125083000479208,0.013827666999532084,40.903707922999274,-150.0,-180.0
100.0,10.0,1.0,3.0,3.0,0.0,1250.0,0.0021049280003353488,0.01028069800031517,0.011506963000101678,0.02146600000014587,40.94907367199994,-150.0,-180.0
100.0,10.0,1.0,3.0,3.0,0.0,1251.0,0.002901681000366807,0.01960310499998741,0.010556747000009636,0.014669937999315152,40.996811979000086,-150.0,-180.0
100.0,10.0,1.0,3.0,3.0,0.0,1252.0,0.0015589759996146313,0.013871289000235265,0.010337290999814286,0.015239829999700305,41.03782706699985,-150.0,-180.0
100.0,10.0,1.0,3.0,3.0,0.0,1253.0,0.001600489999873389,0.01466200699996989,0.011141439000311948,0.012896455000372953,41.07813499599979,-150.0,-180.0
100.0,10.0,1.0,3.0,3.0,0.0,1254.0,0.002273244999742019,0.010435046000566217,0.013288353999996616,0.015911448000224482,41.12005040199983,-150.0,-180.0
100.0,10.0,1.0,3.0,3.0,0.0,1255.0,0.003509059999487363,0.012634747000447533,0.012386262999825703,0.017930173999957333,41.1665175170001,-150.0,-180.0
100.0,10.0,1.0,3.0,3.0,0.0,1256.0,0.002350695999666641,0.012694588000158546,0.009440249999897787,0.011098779999883845,41.20210956599931,-150.0,-180.0
100.0,10.0,1.0,3.0,3.0,0.0,1257.0,0.001968656999451923,0.013042797999332834,0.011624366999967606,0.024374034000175016,41.253128239000034,-150.0,-180.0
100.0,10.0,1.0,3.0,3.0,0.0,1258.0,0.010692494000068109,0.022930221000024176,0.021324411000023247,0.01849597399996128,41.3265830979999,-150.0,-180.0
100.0,10.0,1.0,3.0,3.0,0.0,1259.0,0.0024431150004602387,0.022527557999637793,0.01111664799918799,0.01837184200030606,41.381050461000086,-150.0,-180.0
100.0,10.0,1.0,3.0,3.0,0.0,1260.0,0.0024045359996307525,0.014422975999877963,0.010711790999266668,0.017368941999848175,41.425967195999874,-150.0,-180.0
100.0,10.0,1.0,3.0,3.0,0.0,1261.0,0.002611558999888075,0.012921004999952856,0.01103638999938994,0.017231114999958663,41.46977474599953,-150.0,-180.0
100.0,10.0,1.0,3.0,3.0,0.0,1262.0,0.002200416000050609,0.010445883000102185,0.009595418999197136,0.03016574400044192,41.52219008999964,-150.0,-180.0
100.0,10.0,1.0,3.0,3.0,0.0,1263.0,0.001747452999552479,0.012710641999547079,0.009778728000128467,0.014188060999913432,41.560622576999776,-150.0,-180.0
100.0,10.0,1.0,3.0,3.0,0.0,1264.0,0.0022367089995896094,0.0115873869999632,0.008916005000173755,0.020836151000366954,41.604206770999554,-150.0,-180.0
100.0,10.0,1.0,3.0,3.0,0.0,1265.0,0.002000272999794106,0.020342684999377525,0.01068137000038405,0.013134226000147464,41.65037261099951,-150.0,-180.0
100.0,10.0,1.0,3.0,3.0,0.0,1266.0,0.002878281999983301,0.01500069000030635,0.009324145999926259,0.012740948000100616,41.690323058000104,-150.0,-180.0
100.0,10.0,1.0,3.0,3.0,0.0,1267.0,0.002154177000193158,0.011770179000450298,0.011898253999788722,0.021819790999870747,41.73797246199956,-150.0,-180.0
100.0,10.0,1.0,3.0,3.0,0.0,1268.0,0.0020195560000502155,0.021195820999309944,0.013237595000646252,0.013702872000067146,41.78814884299936,-150.0,-180.0
100.0,10.0,1.0,3.0,3.0,0.0,1269.0,0.0021202059997449396,0.017113315000642615,0.011082189000262588,0.011818144000244502,41.8302900409999,-150.0,-180.0
100.0,10.0,1.0,3.0,3.0,0.0,1270.0,0.0016975490007098415,0.012938261999806855,0.010338748999856762,0.012560945999211981,41.86783287199978,-150.0,-180.0
100.0,10.0,1.0,3.0,3.0,0.0,1271.0,0.0022622349997618585,0.013583435999862559,0.013205578999986756,0.012791930000275897,41.90968443299971,-150.0,-180.0
100.0,10.0,1.0,3.0,3.0,0.0,1272.0,0.0020710010003313073,0.010094159999425756,0.008072362999882898,0.012527099999715574,41.94245829400006,-150.0,-180.0
100.0,10.0,1.0,3.0,3.0,0.0,1273.0,0.002734824000071967,0.013271146999613848,0.0103356330000679,0.013556934999542136,41.98236422899936,-150.0,-180.0
100.0,10.0,1.0,3.0,3.0,0.0,1274.0,0.0016876280005817534,0.019927663000089524,0.010334429000067757,0.015413961999911407,42.02973468699929,-150.0,-180.0
100.0,10.0,1.0,3.0,3.0,0.0,1275.0,0.0020186379997539916,0.011013470000762027,0.009756947000823857,0.0191331040005025,42.0716644690001,-150.0,-180.0
100.0,10.0,1.0,3.0,3.0,0.0,1276.0,0.001888296000288392,0.013169824999749835,0.009621232999961649,0.015000125000369735,42.11135126799945,-150.0,-180.0
100.0,10.0,1.0,3.0,3.0,0.0,1277.0,0.0023220579996632296,0.014552274999914516,0.011985473999629903,0.020305353999901854,42.160523818,-150.0,-180.0
100.0,10.0,1.0,3.0,3.0,0.0,1278.0,0.0016355830002794391,0.012215894000291883,0.0132396510007311,0.015930679000121017,42.20355307599948,-150.0,-180.0
100.0,10.0,1.0,3.0,3.0,0.0,1279.0,0.0022428360007324954,0.016495285000019067,0.014185169000484166,0.016847863999828405,42.25333145799959,-150.0,-180.0
100.0,10.0,1.0,3.0,3.0,0.0,1280.0,0.0018045500000880565,0.02033058799952414,0.012554035999528423,0.01306857100007619,42.30109621599968,-150.0,-180.0
100.0,10.0,1.0,3.0,3.0,0.0,1281.0,0.0015960660002747318,0.014373426999554795,0.01208317700002226,0.014947267000025022,42.34410358099922,-150.0,-180.0
100.0,10.0,1.0,3.0,3.0,0.0,1282.0,0.0027005350002582418,0.01365271099984966,0.010579634999885457,0.017576428000211308,42.38862052500008,-150.0,-180.0
100.0,10.0,1.0,3.0,3.0,0.0,1283.0,0.0023882770001364406,0.014872267000100692,0.010621795000588463,0.01507657999991352,42.431587594999655,-150.0,-180.0
100.0,10.0,1.0,3.0,3.0,0.0,1284.0,0.0025117889999819454,0.013941332000285911,0.010556353000538365,0.013091812999846297,42.47173732899955,-150.0,-180.0
100.0,10.0,1.0,3.0,3.0,0.0,1285.0,0.0015436130006492021,0.012267840999811597,0.012330452999776753,0.020333704999757174,42.51821918799942,-150.0,-180.0
100.0,10.0,1.0,3.0,3.0,0.0,1286.0,0.0028723030000037397,0.012976236000213248,0.01145512899984169,0.02734311299991532,42.57287249099954,-150.0,-180.0
100.0,10.0,1.0,3.0,3.0,0.0,1287.0,0.0018168679998780135,0.018876123999689298,0.011715560999618901,0.012206985000375425,42.61749413300004,-150.0,-180.0
100.0,10.0,1.0,3.0,3.0,0.0,1288.0,0.0021248029997877893,0.012016245999802777,0.009188140999867755,0.02042775899917615,42.6612581849995,-150.0,-180.0
100.0,10.0,1.0,3.0,3.0,0.0,1289.0,0.0016525909995834809,0.011524668000674865,0.010865006000130961,0.015864577999309404,42.701172072999725,-150.0,-180.0
100.0,10.0,1.0,3.0,3.0,0.0,1290.0,0.002419973000542086,0.012044629000229179,0.011663118999422295,0.016278596999654837,42.743585503999384,-150.0,-180.0
100.0,10.0,1.0,3.0,3.0,0.0,1291.0,0.002061930999843753,0.012739157000396517,0.00970140800018271,0.014273689999754424,42.78236942999956,-150.0,-180.0
100.0,10.0,1.0,3.0,3.0,0.0,1292.0,0.0027362730006643687,0.013829573000293749,0.011751787999855878,0.0122603709996838,42.82295424499989,-150.0,-180.0
100.0,10.0,1.0,3.0,3.0,0.0,1293.0,0.0018462489997546072,0.009967944999516476,0.00898465699992812,0.01178794800034666,42.85554860499997,-150.0,-180.0
100.0,10.0,1.0,3.0,3.0,0.0,1294.0,0.0016073319993665791,0.012654975000259583,0.009565846000441525,0.011927610000384448,42.891312176999236,-150.0,-180.0
100.0,10.0,1.0,3.0,3.0,0.0,1295.0,0.0014051009993636399,0.014817401000073005,0.01142112600064138,0.022370657000465144,42.941333840999505,-150.0,-180.0
100.0,10.0,1.0,3.0,3.0,0.0,1296.0,0.002076297000712657,0.01884821500061662,0.012043360999996366,0.016736616999878606,42.991045342999314,-150.0,-180.0
100.0,10.0,1.0,3.0,3.0,0.0,1297.0,0.0018394030003037187,0.0194129219999013,0.012011365999569534,0.012130337999224139,43.03644738599996,-150.0,-180.0
100.0,10.0,1.0,3.0,3.0,0.0,1298.0,0.002044804999968619,0.014279651000833837,0.009989367000343918,0.012926973000503494,43.07569717599927,-150.0,-180.0
100.0,10.0,1.0,3.0,3.0,0.0,1299.0,0.0022749010004190495,0.010338020000745018,0.010083360999487923,0.016676426000231004,43.11507865799922,-150.0,-180.0
100.0,10.0,1.0,3.0,3.0,0.0,1300.0,0.002166471999771602,0.012198110000099405,0.010644181000316166,0.013444115999845963,43.153538063999804,-150.0,-180.0
100.0,10.0,1.0,3.0,3.0,0.0,1301.0,0.001961878000656725,0.014105145000030461,0.008940462000282423,0.02097245799996017,43.199525058999825,-150.0,-180.0
100.0,10.0,1.0,3.0,3.0,0.0,1302.0,0.0019190430002709036,0.019130673999825376,0.009918777000166301,0.013023172999965027,43.24352418299986,-150.0,-180.0
100.0,10.0,1.0,3.0,3.0,0.0,1303.0,0.00256545400043251,0.010166359999857377,0.01026124100008019,0.023048637000101735,43.28957267699934,-150.0,-180.0
100.0,10.0,1.0,3.0,3.0,0.0,1304.0,0.002045107999947504,0.013565242999902694,0.009878163000394125,0.01193375200000446,43.327002536999316,-150.0,-180.0
100.0,10.0,1.0,3.0,3.0,0.0,1305.0,0.0018356710006628418,0.01115128099991125,0.009747416999744019,0.019180458000846556,43.36892449900006,-150.0,-180.0
100.0,10.0,1.0,3.0,3.0,0.0,1306.0,0.002063945999907446,0.009817778000069666,0.011721055000634806,0.015377964000435895,43.407912453999415,-150.0,-180.0
100.0,10.0,1.0,3.0,3.0,0.0,1307.0,0.004855134000536054,0.01238486600050237,0.013163448000341305,0.016682026999660593,43.45500590699976,-150.0,-170.0
100.0,10.0,1.0,3.0,3.0,0.0,1308.0,0.0021970110001348075,0.012295976000132214,0.011214537999876484,0.013086965999718814,43.493808190999516,-150.0,-170.0
100.0,10.0,1.0,3.0,3.0,0.0,1309.0,0.0021204739996392163,0.0094423270002153,0.011032557999897108,0.014366152000548027,43.53077718499935,-150.0,-170.0
100.0,10.0,1.0,3.0,3.0,0.0,1310.0,0.003660932000457251,0.01210129599985521,0.012923960000080115,0.015423880000525969,43.574894760999996,-150.0,-170.0
100.0,10.0,1.0,3.0,3.0,0.0,1311.0,0.002000772999963374,0.013306894000379543,0.010901786999966134,0.014441874999647553,43.61555366599987,-150.0,-170.0
100.0,10.0,1.0,3.0,3.0,0.0,1312.0,0.0019228099999963888,0.010976174999996147,0.010019405000093684,0.01526620599997841,43.653745268999955,-150.0,-170.0
100.0,10.0,1.0,3.0,3.0,0.0,1313.0,0.0017600829996808898,0.012231656999574625,0.011731212999620766,0.015031388000352308,43.69450688100005,-150.0,-170.0
100.0,10.0,1.0,3.0,3.0,0.0,1314.0,0.002759078000053705,0.01046506600050634,0.010988582000209135,0.017373143999975582,43.736100090000036,-150.0,-170.0
100.0,10.0,1.0,3.0,3.0,0.0,1315.0,0.002049236999482673,0.012908429999697546,0.01103571500061662,0.021761572000286833,43.783862743999634,-150.0,-170.0
100.0,10.0,1.0,3.0,3.0,0.0,1316.0,0.0019933860003220616,0.01173850799932552,0.010842415999832156,0.015649467999537592,43.82409562799967,-150.0,-170.0
100.0,10.0,1.0,3.0,3.0,0.0,1317.0,0.0022997639998720842,0.013926286000241817,0.008786508999946818,0.015753024999867193,43.86486778899962,-150.0,-170.0
100.0,10.0,1.0,3.0,3.0,0.0,1318.0,0.0026656630006982596,0.01072374200066406,0.012570083000355226,0.017454931000429497,43.908288833999904,-150.0,-170.0
100.0,10.0,1.0,3.0,3.0,0.0,1319.0,0.0019990390001112246,0.011303119000331208,0.010879682999984652,0.01653135500055214,43.94900917599989,-150.0,-170.0
100.0,10.0,1.0,3.0,3.0,0.0,1320.0,0.0026138969997191452,0.013091583999994327,0.010517780000554922,0.021757077000074787,43.99699661499926,-150.0,-170.0
100.0,10.0,1.0,3.0,3.0,0.0,1321.0,0.0026165259996560053,0.013302143999680993,0.011027480999473482,0.022182526000506186,44.04613253499974,-150.0,-170.0
100.0,10.0,1.0,3.0,3.0,0.0,1322.0,0.0020700550003311946,0.020242724000127055,0.010368527000537142,0.016992113000014797,44.09581383099976,-150.0,-170.0
100.0,10.0,1.0,3.0,3.0,0.0,1323.0,0.002516792999813333,0.014731553999808966,0.012444211000001815,0.017723550000482646,44.14323766899997,-150.0,-170.0
100.0,10.0,1.0,3.0,3.0,0.0,1324.0,0.0018611810000948026,0.01054106799983856,0.011355061999893223,0.015919866999865917,44.18292174199996,-150.0,-170.0
100.0,10.0,1.0,3.0,3.0,0.0,1325.0,0.0022631869996985188,0.011943315000280563,0.009392496000145911,0.01892904099986481,44.225457240999276,-150.0,-170.0
100.0,10.0,1.0,3.0,3.0,0.0,1326.0,0.0019411560006119544,0.014292861000285484,0.011621417999776895,0.015627608999238873,44.26894727999934,-150.0,-170.0
100.0,10.0,1.0,3.0,3.0,0.0,1327.0,0.0020378720000735484,0.013063751999652595,0.010960353999507788,0.01975506899998436,44.31478495800002,-150.0,-170.0
100.0,10.0,1.0,3.0,3.0,0.0,1328.0,0.002341485999750148,0.012775554000654665,0.01012765900031809,0.013657815999977174,44.3536962219996,-150.0,-170.0
100.0,10.0,1.0,3.0,3.0,0.0,1329.0,0.0022420810000767233,0.013158484999621578,0.010787971999889123,0.016271199999209784,44.39616432799994,-150.0,-170.0
100.0,10.0,1.0,3.0,3.0,0.0,1330.0,0.0023596860000907327,0.012908953999613004,0.01053837899962673,0.029819276000125683,44.451797463999355,-150.0,-170.0
100.0,10.0,1.0,3.0,3.0,0.0,1331.0,0.0026777080001920694,0.014624706000176957,0.010827054000401404,0.015023162000034063,44.494957670000076,-150.0,-170.0
100.0,10.0,1.0,3.0,3.0,0.0,1332.0,0.002509873999770207,0.015212643999802822,0.0121820000003936,0.01913580800010095,44.5440064229997,-150.0,-170.0
100.0,10.0,1.0,3.0,3.0,0.0,1333.0,0.0014848009996057954,0.010943799999949988,0.009868571999504638,0.0233951000000161,44.58970633499939,-150.0,-170.0
100.0,10.0,1.0,3.0,3.0,0.0,1334.0,0.0021176149994062143,0.012961892999555857,0.011005231000126514,0.01384994000000006,44.629648084999644,-150.0,-170.0
100.0,10.0,1.0,3.0,3.0,0.0,1335.0,0.0024484199993821676,0.010952100999929826,0.010521524999603571,0.01247011699979339,44.66604749399994,-150.0,-170.0
100.0,10.0,1.0,3.0,3.0,0.0,1336.0,0.0015861520005273633,0.011815071999990323,0.01155055000072025,0.015901230000054056,44.70690834800007,-150.0,-170.0
100.0,10.0,1.0,3.0,3.0,0.0,1337.0,0.001960116000191192,0.012656664000132878,0.010906935999628331,0.018596994999825256,44.75103639600002,-150.0,-170.0
100.0,10.0,1.0,3.0,3.0,0.0,1338.0,0.002578516000539821,0.017148945000371896,0.01012831699972594,0.014857787000437384,44.79575698200006,-150.0,-170.0
100.0,10.0,1.0,3.0,3.0,0.0,1339.0,0.0024142400006894604,0.013155026999811525,0.011023949999980687,0.01708347300063906,44.839441451999846,-150.0,-170.0
100.0,10.0,1.0,3.0,3.0,0.0,1340.0,0.001999144999899727,0.01323314500041306,0.010624671000186936,0.013626557999486977,44.87893242999962,-150.0,-170.0
100.0,10.0,1.0,3.0,3.0,0.0,1341.0,0.0019070759999522124,0.011746483000024455,0.009701895999569388,0.02246858299986343,44.924763809999604,-150.0,-170.0
100.0,10.0,1.0,3.0,3.0,0.0,1342.0,0.002210480999565334,0.013742154999818013,0.010527458999604278,0.01700300300035451,44.968254950999835,-150.0,-170.0
100.0,10.0,1.0,3.0,3.0,0.0,1343.0,0.0024146229998223134,0.010975989000144182,0.008876527000211354,0.018862106999222306,45.009391793999384,-150.0,-170.0
100.0,10.0,1.0,3.0,3.0,0.0,1344.0,0.002689040999939607,0.011691013000017847,0.01223305299936328,0.012472327999603294,45.04848477699943,-150.0,-170.0
100.0,10.0,1.0,3.0,3.0,0.0,1345.0,0.00267135300055088,0.011562016999960179,0.01194813000074646,0.02272345600067638,45.09739671099942,-150.0,-170.0
100.0,10.0,1.0,3.0,3.0,0.0,1346.0,0.002351866000026348,0.019591036000747408,0.012906709999697341,0.019452157999694464,45.15170501800003,-150.0,-170.0
100.0,10.0,1.0,3.0,3.0,0.0,1347.0,0.0022820160002083867,0.01109670699952403,0.010337654000068142,0.025939893999748165,45.2013736429999,-150.0,-170.0
100.0,10.0,1.0,3.0,3.0,0.0,1348.0,0.0029055340000923024,0.019172407000041858,0.010384960000010324,0.013091779999740538,45.246964685999956,-150.0,-170.0
100.0,10.0,1.0,3.0,3.0,0.0,1349.0,0.001893769999696815,0.010895474000790273,0.009078342999600864,0.017265335000047344,45.28610564700011,-150.0,-170.0
100.0,10.0,1.0,3.0,3.0,0.0,1350.0,0.002716555999541015,0.009702487000140536,0.01042678299927502,0.014401512000404182,45.32336107399988,-150.0,-170.0
100.0,10.0,1.0,3.0,3.0,0.0,1351.0,0.0013054199998805416,0.012519877999693563,0.010454872000082105,0.017505368999991333,45.36515397899984,-150.0,-170.0
100.0,10.0,1.0,3.0,3.0,0.0,1352.0,0.0027288530000078026,0.013746857000114687,0.010556208999332739,0.016964441000709485,45.40915804699944,-150.0,-170.0
100.0,10.0,1.0,3.0,3.0,0.0,1353.0,0.001986481999665557,0.013257848000648664,0.011977258000115398,0.027391915000407607,45.46378193500004,-150.0,-170.0
100.0,10.0,1.0,3.0,3.0,0.0,1354.0,0.0030349030002980726,0.01941402700049366,0.012549753000712371,0.012543183000161662,45.511330842999996,-150.0,-170.0
100.0,10.0,1.0,3.0,3.0,0.0,1355.0,0.0023801699999239645,0.012185861000034492,0.010035743999651459,0.016753156000049785,45.55269366399989,-150.0,-170.0
100.0,10.0,1.0,3.0,3.0,0.0,1356.0,0.0018819770002664882,0.013639830000101938,0.011388632000489451,0.019888136999725248,45.59949927699927,-150.0,-170.0
100.0,10.0,1.0,3.0,3.0,0.0,1357.0,0.0014851270007056883,0.01269230200068705,0.009814644000471162,0.014225850999537215,45.63772430499921,-150.0,-170.0
100.0,10.0,1.0,3.0,3.0,0.0,1358.0,0.0020467349995669792,0.012578044999827398,0.009881799000140745,0.014713328000652837,45.676951964999716,-150.0,-170.0
100.0,10.0,1.0,3.0,3.0,0.0,1359.0,0.00270102800004679,0.012894261999463197,0.011391942999580351,0.015199210999526258,45.719145223999476,-150.0,-170.0
100.0,10.0,1.0,3.0,3.0,0.0,1360.0,0.0020885349995296565,0.01393332800034841,0.009954889000255207,0.01881428400065488,45.76394347199948,-150.0,-170.0
100.0,10.0,1.0,3.0,3.0,0.0,1361.0,0.0026720900004875148,0.013770892000138701,0.01045239099948958,0.01985100100046111,45.81069716899947,-150.0,-170.0
100.0,10.0,1.0,3.0,3.0,0.0,1362.0,0.002319918000466714,0.01100065800073935,0.010636701000294124,0.02595285999996122,45.86061436,-150.0,-170.0
100.0,10.0,1.0,3.0,3.0,0.0,1363.0,0.0016207689996008412,0.018592974999592116,0.012171320000561536,0.01412860699929297,45.90713484299977,-150.0,-170.0
100.0,10.0,1.0,3.0,3.0,0.0,1364.0,0.001943060000485275,0.010230235999188153,0.012130361999879824,0.01513450400034344,45.94658030099981,-150.0,-170.0
100.0,10.0,1.0,3.0,3.0,0.0,1365.0,0.002207486999395769,0.012850367999817536,0.012106309999580844,0.019582916000217665,45.99333476499942,-150.0,-170.0
100.0,10.0,1.0,3.0,3.0,0.0,1366.0,0.0022360990005836356,0.01323524399958842,0.009521586000118987,0.033511992000057944,46.051847447,-150.0,-170.0
100.0,10.0,1.0,3.0,3.0,0.0,1367.0,0.002700068000194733,0.011494342000332836,0.01249050500064186,0.028155162999610184,46.10669478799991,-150.0,-170.0
100.0,10.0,1.0,3.0,3.0,0.0,1368.0,0.0020324289998825407,0.01837989999967249,0.013666616000591603,0.01605979599935381,46.15684039200005,-150.0,-170.0
100.0,10.0,1.0,3.0,3.0,0.0,1369.0,0.001896599000247079,0.01216943000054016,0.012040791999424982,0.02619802399931359,46.20915213199987,-150.0,-170.0
100.0,10.0,1.0,3.0,3.0,0.0,1370.0,0.0020866859995294362,0.01340075100051763,0.011424882000028447,0.022609728999668732,46.2586814870001,-150.0,-170.0
100.0,10.0,1.0,3.0,3.0,0.0,1371.0,0.002969087000565196,0.01176663499973074,0.011695844999849214,0.015823592999367975,46.300944363999406,-150.0,-170.0
100.0,10.0,1.0,3.0,3.0,0.0,1372.0,0.002324502999726974,0.012929084999996121,0.009670999999798369,0.014089577999584435,46.33996540099997,-150.0,-170.0
100.0,10.0,1.0,3.0,3.0,0.0,1373.0,0.002725776999795926,0.015109307999409793,0.012564499000291107,0.015770137000799878,46.38614244599921,-150.0,-170.0
100.0,10.0,1.0,3.0,3.0,0.0,1374.0,0.0022939870004847762,0.011908301999937976,0.008657392000714026,0.01363048900020658,46.42264005499965,-150.0,-170.0
100.0,10.0,1.0,3.0,3.0,0.0,1375.0,0.0027625309994618874,0.012675160000071628,0.011219031999644358,0.017398739999407553,46.46670425499997,-150.0,-170.0
100.0,10.0,1.0,3.0,3.0,0.0,1376.0,0.0022416329993575346,0.012766525999722944,0.009793980999347696,0.01592766399971879,46.50744182299968,-150.0,-170.0
100.0,10.0,1.0,3.0,3.0,0.0,1377.0,0.0019132299994453206,0.013562877999902412,0.009852311000031477,0.03009326699975645,46.562870505999854,-150.0,-170.0
100.0,10.0,1.0,3.0,3.0,0.0,1378.0,0.0022664420002911356,0.019626704000074824,0.013713143000131822,0.014728942999681749,46.61321237299944,-150.0,-170.0
100.0,10.0,1.0,3.0,3.0,0.0,1379.0,0.0023381959999824176,0.014601973000026192,0.009478854999542818,0.016578637999373314,46.65621706000002,-150.0,-170.0
100.0,10.0,1.0,3.0,3.0,0.0,1380.0,0.0014962770001147874,0.011887218000083521,0.011961021999923105,0.018718926000474312,46.70028753399947,-150.0,-170.0
100.0,10.0,1.0,3.0,3.0,0.0,1381.0,0.0022404350002034334,0.01316602899987629,0.01033743600055459,0.012301316000048246,46.738339941999584,-150.0,-170.0
100.0,10.0,1.0,3.0,3.0,0.0,1382.0,0.002221996000116633,0.010618710999551695,0.009444258000257832,0.030587537999963388,46.79121913600011,-150.0,-170.0
100.0,10.0,1.0,3.0,3.0,0.0,1383.0,0.002578085000095598,0.010014024000156496,0.010053317000711104,0.0320748479998656,46.845946709999225,-150.0,-170.0
100.0,10.0,1.0,3.0,3.0,0.0,1384.0,0.002093769000566681,0.01811916899987409,0.009250311999494443,0.014418436000596557,46.88986496100006,-150.0,-170.0
100.0,10.0,1.0,3.0,3.0,0.0,1385.0,0.002781846999823756,0.013147961999493418,0.008387795999624359,0.015890796999883605,46.93008013599956,-150.0,-170.0
100.0,10.0,1.0,3.0,3.0,0.0,1386.0,0.0025491249998594867,0.013865833000636485,0.011627936999502708,0.018186162999882072,46.9763160779994,-150.0,-170.0
100.0,10.0,1.0,3.0,3.0,0.0,1387.0,0.001992504000554618,0.01113853399965592,0.011130791000141471,0.016534086000319803,47.01711865800007,-150.0,-170.0
100.0,10.0,1.0,3.0,3.0,0.0,1388.0,0.0015218239996102056,0.010877741000513197,0.010039110999969125,0.020831920999626163,47.06039720099943,-150.0,-170.0
100.0,10.0,1.0,3.0,3.0,0.0,1389.0,0.0022587179992115125,0.0116149100003895,0.012599843000316469,0.01506473300014477,47.101943945999665,-150.0,-170.0
100.0,10.0,1.0,3.0,3.0,0.0,1390.0,0.0020741020007335464,0.01430763799999113,0.01303263599947968,0.01322450200041203,47.144589629999246,-150.0,-170.0
100.0,10.0,1.0,3.0,3.0,0.0,1391.0,0.0018161660000259872,0.014141816999654111,0.009386359000018274,0.016623384999547852,47.186564610999994,-150.0,-170.0
100.0,10.0,1.0,3.0,3.0,0.0,1392.0,0.0032149720000234083,0.010030012999777682,0.01126679399931163,0.029294826999830548,47.24037827099983,-150.0,-170.0
100.0,10.0,1.0,3.0,3.0,0.0,1393.0,0.0026462659998287563,0.013440153999908944,0.012240856000062195,0.029853504999664437,47.29856640299931,-150.0,-170.0
100.0,10.0,1.0,3.0,3.0,0.0,1394.0,0.0018287420007254696,0.01177545199971064,0.010908878999543958,0.012061878999702458,47.33514820799974,-150.0,-170.0
100.0,10.0,1.0,3.0,3.0,0.0,1395.0,0.0015401489999931073,0.01155880700025591,0.008605392999925243,0.013614142999358592,47.37047392599925,-150.0,-170.0
100.0,10.0,1.0,3.0,3.0,0.0,1396.0,0.0018314910003027762,0.013521312999728252,0.011122920000161685,0.01878947299974243,47.41574618499999,-150.0,-170.0
100.0,10.0,1.0,3.0,3.0,0.0,1397.0,0.00257405899992591,0.012560512999698403,0.011749096000130521,0.015584235999995144,47.45822141699955,-150.0,-170.0
100.0,10.0,1.0,3.0,3.0,0.0,1398.0,0.0018788110000969027,0.012466175000554358,0.009533057000226108,0.01375915399967198,47.49586595499932,-150.0,-170.0
100.0,10.0,1.0,3.0,3.0,0.0,1399.0,0.0025293890003013075,0.014040202000614954,0.012285655000596307,0.0173303389992725,47.542058184999405,-150.0,-170.0
100.0,10.0,1.0,3.0,3.0,0.0,1400.0,0.0015022420002424042,0.012878270000328484,0.011309426000480016,0.0156771359997947,47.583432530999744,-150.0,-170.0
100.0,10.0,1.0,3.0,3.0,0.0,1401.0,0.0016871730003913399,0.013064427999779582,0.010579573000541131,0.01180143900000985,47.62057311799981,-150.0,-170.0
100.0,10.0,1.0,3.0,3.0,0.0,1402.0,0.001975137000044924,0.016007740000532067,0.00971463399946515,0.02045721800004685,47.668734908999795,-150.0,-170.0
100.0,10.0,1.0,3.0,3.0,0.0,1403.0,0.0023473849996662466,0.018741792999207973,0.011191016999873682,0.015806775999408273,47.71682839799996,-150.0,-170.0
100.0,10.0,1.0,3.0,3.0,0.0,1404.0,0.002206223999564827,0.011411953999413527,0.010811812000611098,0.01857378300064738,47.75983997000003,-150.0,-170.0
100.0,10.0,1.0,3.0,3.0,0.0,1405.0,0.0017484740001236787,0.011792358000093373,0.009745571999701497,0.02324867299921607,47.80638194599942,-150.0,-170.0
100.0,10.0,1.0,3.0,3.0,0.0,1406.0,0.002582684000117297,0.011612433000664169,0.010901508999268117,0.01640968999981851,47.84791098200003,-150.0,-170.0
100.0,10.0,1.0,3.0,3.0,0.0,1407.0,0.002945303000160493,0.013826714000060747,0.009896566999486822,0.015552376999949047,47.89013835300011,-150.0,-170.0
100.0,10.0,1.0,3.0,3.0,0.0,1408.0,0.002389354000115418,0.013168640000003506,0.009718688000248221,0.025058414000341145,47.94047997399957,-150.0,-170.0
100.0,10.0,1.0,3.0,3.0,0.0,1409.0,0.001755631999913021,0.012432507999619702,0.011963054000261764,0.01733942200007732,47.983977442999276,-150.0,-170.0
100.0,10.0,1.0,3.0,3.0,0.0,1410.0,0.0029618400003528222,0.01820986099937727,0.01094810199992935,0.01846354200006317,48.03456770699995,-150.0,-170.0
100.0,10.0,1.0,3.0,3.0,0.0,1411.0,0.0023692389995630947,0.015756096000586695,0.009034443000018655,0.016477047000080347,48.07821248599976,-150.0,-170.0
100.0,10.0,1.0,3.0,3.0,0.0,1412.0,0.0013916139996581478,0.01379829300003621,0.009885638000014296,0.023429226000189374,48.126725170999634,-150.0,-170.0
100.0,10.0,1.0,3.0,3.0,0.0,1413.0,0.002274852000482497,0.018496503999813285,0.01137209399985295,0.029143034999833617,48.18801896399964,-150.0,-170.0
100.0,10.0,1.0,3.0,3.0,0.0,1414.0,0.0031263189994206186,0.01048442299997987,0.009936812999512767,0.015601266999510699,48.22717469100007,-150.0,-170.0
100.0,10.0,1.0,3.0,3.0,0.0,1415.0,0.0020171739997749683,0.01093711399971653,0.01216362100058177,0.014942195000003267,48.26724450199981,-150.0,-170.0
100.0,10.0,1.0,3.0,3.0,0.0,1416.0,0.0016685990003679763,0.014890479999849049,0.011645190000308503,0.021336860000701563,48.31679299299958,-150.0,-170.0
100.0,10.0,1.0,3.0,3.0,0.0,1417.0,0.0032078889998956583,0.013729639999837673,0.010909286000241991,0.021619832000396855,48.36626752599932,-150.0,-170.0
100.0,10.0,1.0,3.0,3.0,0.0,1418.0,0.0017441619993405766,0.013147127000593173,0.012810457000341557,0.02133097599926259,48.415309362999324,-150.0,-170.0
100.0,10.0,1.0,3.0,3.0,0.0,1419.0,0.001967503000741999,0.012645061000512214,0.011759060000258614,0.018654591999620607,48.4603430369998,-150.0,-170.0
100.0,10.0,1.0,3.0,3.0,0.0,1420.0,0.0022715550003340468,0.01220471099986753,0.010313666000001831,0.017060855000636366,48.502200717999585,-150.0,-170.0
100.0,10.0,1.0,3.0,3.0,0.0,1421.0,0.0021681170001102146,0.011305481000817963,0.011881229999744392,0.015345648999755213,48.54290820099959,-150.0,-170.0
100.0,10.0,1.0,3.0,3.0,0.0,1422.0,0.0018379430002823938,0.01103735900051106,0.011038216000088141,0.01603197700023884,48.582860802999676,-150.0,-170.0
100.0,10.0,1.0,3.0,3.0,0.0,1423.0,0.0013955039994471008,0.013440668999464833,0.010158555000089109,0.025141528999483853,48.63300433099994,-150.0,-170.0
100.0,10.0,1.0,3.0,3.0,0.0,1424.0,0.002408733999800461,0.012205125999571464,0.010061275000225578,0.015687009999965085,48.67337310699986,-150.0,-170.0
100.0,10.0,1.0,3.0,3.0,0.0,1425.0,0.0028097539998270804,0.014759351999600767,0.011414599999625352,0.021775485000034678,48.72413944499931,-150.0,-170.0
100.0,10.0,1.0,3.0,3.0,0.0,1426.0,0.0018006589998549316,0.019096691999948234,0.011484795999422204,0.023164930999882927,48.779692952000005,-150.0,-170.0
100.0,10.0,1.0,3.0,3.0,0.0,1427.0,0.0020668309998654877,0.016295866999826103,0.010623524000038742,0.014976139999816951,48.823663549999765,-150.0,-170.0
100.0,10.0,1.0,3.0,3.0,0.0,1428.0,0.0020890189998681308,0.009679234000032011,0.01126172400017822,0.01651456000035978,48.86321581199991,-150.0,-170.0
100.0,10.0,1.0,3.0,3.0,0.0,1429.0,0.00141066700052761,0.01239165500010131,0.011216238000088197,0.01572503700026573,48.903966678999495,-150.0,-170.0
100.0,10.0,1.0,3.0,3.0,0.0,1430.0,0.002113768000526761,0.010112370999195264,0.011095939000369981,0.01356486899931042,48.94086026599962,-150.0,-170.0
100.0,10.0,1.0,3.0,3.0,0.0,1431.0,0.0015877840005487087,0.011725644999387441,0.011314441000649822,0.017695628999717883,48.98319051599992,-150.0,-170.0
100.0,10.0,1.0,3.0,3.0,0.0,1432.0,0.002965389999189938,0.011914855999748397,0.010090617999594542,0.015616132999639376,49.02378462499928,-150.0,-170.0
100.0,10.0,1.0,3.0,3.0,0.0,1433.0,0.0020438089995877817,0.01242246400033764,0.01014997200036305,0.02114720099962142,49.06956329999957,-150.0,-170.0
100.0,10.0,1.0,3.0,3.0,0.0,1434.0,0.0019672739999805344,0.0196621339991907,0.010529152000344766,0.01604835499983892,49.117777306999415,-150.0,-170.0
100.0,10.0,1.0,3.0,3.0,0.0,1435.0,0.004327174999161798,0.013679425000191259,0.01054986100007227,0.015894789999947534,49.16223616699972,-150.0,-170.0
100.0,10.0,1.0,3.0,3.0,0.0,1436.0,0.0023405609999826993,0.013142204000359925,0.010462399999596528,0.021823963999850093,49.21001264000006,-150.0,-170.0
100.0,10.0,1.0,3.0,3.0,0.0,1437.0,0.002098316000228806,0.01852235699971061,0.01151359399955254,0.01167361100033304,49.25382702099978,-150.0,-170.0
100.0,10.0,1.0,3.0,3.0,0.0,1438.0,0.0026267849998475867,0.01372588599951996,0.009543708999444789,0.014854205000119691,49.294584427999325,-150.0,-170.0
100.0,10.0,1.0,3.0,3.0,0.0,1439.0,0.0024008990003494546,0.010789474999910453,0.00977664200036088,0.016738227999667288,49.3342971839993,-150.0,-170.0
100.0,10.0,1.0,3.0,3.0,0.0,1440.0,0.002195130000473,0.014069476000258874,0.009782609000467346,0.02486748799947236,49.38521888099967,-150.0,-170.0
100.0,10.0,1.0,3.0,3.0,0.0,1441.0,0.002115287999913562,0.01889992899941717,0.011691878999954497,0.018384176999461488,49.43631851699956,-150.0,-170.0
100.0,10.0,1.0,3.0,3.0,0.0,1442.0,0.0019087209993813303,0.013379230999817082,0.010030955999354774,0.014915923999978986,49.47656239599928,-150.0,-170.0
100.0,10.0,1.0,3.0,3.0,0.0,1443.0,0.0020780550003109965,0.010655549000148312,0.0107553560001179,0.015109224000298127,49.515168201999586,-150.0,-170.0
100.0,10.0,1.0,3.0,3.0,0.0,1444.0,0.0019296310001664096,0.013154774000213365,0.010638873999596399,0.022404156000447983,49.56330255499961,-150.0,-170.0
100.0,10.0,1.0,3.0,3.0,0.0,1445.0,0.0027204639991396107,0.012848440999732702,0.010503906999474566,0.015784035000251606,49.605167104999964,-150.0,-170.0
100.0,10.0,1.0,3.0,3.0,0.0,1446.0,0.0020161430002190173,0.013364462000026833,0.010195683999882021,0.015370770000117773,49.64612234099968,-150.0,-170.0
100.0,10.0,1.0,3.0,3.0,0.0,1447.0,0.0024072169999271864,0.01404379500036157,0.010889391999626241,0.019265046999862534,49.69273501799944,-150.0,-170.0
100.0,10.0,1.0,3.0,3.0,0.0,1448.0,0.002265613000417943,0.011482640000394895,0.01182848699954775,0.030921309000405017,49.74924070099951,-150.0,-170.0
100.0,10.0,1.0,3.0,3.0,0.0,1449.0,0.002076673000374285,0.018139591000362998,0.01223283099989203,0.016661594000652258,49.798358044999986,-150.0,-170.0
100.0,10.0,1.0,3.0,3.0,0.0,1450.0,0.002717129999837198,0.0130821239999932,0.010251190999952087,0.017361426000206848,49.841776944999765,-150.0,-170.0
100.0,10.0,1.0,3.0,3.0,0.0,1451.0,0.0019093420005447115,0.01007161800043832,0.008589756999754172,0.016726004999327415,49.87908023199998,-150.0,-170.0
100.0,10.0,1.0,3.0,3.0,0.0,1452.0,0.00247616399974504,0.013267979999909585,0.009561742000187223,0.023353714999757358,49.927746528999705,-150.0,-170.0
100.0,10.0,1.0,3.0,3.0,0.0,1453.0,0.002544934000070498,0.013147679999747197,0.011354238000421901,0.016264213999420463,49.97106453699962,-150.0,-170.0
100.0,10.0,1.0,3.0,3.0,0.0,1454.0,0.0021862650000912254,0.013416621999567724,0.011563340000066091,0.015512836000198149,50.01375062199986,-150.0,-170.0
100.0,10.0,1.0,3.0,3.0,0.0,1455.0,0.001809915999729128,0.011152658000355586,0.008867442000337178,0.013476756999807549,50.049065067999436,-150.0,-170.0
100.0,10.0,1.0,3.0,3.0,0.0,1456.0,0.002088178000121843,0.00973870799953147,0.010327904000405397,0.011764480999772786,50.08302228100001,-150.0,-170.0
100.0,10.0,1.0,3.0,3.0,0.0,1457.0,0.002428484000120079,0.012264134000361082,0.012432750999323616,0.019308029000058013,50.129462545000024,-150.0,-170.0
100.0,10.0,1.0,3.0,3.0,0.0,1458.0,0.0022542879996763077,0.012161439000010432,0.010566572999778145,0.01350580800044554,50.16795895499945,-150.0,-170.0
100.0,10.0,1.0,3.0,3.0,0.0,1459.0,0.0021689159993911744,0.013058557000476867,0.010521963999963191,0.01411104900034843,50.20782571699965,-150.0,-170.0
100.0,10.0,1.0,3.0,3.0,0.0,1460.0,0.0019965459996456048,0.013384813999437029,0.010582672000055027,0.018573440000182018,50.25237003699931,-150.0,-170.0
100.0,10.0,1.0,3.0,3.0,0.0,1461.0,0.0027547179997782223,0.013871619999918039,0.009983702999306843,0.023153647000071942,50.302141016999485,-150.0,-170.0
100.0,10.0,1.0,3.0,3.0,0.0,1462.0,0.0030191630003173486,0.011220867000702128,0.010708816000260413,0.018698036999921896,50.34579544099961,-150.0,-170.0
100.0,10.0,1.0,3.0,3.0,0.0,1463.0,0.001871624999694177,0.01297871299993858,0.011353767999935371,0.014328122000733856,50.386335332999806,-150.0,-170.0
100.0,10.0,1.0,3.0,3.0,0.0,1464.0,0.0016098799997052993,0.012433842000064033,0.011807937999947171,0.01721017199997732,50.4294040879995,-150.0,-170.0
100.0,10.0,1.0,3.0,3.0,0.0,1465.0,0.00189573600073345,0.012882766999609885,0.01087451700004749,0.01932764200046222,50.47439129799932,-150.0,-170.0
100.0,10.0,1.0,3.0,3.0,0.0,1466.0,0.0021586140001090826,0.013342110999474244,0.010362944000007701,0.013652181999532331,50.51391403599973,-150.0,-170.0
100.0,10.0,1.0,3.0,3.0,0.0,1467.0,0.001820534999751544,0.009848443000009866,0.011321019000206434,0.017642106000494095,50.55455431700011,-150.0,-170.0
100.0,10.0,1.0,3.0,3.0,0.0,1468.0,0.00223084299977927,0.011455173000285868,0.011324023000270245,0.015813581000656995,50.59538498099937,-150.0,-170.0
100.0,10.0,1.0,3.0,3.0,0.0,1469.0,0.002127118000316841,0.011258105000706564,0.01115480699991167,0.018907376999777625,50.63883937099945,-150.0,-170.0
100.0,10.0,1.0,3.0,3.0,0.0,1470.0,0.002177739000217116,0.013026890000219282,0.011396990000321239,0.01462748200083297,50.68007472099998,-150.0,-170.0
100.0,10.0,1.0,3.0,3.0,0.0,1471.0,0.002099901000292448,0.014927498000361084,0.00931702299931203,0.017867585999738367,50.72429391500009,-150.0,-170.0
100.0,10.0,1.0,3.0,3.0,0.0,1472.0,0.0020008310002594953,0.012515344999883382,0.010899324000092747,0.015452852000635176,50.765169133999734,-150.0,-170.0
100.0,10.0,1.0,3.0,3.0,0.0,1473.0,0.0025765639993551304,0.011245302999668638,0.008860603999892191,0.015425479999976233,50.80328473600002,-150.0,-170.0
100.0,10.0,1.0,3.0,3.0,0.0,1474.0,0.002949018000435899,0.013873033999516338,0.012839875000281609,0.013737227000092389,50.846691097000075,-150.0,-170.0
100.0,10.0,1.0,3.0,3.0,0.0,1475.0,0.0020588280003721593,0.016531713999938802,0.010397158000159834,0.01777295800002321,50.89345898800002,-150.0,-170.0
100.0,10.0,1.0,3.0,3.0,0.0,1476.0,0.0016167329995369073,0.015299091000088083,0.011186795000867278,0.01389817499966739,50.935467515999335,-150.0,-170.0
100.0,10.0,1.0,3.0,3.0,0.0,1477.0,0.0036918429996148916,0.011588226000640134,0.010244492999845534,0.02183698099997855,50.982849356999395,-150.0,-170.0
100.0,10.0,1.0,3.0,3.0,0.0,1478.0,0.0022042290001991205,0.018050587000288942,0.010177055999520235,0.014370958000654355,51.02765999699932,-150.0,-170.0
100.0,10.0,1.0,3.0,3.0,0.0,1479.0,0.001610817000255338,0.01196527599950059,0.01055055600045307,0.018076014000143914,51.06986964799944,-150.0,-170.0
100.0,10.0,1.0,3.0,3.0,0.0,1480.0,0.0012740140000460087,0.012581912000314333,0.010960255000100005,0.01457634300004429,51.10926903299969,-110.0,-160.0
100.0,10.0,1.0,3.0,3.0,0.0,1481.0,0.002423173000352108,0.01654307399985555,0.01110301700009586,0.016005880999728106,51.15536505,-110.0,-160.0
100.0,10.0,1.0,3.0,3.0,0.0,1482.0,0.0018611710002005566,0.01224494300004153,0.011504140999932133,0.02207454399922426,51.20305710399953,-110.0,-160.0
100.0,10.0,1.0,3.0,3.0,0.0,1483.0,0.002120589000696782,0.011603126999943925,0.01213315099994361,0.010381140000390587,51.239302398999826,-110.0,-150.0
100.0,10.0,1.0,3.0,3.0,0.0,1484.0,0.001495920000706974,0.009909188000165159,0.009114627000599285,0.008633911000288208,51.26846373299941,-110.0,-150.0
100.0,10.0,1.0,3.0,3.0,0.0,1485.0,0.0017759990005288273,0.01991166100015107,0.008919793999666581,0.0083269670003574,51.30740543199954,-110.0,-150.0
100.0,10.0,1.0,3.0,3.0,0.0,1486.0,0.0014234399995984859,0.008850514000187104,0.01131507700029033,0.008850987999721838,51.33785355599957,-110.0,-150.0
100.0,10.0,1.0,3.0,3.0,0.0,1487.0,0.0016209840005103615,0.01052667499970994,0.008667495999361563,0.008666720999826794,51.36734499799968,-110.0,-150.0
100.0,10.0,1.0,3.0,3.0,0.0,1488.0,0.0017234360002476024,0.014050500999474025,0.011240376000387187,0.008645120999972278,51.40301207799985,-110.0,-150.0
100.0,10.0,1.0,3.0,3.0,0.0,1489.0,0.0022980980002103024,0.009686113000498153,0.010179550999964704,0.008651459000247996,51.43383406900011,-110.0,-150.0
100.0,10.0,1.0,3.0,3.0,0.0,1490.0,0.001706457999716804,0.00806369400015683,0.009213798000018869,0.008993089000796317,51.461818329999915,-110.0,-150.0
100.0,10.0,1.0,3.0,3.0,0.0,1491.0,0.0018473270001777564,0.01040295100028743,0.012644745000216062,0.01174193400038348,51.49846245499975,-110.0,-150.0
100.0,10.0,1.0,3.0,3.0,0.0,1492.0,0.002180712000154017,0.00936900400029117,0.009357344000818557,0.009091549999538984,51.52846889600005,-110.0,-150.0
100.0,10.0,1.0,3.0,3.0,0.0,1493.0,0.0017948920003618696,0.010360131000197725,0.009480849000283342,0.010524993000217364,51.56063746399923,-110.0,-150.0
100.0,10.0,1.0,3.0,3.0,0.0,1494.0,0.0016677929997968022,0.010517949999666598,0.010911445000601816,0.014041188999726728,51.59778320299938,-110.0,-150.0
100.0,10.0,1.0,3.0,3.0,0.0,1495.0,0.0021040029996584053,0.010242837000077998,0.010245448000205215,0.01294779800082324,51.63333043399962,-110.0,-150.0
100.0,10.0,1.0,3.0,3.0,0.0,1496.0,0.0015687659997638548,0.007762225000078615,0.009126666000156547,0.009963213000446558,51.661758438000106,-110.0,-150.0
100.0,10.0,1.0,3.0,3.0,0.0,1497.0,0.002121890999660536,0.011359202999301488,0.011989810999693873,0.013545821000661817,51.70078293699953,-110.0,-150.0
100.0,10.0,1.0,3.0,3.0,0.0,1498.0,0.0023722739997538156,0.014799118000155431,0.010914888000115752,0.01182435800001258,51.74070154199944,-110.0,-150.0
100.0,10.0,1.0,3.0,3.0,0.0,1499.0,0.002223395999862987,0.008217945000069449,0.009171759999844653,0.012999999999919964,51.77332177700009,-110.0,-150.0
100.0,10.0,1.0,3.0,3.0,0.0,1500.0,0.002015130000472709,0.009716677999676904,0.01166198600003554,0.010252014000798226,51.806974409999384,-110.0,-150.0
100.0,10.0,1.0,3.0,3.0,0.0,1501.0,0.0018318890006412403,0.008864463999998407,0.008181379999768978,0.010408462999293988,51.83626766099951,-110.0,-150.0
100.0,10.0,1.0,3.0,3.0,0.0,1502.0,0.001622377000785491,0.008391659000153595,0.008279809000669047,0.013318324000465509,51.86788733799949,-110.0,-150.0
100.0,10.0,1.0,3.0,3.0,0.0,1503.0,0.002671850000297127,0.013610681000500335,0.01044297199950961,0.014311373000055028,51.90893187099937,-110.0,-150.0
100.0,10.0,1.0,3.0,3.0,0.0,1504.0,0.002014013000007253,0.00993051099976583,0.010712017000514606,0.01140801699966687,51.943003779999344,-110.0,-150.0
100.0,10.0,1.0,3.0,3.0,0.0,1505.0,0.0023206020005090977,0.012296178000724467,0.01016518999949767,0.01183699000011984,51.979630757999985,-110.0,-150.0
100.0,10.0,1.0,3.0,3.0,0.0,1506.0,0.0018483120002201758,0.008069393999903696,0.010152316000130668,0.009474352999859548,52.00918360600008,-110.0,-150.0
100.0,10.0,1.0,3.0,3.0,0.0,1507.0,0.0018470619997970061,0.011791197000093234,0.009900797000227612,0.013200661000155378,52.0459303990001,-110.0,-150.0
100.0,10.0,1.0,3.0,3.0,0.0,1508.0,0.0019279369998912443,0.010082420999424357,0.011346072999913304,0.013906121000218263,52.08319993799978,-110.0,-150.0
100.0,10.0,1.0,3.0,3.0,0.0,1509.0,0.0018687649999264977,0.013706189000004088,0.010338087000491214,0.01801412100030575,52.1271341369993,-110.0,-150.0
100.0,10.0,1.0,3.0,3.0,0.0,1510.0,0.0024350690000574104,0.0184304330005034,0.013130004999766243,0.011704570999427233,52.17284098699929,-110.0,-150.0
100.0,10.0,1.0,3.0,3.0,0.0,1511.0,0.0020635780001612147,0.01084142800027621,0.010715372000049683,0.012606874999619322,52.20907607499976,-110.0,-150.0
100.0,10.0,1.0,3.0,3.0,0.0,1512.0,0.0025033660003828118,0.013123529000040435,0.0118217650006045,0.012299291999624984,52.24883238299935,-110.0,-150.0
100.0,10.0,1.0,3.0,3.0,0.0,1513.0,0.002001523999751953,0.01013325599978998,0.009504167000159214,0.011666282999613031,52.28214449299958,-110.0,-150.0
100.0,10.0,1.0,3.0,3.0,0.0,1514.0,0.0019493890004014247,0.011276449999968463,0.009917243000018061,0.010851743000785063,52.31614633599929,-110.0,-150.0
100.0,10.0,1.0,3.0,3.0,0.0,1515.0,0.0017861290007203934,0.008514062999893213,0.008490702999552013,0.011305953000373847,52.34625090099962,-110.0,-150.0
100.0,10.0,1.0,3.0,3.0,0.0,1516.0,0.0017758759995558648,0.00994953500048723,0.011064739000175905,0.010873309000089648,52.379922788999465,-110.0,-150.0
100.0,10.0,1.0,3.0,3.0,0.0,1517.0,0.0019340319995535538,0.008767960000113817,0.010433512999952654,0.013550706000387436,52.41463628699967,-110.0,-150.0
100.0,10.0,1.0,3.0,3.0,0.0,1518.0,0.0013468710003508022,0.008191977000024053,0.010710217999985616,0.00868941599946993,52.44358196399935,-110.0,-150.0
100.0,10.0,1.0,3.0,3.0,0.0,1519.0,0.0016632659999231691,0.009668304000115313,0.011166511000737955,0.012914425000417395,52.47900148999997,-110.0,-150.0
100.0,10.0,1.0,3.0,3.0,0.0,1520.0,0.0018328969999856781,0.007738688999779697,0.010384630999396904,0.01222924800003966,52.51119462099996,-110.0,-150.0
100.0,10.0,1.0,3.0,3.0,0.0,1521.0,0.002062231999843789,0.013612263999675633,0.009234051000021282,0.012300002000301902,52.54841093399955,-110.0,-150.0
100.0,10.0,1.0,3.0,3.0,0.0,1522.0,0.0025035600001501734,0.012101617000553233,0.011643069999990985,0.013225043999227637,52.58789101699949,-110.0,-150.0
100.0,10.0,1.0,3.0,3.0,0.0,1523.0,0.0024878610001906054,0.013644063000356255,0.012124949000281049,0.014321727000606188,52.630476697999256,-110.0,-150.0
100.0,10.0,1.0,3.0,3.0,0.0,1524.0,0.0017354739993606927,0.00968120400011685,0.009310180000284163,0.016256985999461904,52.66746843100009,-110.0,-150.0
100.0,10.0,1.0,3.0,3.0,0.0,1525.0,0.001668230000177573,0.012997906999771658,0.01029354999991483,0.014970887999879778,52.707406198999706,-110.0,-150.0
100.0,10.0,1.0,3.0,3.0,0.0,1526.0,0.0018746559999271994,0.010681785999622662,0.01168959000005998,0.010346846999709669,52.742006853999555,-110.0,-150.0
100.0,10.0,1.0,3.0,3.0,0.0,1527.0,0.002311352000106126,0.012239300000146613,0.009962202000679099,0.012418630999491143,52.77894554499926,-110.0,-150.0
100.0,10.0,1.0,3.0,3.0,0.0,1528.0,0.0017797780001274077,0.010879275000661437,0.010388756000793364,0.013660360000358196,52.81566147600006,-110.0,-150.0
100.0,10.0,1.0,3.0,3.0,0.0,1529.0,0.0018652239996299613,0.007832115999917733,0.010544355000092764,0.012314288999732526,52.84822479400009,-110.0,-150.0
100.0,10.0,1.0,3.0,3.0,0.0,1530.0,0.0019070440002906253,0.011463759000434948,0.012051929999870481,0.01289136699961091,52.88654560099985,-110.0,-150.0
100.0,10.0,1.0,3.0,3.0,0.0,1531.0,0.0022453900000982685,0.014405224000256567,0.008998618999612518,0.009093789999496948,52.92129583499991,-110.0,-150.0
100.0,10.0,1.0,3.0,3.0,0.0,1532.0,0.0020560739994834876,0.01683050999963598,0.011598177999985637,0.018764174999887473,52.97055164699941,-110.0,-150.0
100.0,10.0,1.0,3.0,3.0,0.0,1533.0,0.0020953129996996722,0.018551576000390924,0.011724027999662212,0.011661398000796908,53.0145916499996,-80.0,-150.0
100.0,10.0,1.0,3.0,3.0,0.0,1534.0,0.0016455229997518472,0.01696620199982135,0.012004786000034073,0.008217378000153985,53.053432736000104,-80.0,-150.0
100.0,10.0,1.0,3.0,3.0,0.0,1535.0,0.0023417719994540676,0.009751177999532956,0.009488514999247855,0.008576148999964062,53.08359807099987,-80.0,-150.0
100.0,10.0,1.0,3.0,3.0,0.0,1536.0,0.0013970559994049836,0.012181924000287836,0.008500077000462625,0.00961345900032029,53.11529770099969,-80.0,-150.0
100.0,10.0,1.0,3.0,3.0,0.0,1537.0,0.002802256999530073,0.010508072999982687,0.009759192000274197,0.009844574999988254,53.14821891199972,-80.0,-150.0
100.0,10.0,1.0,3.0,3.0,0.0,1538.0,0.0017426419999537757,0.013374707999901148,0.008792128000095545,0.010293652000655129,53.18242938599997,-80.0,-150.0
100.0,10.0,1.0,3.0,3.0,0.0,1539.0,0.0021257850003166823,0.009739869999975781,0.011163625999870419,0.007329625000238593,53.21279549099927,-80.0,-150.0
100.0,10.0,1.0,3.0,3.0,0.0,1540.0,0.002437027000269154,0.012634090999199543,0.010369376000198827,0.012572626000292075,53.25081687199963,-80.0,-150.0
100.0,10.0,1.0,3.0,3.0,0.0,1541.0,0.0021457590000864,0.01290334800069104,0.009050663000380155,0.011183792999872821,53.28610890899927,-80.0,-150.0
100.0,10.0,1.0,3.0,3.0,0.0,1542.0,0.0019593260003603064,0.008573398999942583,0.009616710999580391,0.012376940000649483,53.31864337299976,-80.0,-150.0
100.0,10.0,1.0,3.0,3.0,0.0,1543.0,0.0023693580005783588,0.010336498000469874,0.009909807999974873,0.011348193000230822,53.352615830000104,-80.0,-150.0
100.0,10.0,1.0,3.0,3.0,0.0,1544.0,0.0020532259995889035,0.010883261999879323,0.007643979999556905,0.00830510499963566,53.381509266999274,-80.0,-150.0
100.0,10.0,1.0,3.0,3.0,0.0,1545.0,0.0016120399995998014,0.013097427000502648,0.008609857999545056,0.010002001999964705,53.41483805000007,-80.0,-150.0
100.0,10.0,1.0,3.0,3.0,0.0,1546.0,0.0019365349999134196,0.011476220000076864,0.008635752999907709,0.00837721900006727,53.4452715970001,-80.0,-150.0
100.0,10.0,1.0,3.0,3.0,0.0,1547.0,0.0015996390002328553,0.009334084000329312,0.010326884000278369,0.00824659000045358,53.47478600499926,-80.0,-150.0
100.0,10.0,1.0,3.0,3.0,0.0,1548.0,0.0019743139991987846,0.013331291999747918,0.01066649999938818,0.011057040000196139,53.51182241300012,-80.0,-150.0
100.0,10.0,1.0,3.0,3.0,0.0,1549.0,0.002026593000664434,0.01108538399967074,0.009707113999866124,0.00851682400025311,53.54316534699956,-80.0,-150.0
100.0,10.0,1.0,3.0,3.0,0.0,1550.0,0.0016416889993706718,0.008880938000402239,0.009958507000192185,0.007894524000221281,53.57154778799941,-80.0,-150.0
100.0,10.0,1.0,3.0,3.0,0.0,1551.0,0.0022020030000931,0.011746594000214827,0.012022138999782328,0.010182895000070857,53.6077086790001,-80.0,-150.0
100.0,10.0,1.0,3.0,3.0,0.0,1552.0,0.002462323000145261,0.01268307200007257,0.010760727999695519,0.010630783000124211,53.64425298900005,-80.0,-150.0
100.0,10.0,1.0,3.0,3.0,0.0,1553.0,0.0022873739999340614,0.012754516000313743,0.009210442999574298,0.010663551000106963,53.679177396999876,-80.0,-150.0
100.0,10.0,1.0,3.0,3.0,0.0,1554.0,0.001637668000512349,0.014118854000116698,0.010452717000589473,0.007987369000147737,53.71338174199991,-80.0,-150.0
100.0,10.0,1.0,3.0,3.0,0.0,1555.0,0.001795158000277297,0.008642971999506699,0.01092438899922854,0.010701659000005748,53.74545324900009,-80.0,-150.0
100.0,10.0,1.0,3.0,3.0,0.0,1556.0,0.0017567250006322865,0.010683890000109386,0.008437223999862908,0.012338158000602562,53.77867710499959,-80.0,-150.0
100.0,10.0,1.0,3.0,3.0,0.0,1557.0,0.0015293070000552689,0.010559848999946553,0.008949574999860488,0.011255013999289076,53.81097811699965,-80.0,-150.0
100.0,10.0,1.0,3.0,3.0,0.0,1558.0,0.0034425579997332534,0.012572677000207477,0.010083445999953256,0.006804882999858819,53.84388867599955,-80.0,-150.0
100.0,10.0,1.0,3.0,3.0,0.0,1559.0,0.002023792999352736,0.009517073000097298,0.009732396000799781,0.012543010000626964,53.87771221000003,-80.0,-150.0
100.0,10.0,1.0,3.0,3.0,0.0,1560.0,0.001982415000384208,0.011911083000086364,0.010317102000044542,0.006930221999937203,53.908860095999444,-80.0,-150.0
100.0,10.0,1.0,3.0,3.0,0.0,1561.0,0.002249799000310304,0.012905141999908665,0.00853667299998051,0.011225637999814353,53.94378510399929,-80.0,-150.0
100.0,10.0,1.0,3.0,3.0,0.0,1562.0,0.0015042180002637906,0.011806466000052751,0.014549400999385398,0.008685392000188585,53.98033996599952,-80.0,-150.0
100.0,10.0,1.0,3.0,3.0,0.0,1563.0,0.002238363999822468,0.017201853999722516,0.011486823000268487,0.011111781000181509,54.02238663599928,-80.0,-150.0
100.0,10.0,1.0,3.0,3.0,0.0,1564.0,0.0018391120001979289,0.0117440619997069,0.008638696000161872,0.01143775899981847,54.05605311299951,-80.0,-150.0
100.0,10.0,1.0,3.0,3.0,0.0,1565.0,0.0020034720000694506,0.01139481700010947,0.010728029999881983,0.011592003999794542,54.09177956699932,-80.0,-150.0
100.0,10.0,1.0,3.0,3.0,0.0,1566.0,0.002123695000591397,0.009716904000015347,0.012126169999646663,0.009896524999930989,54.1256503679997,-80.0,-150.0
100.0,10.0,1.0,3.0,3.0,0.0,1567.0,0.0022170129996084142,0.01096191800024826,0.009462001000429154,0.008182694000424817,54.15648167699965,-80.0,-150.0
100.0,10.0,1.0,3.0,3.0,0.0,1568.0,0.0021370089998526964,0.014526607999869157,0.011937526000110665,0.0068742470002689515,54.19196431599994,-80.0,-150.0
100.0,10.0,1.0,3.0,3.0,0.0,1569.0,0.002044324000053166,0.011812753999947745,0.008493008999721496,0.010570369000561186,54.22489224999936,-80.0,-150.0
100.0,10.0,1.0,3.0,3.0,0.0,1570.0,0.0017688230000203475,0.009993237999879057,0.010492076000446104,0.006452700999943772,54.25360624299992,-80.0,-150.0
100.0,10.0,1.0,3.0,3.0,0.0,1571.0,0.0024249809994216776,0.00926535199960199,0.011554848000741913,0.013268181999592343,54.29012686099941,-80.0,-140.0
100.0,10.0,1.0,3.0,3.0,0.0,1572.0,0.0014122889997452148,0.01084468899989588,0.009460106999540585,0.0212221439996938,54.33307330599928,-80.0,-140.0
100.0,10.0,1.0,3.0,3.0,0.0,1573.0,0.002371713999309577,0.010080252999614459,0.00886750999961805,0.013093461999233114,54.36749345399949,-80.0,-140.0
100.0,10.0,1.0,3.0,3.0,0.0,1574.0,0.002728082999965409,0.010002563999478298,0.008265118999588594,0.010476516999915475,54.39897278199987,-80.0,-140.0
100.0,10.0,1.0,3.0,3.0,0.0,1575.0,0.0013658730003953679,0.010444131000440393,0.008149887999934435,0.01734666999982437,54.436286808999284,-80.0,-140.0
100.0,10.0,1.0,3.0,3.0,0.0,1576.0,0.0022020879996489384,0.011668236999867077,0.010194316999331932,0.014559188000021095,54.47491809299936,-80.0,-130.0
100.0,10.0,1.0,3.0,3.0,0.0,1577.0,0.001866483999947377,0.01057662800030812,0.010157818999687152,0.012241145000189135,54.509767646,-80.0,-130.0
100.0,10.0,1.0,3.0,3.0,0.0,1578.0,0.0019605869993029046,0.01193840399992041,0.009692819000520103,0.014269966000028944,54.547637322999435,-80.0,-130.0
100.0,10.0,1.0,3.0,3.0,0.0,1579.0,0.001874589000181004,0.011076290999881166,0.010580977999779861,0.013221137000073213,54.58439738400011,-80.0,-130.0
100.0,10.0,1.0,3.0,3.0,0.0,1580.0,0.001628391999474843,0.011136863000501762,0.010058692000711744,0.012343323999630229,54.619572974999755,-80.0,-130.0
100.0,10.0,1.0,3.0,3.0,0.0,1581.0,0.002242079000097874,0.01276041399978567,0.011167299000589992,0.011573429000236501,54.657325651000065,-80.0,-130.0
100.0,10.0,1.0,3.0,3.0,0.0,1582.0,0.0019331430003148853,0.011206514000150491,0.008670137000081013,0.013204890999986674,54.69234757899994,-80.0,-130.0
100.0,10.0,1.0,3.0,3.0,0.0,1583.0,0.0015376789997390006,0.009382972999446793,0.009358260999761114,0.013070986999991874,54.72570426099992,-80.0,-130.0
100.0,10.0,1.0,3.0,3.0,0.0,1584.0,0.002250819000437332,0.01116955500037875,0.011779964000197651,0.011461758000223199,54.76237326099999,-80.0,-130.0
100.0,10.0,1.0,3.0,3.0,0.0,1585.0,0.00216480600010982,0.01241922600001999,0.009864986000138742,0.01327799699993193,54.80010753899933,-80.0,-130.0
100.0,10.0,1.0,3.0,3.0,0.0,1586.0,0.0017898070000228472,0.011739161999685166,0.01227868100068008,0.01160452299973258,54.837526884999534,-80.0,-130.0
100.0,10.0,1.0,3.0,3.0,0.0,1587.0,0.0021441529997900943,0.01017571499960468,0.010815648000061628,0.013884417000554095,54.874553611999545,-80.0,-130.0
100.0,10.0,1.0,3.0,3.0,0.0,1588.0,0.0019379410005058162,0.011411501000111457,0.009557991999827209,0.012726758000098926,54.910194475000026,-80.0,-130.0
100.0,10.0,1.0,3.0,3.0,0.0,1589.0,0.0021082120001665317,0.010351142000217806,0.011834230999738793,0.01192418800019368,54.94641930299986,-80.0,-130.0
100.0,10.0,1.0,3.0,3.0,0.0,1590.0,0.0020559690001391573,0.011198956000043836,0.010148082999876351,0.015145145999667875,54.98497500599933,-80.0,-130.0
100.0,10.0,1.0,3.0,3.0,0.0,1591.0,0.00164751400006935,0.011489618999803497,0.011003775000062888,0.02169845299977169,55.03082228399944,-80.0,-130.0
100.0,10.0,1.0,3.0,3.0,0.0,1592.0,0.001791433000107645,0.01899626399972476,0.012495772999500332,0.01299495700004627,55.07710805099941,-80.0,-130.0
100.0,10.0,1.0,3.0,3.0,0.0,1593.0,0.002316774999599147,0.010194094999860681,0.010072285999740416,0.013323626999408589,55.11302226999942,-80.0,-130.0
100.0,10.0,1.0,3.0,3.0,0.0,1594.0,0.002340059000744077,0.014534916999764391,0.010014485999818135,0.011636551000265172,55.15157408499999,-80.0,-130.0
100.0,10.0,1.0,3.0,3.0,0.0,1595.0,0.0021188099999562837,0.013625395999952161,0.01328475799982698,0.009769298999344755,55.19037919599941,-80.0,-130.0
100.0,10.0,1.0,3.0,3.0,0.0,1596.0,0.0022519779995491263,0.011113805999229953,0.010430379999888828,0.01439615799972671,55.22857829499935,-80.0,-130.0
100.0,10.0,1.0,3.0,3.0,0.0,1597.0,0.002767914000287419,0.010667479000403546,0.009565961000589596,0.009754310999596782,55.26134185199953,-60.0,-120.0
100.0,10.0,1.0,3.0,3.0,0.0,1598.0,0.0025685610007712967,0.012910516999909305,0.01117298999997729,0.01058098199973756,55.298583591999886,-60.0,-120.0
100.0,10.0,1.0,3.0,3.0,0.0,1599.0,0.0016193970004678704,0.011220043000321311,0.009879294999336707,0.009405865999724483,55.330716988999484,-60.0,-120.0
100.0,10.0,1.0,3.0,3.0,0.0,1600.0,0.001918545000080485,0.010019889999966836,0.009090209999158105,0.0049868979995153495,55.356739470999855,-60.0,-120.0
100.0,10.0,1.0,3.0,3.0,0.0,1601.0,0.0016753029995015822,0.011241080000218062,0.010397408000244468,0.008352206999916234,55.388412530000096,-60.0,-120.0
100.0,10.0,1.0,3.0,3.0,0.0,1602.0,0.0018960820007123402,0.01122728499922232,0.008416634000241174,0.006746530999407696,55.41670597599932,-60.0,-110.0
100.0,10.0,1.0,3.0,3.0,0.0,1603.0,0.001959488000466081,0.02046510699983628,0.009727293999276299,0.006517649999295827,55.45538236199991,-60.0,-110.0
100.0,10.0,1.0,3.0,3.0,0.0,1604.0,0.002761454999927082,0.014257056999667839,0.009993972000302165,0.0088284109997403,55.491230435000034,-60.0,-110.0
100.0,10.0,1.0,3.0,3.0,0.0,1605.0,0.0018783049999910872,0.00986619899958896,0.011031576999812387,0.007304222000129812,55.52131903999998,-60.0,-110.0
100.0,10.0,1.0,3.0,3.0,0.0,1606.0,0.002149320999706106,0.010982449999573873,0.012212161999741511,0.006246656000257644,55.552916982999704,-60.0,-110.0
100.0,10.0,1.0,3.0,3.0,0.0,1607.0,0.00197057599962136,0.016385087000344356,0.009943238999767345,0.006657875999735552,55.58788075299981,-60.0,-110.0
100.0,10.0,1.0,3.0,3.0,0.0,1608.0,0.0018854740001188475,0.012250501999915286,0.01020576699920639,0.006642231000114407,55.61887252199995,-60.0,-110.0
100.0,10.0,1.0,3.0,3.0,0.0,1609.0,0.001818699000068591,0.011245867999605252,0.008385981999708747,0.010607309000079113,55.65093743599937,-60.0,-110.0
100.0,10.0,1.0,3.0,3.0,0.0,1610.0,0.002101455999763857,0.0193508969996401,0.011893392000274616,0.006355348000397498,55.690646388999994,-60.0,-110.0
100.0,10.0,1.0,3.0,3.0,0.0,1611.0,0.0012679720002779504,0.01154124100048648,0.008258543000010832,0.012832049999815354,55.72455363299923,-60.0,-110.0
100.0,10.0,1.0,3.0,3.0,0.0,1612.0,0.0015352039999925182,0.010614611000164587,0.00931477599988284,0.0065186889996766695,55.75254389299971,-60.0,-110.0
100.0,10.0,1.0,3.0,3.0,0.0,1613.0,0.0016356719997929758,0.012363851999907638,0.010411197999928845,0.0064856970002438175,55.78344749000007,-60.0,-110.0
100.0,10.0,1.0,3.0,3.0,0.0,1614.0,0.002224007999757305,0.010907197000051383,0.011224154999581515,0.006596248000278138,55.81440574099997,-60.0,-110.0
100.0,10.0,1.0,3.0,3.0,0.0,1615.0,0.0023107579991119565,0.010950308000246878,0.011151794000397786,0.00773943700005475,55.84656445699966,-60.0,-110.0
100.0,10.0,1.0,3.0,3.0,0.0,1616.0,0.0018318960001124651,0.011783216999901924,0.010186339000028966,0.0062691270004506805,55.87664203299937,-60.0,-110.0
100.0,10.0,1.0,3.0,3.0,0.0,1617.0,0.002003509000132908,0.011776592000387609,0.009419283000170253,0.006482576999587764,55.906331164999756,-60.0,-110.0
100.0,10.0,1.0,3.0,3.0,0.0,1618.0,0.002228176000244275,0.011309839000205102,0.009531501999845204,0.0072068540002874215,55.93661546199928,-60.0,-110.0
100.0,10.0,1.0,3.0,3.0,0.0,1619.0,0.0020287280003685737,0.012536096000076213,0.009393357000590186,0.0069763139999849955,55.96756654299952,-60.0,-110.0
100.0,10.0,1.0,3.0,3.0,0.0,1620.0,0.0018949140003314824,0.012317181000071287,0.008565739000005124,0.00668795100045827,55.99704074300007,-60.0,-110.0
100.0,10.0,1.0,3.0,3.0,0.0,1621.0,0.00164816999949835,0.01178574599998683,0.00921648199982883,0.0063001369999255985,56.025998760999755,-60.0,-110.0
100.0,10.0,1.0,3.0,3.0,0.0,1622.0,0.001936278999892238,0.018809975999829476,0.009848073000284785,0.006682060999992245,56.063282538999374,-60.0,-110.0
100.0,10.0,1.0,3.0,3.0,0.0,1623.0,0.002138901999387599,0.010014143999796943,0.008802585000012186,0.006947625999600859,56.09119396799997,-60.0,-110.0
100.0,10.0,1.0,3.0,3.0,0.0,1624.0,0.0022240869993765955,0.010310882999874593,0.010949900000014168,0.00993637999999919,56.12462274799964,-60.0,-110.0
100.0,10.0,1.0,3.0,3.0,0.0,1625.0,0.00197690999993938,0.012242587999935495,0.009101263000047766,0.005186495000089053,56.15313786399929,-60.0,-110.0
100.0,10.0,1.0,3.0,3.0,0.0,1626.0,0.0015129329995033913,0.011329044000376598,0.008960015000411659,0.006206513000506675,56.181153989999984,-60.0,-110.0
100.0,10.0,1.0,3.0,3.0,0.0,1627.0,0.0016523950007467647,0.018556945999989694,0.010432639999635285,0.007513089999520162,56.219316600999264,-60.0,-110.0
100.0,10.0,1.0,3.0,3.0,0.0,1628.0,0.002030169000136084,0.010929867999948328,0.00884386999950948,0.006532622999657178,56.24766082699989,-60.0,-110.0
100.0,10.0,1.0,3.0,3.0,0.0,1629.0,0.0021081670001876773,0.010420392000014544,0.009993397000471305,0.008033971999793721,56.278223760999936,-60.0,-110.0
100.0,10.0,1.0,3.0,3.0,0.0,1630.0,0.001825500999984797,0.012685345999670972,0.013474559999849589,0.0068502920003084,56.313066703000004,-60.0,-110.0
100.0,10.0,1.0,3.0,3.0,0.0,1631.0,0.002038055000411987,0.00999591599975247,0.00969788000020344,0.0068469920006464235,56.34165279899935,-60.0,-110.0
100.0,10.0,1.0,3.0,3.0,0.0,1632.0,0.0018114929998773732,0.011433510000642855,0.008576641000217933,0.006471630999840272,56.36995360099991,-60.0,-110.0
100.0,10.0,1.0,3.0,3.0,0.0,1633.0,0.0018581640006232192,0.010234462999505922,0.012023750000480504,0.005062250000264612,56.399139162999745,-60.0,-110.0
100.0,10.0,1.0,3.0,3.0,0.0,1634.0,0.0020706610002889647,0.009904128000016499,0.008498172000145132,0.006717762999869592,56.426336956999876,-60.0,-110.0
100.0,10.0,1.0,3.0,3.0,0.0,1635.0,0.0016781280000941479,0.01208964699981152,0.008386320999306918,0.005033872999774758,56.4535324769995,-60.0,-110.0
100.0,10.0,1.0,3.0,3.0,0.0,1636.0,0.0015404019995912677,0.012328894000347645,0.009403207999639562,0.00685415199950512,56.483666633999746,-60.0,-110.0
100.0,10.0,1.0,3.0,3.0,0.0,1637.0,0.0015183919995251927,0.013628388000142877,0.00998738999987836,0.008088371999292576,56.516896969999834,-60.0,-110.0
100.0,10.0,1.0,3.0,3.0,0.0,1638.0,0.002539430000069842,0.011104526000053738,0.009779684000022826,0.006975306000640558,56.54730404399925,-60.0,-110.0
100.0,10.0,1.0,3.0,3.0,0.0,1639.0,0.002133240000148362,0.010833284000000276,0.010573808999652101,0.006538690000525094,56.577391761999934,-60.0,-110.0
100.0,10.0,1.0,3.0,3.0,0.0,1640.0,0.002117654999892693,0.012071390000528481,0.010006108999732533,0.006406152000636212,56.60800038399975,-60.0,-110.0
100.0,10.0,1.0,3.0,3.0,0.0,1641.0,0.001982083000257262,0.011034682999707002,0.009388198000124248,0.006412994999664079,56.63682668399997,-60.0,-110.0
100.0,10.0,1.0,3.0,3.0,0.0,1642.0,0.00150807999943936,0.011146559000735579,0.009883124000225507,0.006757689999176364,56.66613076399972,-60.0,-110.0
100.0,10.0,1.0,3.0,3.0,0.0,1643.0,0.0014993830000094022,0.010347533999265579,0.009231506000105583,0.006487933000244084,56.69370485099989,-60.0,-110.0
100.0,10.0,1.0,3.0,3.0,0.0,1644.0,0.00163225300002523,0.0102287219997379,0.011074602000007872,0.0062880690002202755,56.722935675999906,-60.0,-110.0
100.0,10.0,1.0,3.0,3.0,0.0,1645.0,0.0027419040006861906,0.012075714999809861,0.01097543699961534,0.0051077099997201,56.75384296499942,-60.0,-110.0
100.0,10.0,1.0,3.0,3.0,0.0,1646.0,0.0019512899998517241,0.012417977999575669,0.009668527000030736,0.007182702000136487,56.785071289999905,-60.0,-110.0
100.0,10.0,1.0,3.0,3.0,0.0,1647.0,0.0024025109996728133,0.01072446200032573,0.008754223000323691,0.00736254999992525,56.814322393999646,-60.0,-110.0
100.0,10.0,1.0,3.0,3.0,0.0,1648.0,0.0016524439997738227,0.011656206000225211,0.009694833999674302,0.007067009999445872,56.844400054999824,-60.0,-110.0
100.0,10.0,1.0,3.0,3.0,0.0,1649.0,0.0016625600001134444,0.011243649999414629,0.01041233799969632,0.007426791000398225,56.875151933999405,-60.0,-110.0
100.0,10.0,1.0,3.0,3.0,0.0,1650.0,0.00186498500079324,0.01174034500036214,0.010584257999653346,0.006654757000433165,56.90600377800001,-60.0,-110.0
100.0,10.0,1.0,3.0,3.0,0.0,1651.0,0.002165502000025299,0.012138595999203972,0.009070048000467068,0.009525526000288664,56.93891137399987,-60.0,-110.0
100.0,10.0,1.0,3.0,3.0,0.0,1652.0,0.0020277020003049984,0.011024499000086507,0.008457136000288301,0.007148294000216993,56.967577562999395,-60.0,-110.0
100.0,10.0,1.0,3.0,3.0,0.0,1653.0,0.0015000100001998362,0.015464857000552001,0.010978481999700307,0.004872193000664993,57.00040103899937,-60.0,-110.0
100.0,10.0,1.0,3.0,3.0,0.0,1654.0,0.001888431000224955,0.012278819999664847,0.00927193899951817,0.007086564999553957,57.030934230999264,-60.0,-110.0
100.0,10.0,1.0,3.0,3.0,0.0,1655.0,0.0016223049997279304,0.010722914999860222,0.010585283999716921,0.006938936000551621,57.06081139899925,-60.0,-110.0
100.0,10.0,1.0,3.0,3.0,0.0,1656.0,0.002109823000864708,0.010194460999628063,0.010599825000099372,0.00485624600059964,57.08858047400008,-60.0,-110.0
100.0,10.0,1.0,3.0,3.0,0.0,1657.0,0.001792162000128883,0.012243979999766452,0.010660392000318097,0.0068827139994027675,57.12016735599991,-60.0,-110.0
100.0,10.0,1.0,3.0,3.0,0.0,1658.0,0.0029128969999874244,0.01184748400009994,0.010814688000209571,0.005114233999847784,57.150863909999316,-60.0,-110.0
100.0,10.0,1.0,3.0,3.0,0.0,1659.0,0.0015913249999357504,0.015183865999460977,0.010768609000479046,0.006458210999880976,57.184894334999626,-60.0,-110.0
100.0,10.0,1.0,3.0,3.0,0.0,1660.0,0.002119073999892862,0.009961064999515656,0.008684352999807743,0.006179527999847778,57.21184561499922,-60.0,-110.0
100.0,10.0,1.0,3.0,3.0,0.0,1661.0,0.0016755510005168617,0.01071811899964814,0.008975443000053929,0.006461520999437198,57.239683395999236,-60.0,-110.0
100.0,10.0,1.0,3.0,3.0,0.0,1662.0,0.002056383000308415,0.011958585999309435,0.008367017999262316,0.004756383999847458,57.26682863099995,-60.0,-110.0
100.0,10.0,1.0,3.0,3.0,0.0,1663.0,0.0013420880004559876,0.011470372999610845,0.010878862000026857,0.006529057000079774,57.29705617699983,-60.0,-110.0
100.0,10.0,1.0,3.0,3.0,0.0,1664.0,0.0017877439995572786,0.009995755000090867,0.009154090999800246,0.004894159999821568,57.32289518199923,-60.0,-110.0
100.0,10.0,1.0,3.0,3.0,0.0,1665.0,0.002208284000516869,0.011044923000554263,0.008519848000105412,0.006224239000403031,57.35089964599956,-60.0,-110.0
100.0,10.0,1.0,3.0,3.0,0.0,1666.0,0.0016358169996237848,0.011009988000296289,0.009569081000336155,0.006789432000005036,57.37991109699942,-60.0,-110.0
100.0,10.0,1.0,3.0,3.0,0.0,1667.0,0.0018831500001397217,0.0101453319994107,0.011146633000862494,0.005105279999952472,57.40819896599987,-60.0,-110.0
100.0,10.0,1.0,3.0,3.0,0.0,1668.0,0.0021442740007842076,0.009500829999524285,0.010003794999647653,0.007113413999832119,57.43696963399998,-60.0,-110.0
100.0,10.0,1.0,3.0,3.0,0.0,1669.0,0.0026462779997018515,0.011101023999799509,0.009469822000028216,0.008451532999970368,57.46864618800009,-60.0,-110.0
100.0,10.0,1.0,3.0,3.0,0.0,1670.0,0.0017500560006737942,0.013664631000210647,0.009101887999349856,0.007446218000040972,57.500616094999714,-60.0,-110.0
100.0,10.0,1.0,3.0,3.0,0.0,1671.0,0.0022906510002940195,0.011797430000115128,0.012094021999473625,0.007546176999312593,57.53435170600005,-60.0,-110.0
100.0,10.0,1.0,3.0,3.0,0.0,1672.0,0.002194011000028695,0.012789073999556422,0.009546715999931621,0.009831467999902088,57.56872112699966,-60.0,-110.0
100.0,10.0,1.0,3.0,3.0,0.0,1673.0,0.0017828830004873453,0.012869586999840976,0.00846832400020503,0.004706144000010681,57.596555199999784,-60.0,-110.0
100.0,10.0,1.0,3.0,3.0,0.0,1674.0,0.001883608999378339,0.014087931999711145,0.008455782000055478,0.004541049000181374,57.62553058599951,-60.0,-110.0
100.0,10.0,1.0,3.0,3.0,0.0,1675.0,0.0019972410000264063,0.013068837999526295,0.008315561000017624,0.00623602099949494,57.65515526799936,-60.0,-110.0
100.0,10.0,1.0,3.0,3.0,0.0,1676.0,0.0016572210006415844,0.012386389000312192,0.010853579000468017,0.0062240960005510715,57.68628420699952,-60.0,-110.0
100.0,10.0,1.0,3.0,3.0,0.0,1677.0,0.0017059919991879724,0.012062364999110287,0.008769985999606433,0.0068170860004102,57.7156476049995,-60.0,-110.0
100.0,10.0,1.0,3.0,3.0,0.0,1678.0,0.0019534010007191682,0.00977147000048717,0.008746440999857441,0.0047536179999951855,57.74087996699927,-60.0,-110.0
100.0,10.0,1.0,3.0,3.0,0.0,1679.0,0.001657163000345463,0.00979180299964355,0.009001019000606902,0.0065273259997411515,57.7678646559998,-60.0,-110.0
100.0,10.0,1.0,3.0,3.0,0.0,1680.0,0.002045500999884098,0.011020220999853336,0.008045928000683489,0.004897449000054621,57.79388115799975,-60.0,-110.0
100.0,10.0,1.0,3.0,3.0,0.0,1681.0,0.0015868840000621276,0.01104034100080753,0.009336154999800783,0.0062587769998572185,57.82211055299922,-60.0,-110.0
100.0,10.0,1.0,3.0,3.0,0.0,1682.0,0.0017406589995516697,0.012700233000032313,0.011933836000025622,0.006087943999773415,57.854579740999725,-60.0,-110.0
100.0,10.0,1.0,3.0,3.0,0.0,1683.0,0.002048807999926794,0.009028534999742988,0.010159446999750799,0.006806802000028256,57.88263041999926,-60.0,-110.0
100.0,10.0,1.0,3.0,3.0,0.0,1684.0,0.001576665999891702,0.010462737000125344,0.008978924000075494,0.005643455999233993,57.909299754999665,-60.0,-110.0
100.0,10.0,1.0,3.0,3.0,0.0,1685.0,0.0018555639999249252,0.012537887000689807,0.008246649999819056,0.007017470000391768,57.93896529599988,-60.0,-110.0
100.0,10.0,1.0,3.0,3.0,0.0,1686.0,0.0042357409993201145,0.011224431000300683,0.009420964999662829,0.008222602000387269,57.97207653999976,-60.0,-110.0
100.0,10.0,1.0,3.0,3.0,0.0,1687.0,0.00157227299951046,0.010839120999662555,0.008641376000014134,0.005774750999989919,57.99891150999974,-60.0,-110.0
100.0,10.0,1.0,3.0,3.0,0.0,1688.0,0.0018643889998202212,0.012098834000425995,0.00925184899915621,0.01123836599981587,58.033372676,-60.0,-110.0
100.0,10.0,1.0,3.0,3.0,0.0,1689.0,0.002443899999889254,0.013459924000017054,0.009972644999834301,0.006752182000127505,58.06600882599923,-60.0,-110.0
100.0,10.0,1.0,3.0,3.0,0.0,1690.0,0.0019256230007158592,0.012520708000010927,0.008672981000017899,0.007576691999929608,58.096712396999465,-60.0,-110.0
100.0,10.0,1.0,3.0,3.0,0.0,1691.0,0.0018725070003711153,0.012028353999994579,0.010658582999894861,0.008267684999736957,58.12954783799978,-60.0,-110.0
100.0,10.0,1.0,3.0,3.0,0.0,1692.0,0.002402748999884352,0.015469644999939192,0.013450802999614098,0.006235954999283422,58.16711462500007,-60.0,-110.0
100.0,10.0,1.0,3.0,3.0,0.0,1693.0,0.0019021130001419806,0.012039528000059363,0.01005800500024634,0.005613569000161078,58.19673527699979,-60.0,-110.0
100.0,10.0,1.0,3.0,3.0,0.0,1694.0,0.0023876619998191018,0.012545798000246577,0.009688213000117685,0.007563144999949145,58.22892770099952,-60.0,-110.0
100.0,10.0,1.0,3.0,3.0,0.0,1695.0,0.0019721369999388116,0.012623325999811641,0.010683198999686283,0.0067278670003361185,58.26094166099938,-60.0,-110.0
100.0,10.0,1.0,3.0,3.0,0.0,1696.0,0.0019288160001451615,0.010190285999669868,0.011045825999644876,0.006981962000281783,58.291095827999925,-60.0,-110.0
100.0,10.0,1.0,3.0,3.0,0.0,1697.0,0.002247568000711908,0.011497346999931324,0.00906014099928143,0.006276704999436333,58.32018500199956,-60.0,-110.0
100.0,10.0,1.0,3.0,3.0,0.0,1698.0,0.002138202999958594,0.01325375200030976,0.008751698000196484,0.0067185840007368824,58.351054797999495,-60.0,-110.0
100.0,10.0,1.0,3.0,3.0,0.0,1699.0,0.0017075690002457122,0.00991438700020808,0.008979723999800626,0.00651206899965473,58.37817569899926,-60.0,-110.0
100.0,10.0,1.0,3.0,3.0,0.0,1700.0,0.002350998999645526,0.011001038999893353,0.009647586000028241,0.00455663699995057,58.40573969899924,-60.0,-110.0
100.0,10.0,1.0,3.0,3.0,0.0,1701.0,0.0020336779998615384,0.009880299000542436,0.010574586999609892,0.0065929069996855105,58.43482921099985,-60.0,-110.0
100.0,10.0,1.0,3.0,3.0,0.0,1702.0,0.0018288130004293635,0.010919863999333757,0.007629150999491685,0.006391979999534669,58.461606064999614,-60.0,-110.0
100.0,10.0,1.0,3.0,3.0,0.0,1703.0,0.001625118999982078,0.011287309000181267,0.009380432999932964,0.006492574999356293,58.490398477999406,-60.0,-110.0
100.0,10.0,1.0,3.0,3.0,0.0,1704.0,0.0017785810005079838,0.012796268999409222,0.009840263000114646,0.007213199999569042,58.522033255999304,-60.0,-110.0
100.0,10.0,1.0,3.0,3.0,0.0,1705.0,0.0014524700000038138,0.010098859999743581,0.011141506000058143,0.007530671000495204,58.552263576999394,-60.0,-110.0
100.0,10.0,1.0,3.0,3.0,0.0,1706.0,0.0018681789997572196,0.009529102000669809,0.008887939000487677,0.007104222000634763,58.579660716000035,-60.0,-110.0
100.0,10.0,1.0,3.0,3.0,0.0,1707.0,0.0018157019994760049,0.01111220900020271,0.009147912000116776,0.00775735800016264,58.60950147699987,-60.0,-110.0
100.0,10.0,1.0,3.0,3.0,0.0,1708.0,0.002192887000092014,0.011882855000294512,0.012757925000187242,0.006654531000094721,58.64299703799952,-60.0,-110.0
100.0,10.0,1.0,3.0,3.0,0.0,1709.0,0.0022164529991641757,0.01015355500021542,0.008054028000515245,0.006776457000341907,58.67020467800012,-60.0,-110.0
100.0,10.0,1.0,3.0,3.0,0.0,1710.0,0.0015376490000562626,0.012215558999741916,0.009411791000275116,0.006817057000262139,58.70019415399929,-60.0,-110.0
100.0,10.0,1.0,3.0,3.0,0.0,1711.0,0.0018435120000503957,0.010535958999753348,0.009699356999590236,0.005560042000070098,58.72784136499922,-60.0,-110.0
100.0,10.0,1.0,3.0,3.0,0.0,1712.0,0.0022733240002708044,0.010205885999312159,0.010052663999886136,0.0068502539998007705,58.757232525999825,-60.0,-110.0
100.0,10.0,1.0,3.0,3.0,0.0,1713.0,0.002042122999228013,0.019798190999608778,0.012168309000117006,0.006461678999585274,58.79770983599974,-60.0,-110.0
100.0,10.0,1.0,3.0,3.0,0.0,1714.0,0.0023707950003881706,0.011002303999703145,0.009969920000003185,0.005295640999975149,58.826355747999514,-60.0,-110.0
100.0,10.0,1.0,3.0,3.0,0.0,1715.0,0.001646835999963514,0.010187067000515526,0.009406639000189898,0.0067753400007859454,58.85437866599932,-60.0,-110.0
100.0,10.0,1.0,3.0,3.0,0.0,1716.0,0.0023526020004283055,0.009591793999788933,0.011566784999558877,0.0063427080003748415,58.88423943699945,-60.0,-110.0
100.0,10.0,1.0,3.0,3.0,0.0,1717.0,0.001757760000145936,0.009844391999649815,0.011604442999669118,0.006648944000517076,58.91410182599975,-60.0,-110.0
100.0,10.0,1.0,3.0,3.0,0.0,1718.0,0.0019134929998472217,0.01058382100018207,0.00884394200056704,0.007224695000331849,58.94267528199998,-60.0,-110.0
100.0,10.0,1.0,3.0,3.0,0.0,1719.0,0.0018123629997717217,0.012052504000166664,0.008604089000073145,0.0064484700005777995,58.97159970499979,-60.0,-110.0
100.0,10.0,1.0,3.0,3.0,0.0,1720.0,0.0019327489999341196,0.010064839000733627,0.009359628999845881,0.006719618000715855,58.999684196999624,-60.0,-110.0
100.0,10.0,1.0,3.0,3.0,0.0,1721.0,0.001781105000191019,0.012322528999902715,0.01176294200013217,0.006579962999239797,59.03213764699922,-60.0,-110.0
100.0,10.0,1.0,3.0,3.0,0.0,1722.0,0.0017878500002552755,0.010773370999231702,0.010349600999688846,0.006763135999790393,59.06181987199943,-60.0,-110.0
100.0,10.0,1.0,3.0,3.0,0.0,1723.0,0.002322629000445886,0.010913922999861825,0.009427015999790456,0.008174964000318141,59.09266736099926,-60.0,-110.0
100.0,10.0,1.0,3.0,3.0,0.0,1724.0,0.0014586799998141942,0.01048457600063557,0.010486855999261024,0.009208331000081671,59.124313863999305,-60.0,-110.0
100.0,10.0,1.0,3.0,3.0,0.0,1725.0,0.0019562930001484347,0.010992561999955797,0.011628345000644913,0.007018727000286162,59.155917542999305,-60.0,-110.0
100.0,10.0,1.0,3.0,3.0,0.0,1726.0,0.0025456280000071274,0.011975419999544101,0.008749634000196238,0.0076371790000848705,59.1868331099995,-60.0,-110.0
100.0,10.0,1.0,3.0,3.0,0.0,1727.0,0.002450354999382398,0.010552707999522681,0.009535828999105433,0.0064110840003195335,59.215790347999246,-60.0,-110.0
100.0,10.0,1.0,3.0,3.0,0.0,1728.0,0.0020138149993726984,0.020103514999391336,0.011258637999162602,0.006536597999911464,59.25571030699939,-60.0,-110.0
100.0,10.0,1.0,3.0,3.0,0.0,1729.0,0.002047275999757403,0.011965263000092818,0.009850365999227506,0.006602287999157852,59.28618256699974,-60.0,-110.0
100.0,10.0,1.0,3.0,3.0,0.0,1730.0,0.001530978000118921,0.010080369999741379,0.011699155000314931,0.006296585000200139,59.315797285999906,-60.0,-110.0
100.0,10.0,1.0,3.0,3.0,0.0,1731.0,0.0018548250000094413,0.009714695000184292,0.00953500699961296,0.006628381999689736,59.34353754999938,-60.0,-110.0
100.0,10.0,1.0,3.0,3.0,0.0,1732.0,0.0019287069999336381,0.011570674000722647,0.008686223000040627,0.0048241509994113585,59.370555131999936,-60.0,-110.0
100.0,10.0,1.0,3.0,3.0,0.0,1733.0,0.0014949430005799513,0.01012352500038105,0.008221861000492936,0.004935468999974546,59.39533843999925,-60.0,-110.0
100.0,10.0,1.0,3.0,3.0,0.0,1734.0,0.0018221890004497254,0.013462706000609614,0.008898688000044785,0.006814084000325238,59.42634380299933,-60.0,-110.0
100.0,10.0,1.0,3.0,3.0,0.0,1735.0,0.0019703640000443556,0.01173678299983294,0.009322279999651073,0.00655847000052745,59.4559397160001,-60.0,-110.0
100.0,10.0,1.0,3.0,3.0,0.0,1736.0,0.002224011999715003,0.009944569000253978,0.009018615999593749,0.006696201000522706,59.483831094999914,-60.0,-110.0
100.0,10.0,1.0,3.0,3.0,0.0,1737.0,0.0017127459996117977,0.012175458000456274,0.009943241999280872,0.006627645000662596,59.51429904899942,-60.0,-110.0
100.0,10.0,1.0,3.0,3.0,0.0,1738.0,0.002002690999688639,0.012917074000142748,0.00946631900023931,0.00628000999950018,59.5449725769995,-60.0,-110.0
100.0,10.0,1.0,3.0,3.0,0.0,1739.0,0.0014195310004652129,0.011402365000321879,0.010463773000083165,0.012162164999608649,59.580427787999724,-60.0,-110.0
100.0,10.0,1.0,3.0,3.0,0.0,1740.0,0.002340362000722962,0.010723361000600562,0.011447539000073448,0.00961966900013067,59.61456618200009,-60.0,-110.0
100.0,10.0,1.0,3.0,3.0,0.0,1741.0,0.0019093089995294577,0.01990376399953675,0.011337906000335352,0.008688394000273547,59.6564128279997,-60.0,-110.0
100.0,10.0,1.0,3.0,3.0,0.0,1742.0,0.0020340219998615794,0.013011705000280926,0.009688881999863952,0.007059977999233524,59.688214731999324,-60.0,-110.0
100.0,10.0,1.0,3.0,3.0,0.0,1743.0,0.0026471009996384964,0.013181290999455086,0.010326073999749497,0.007293489999938174,59.72167105799963,-60.0,-110.0
100.0,10.0,1.0,3.0,3.0,0.0,1744.0,0.0021683969998775865,0.013225579999925685,0.00911435000034544,0.01141014999939216,59.75759779599957,-60.0,-110.0
100.0,10.0,1.0,3.0,3.0,0.0,1745.0,0.00237362400002894,0.011054393999984313,0.00955615100065188,0.0053188920001048245,59.7859089679996,-60.0,-110.0
100.0,10.0,1.0,3.0,3.0,0.0,1746.0,0.0018326469999010442,0.02401594999992085,0.02196522600024764,0.010552481999184238,59.84428394399947,-60.0,-110.0
100.0,10.0,1.0,3.0,3.0,0.0,1747.0,0.002732269000262022,0.009922874000039883,0.01113566699950752,0.006942705999790633,59.875024319999284,-60.0,-110.0
100.0,10.0,1.0,3.0,3.0,0.0,1748.0,0.0022284189999481896,0.01960211799996614,0.022276256000623107,0.010888339000302949,59.93002669099951,-60.0,-110.0
100.0,10.0,1.0,3.0,3.0,0.0,1749.0,0.002175077999709174,0.011631970000053116,0.012024253999697976,0.006152553999527299,59.96201726199979,-60.0,-110.0
100.0,10.0,1.0,3.0,3.0,0.0,1750.0,0.0020187699992675334,0.009727905000545434,0.012246221000168589,0.01127876699956687,59.997297272999276,-60.0,-110.0
100.0,10.0,1.0,3.0,3.0,0.0,1751.0,0.004840147999857436,0.01951356700010365,0.009197014000164927,0.007411704999867652,60.03826823899999,-60.0,-110.0
