100.0,50.0,4.0,2.0,1.0,1.0,0.0,0.029722568004217464,0.06317854500230169,0.017294466000748798,0.03451876799954334,0.14472151099471375,-2890.0,-5180.0
100.0,50.0,4.0,2.0,1.0,1.0,1.0,0.02440680400468409,0.06543772000441095,0.01707278699905146,0.030747660995984916,0.28239398199366406,-2890.0,-4490.0
100.0,50.0,4.0,2.0,1.0,1.0,2.0,0.025988656998379156,0.06781453800067538,0.01703524200274842,0.03293739900254877,0.42617837399302516,-2740.0,-3910.0
100.0,50.0,4.0,2.0,1.0,1.0,3.0,0.02413070199690992,0.06216013999801362,0.015515043000050355,0.024334936002560426,0.5523270279954886,-2740.0,-3560.0
100.0,50.0,4.0,2.0,1.0,1.0,4.0,0.022190570998645853,0.061089096998330206,0.01913103900005808,0.02301923299819464,0.6777647939961753,-2640.0,-3270.0
100.0,50.0,4.0,2.0,1.0,1.0,5.0,0.025577679996786173,0.06394386800093343,0.017788193996238988,0.020268446998670697,0.8053505729985773,-2590.0,-3080.0
100.0,50.0,4.0,2.0,1.0,1.0,6.0,0.024790235998807475,0.06027154299954418,0.01631511600135127,0.014452481998887379,0.9211876989938901,-2590.0,-2990.0
100.0,50.0,4.0,2.0,1.0,1.0,7.0,0.023775852998369373,0.06513480000285199,0.017108477994042914,0.01972237299924018,1.0469366679972154,-2360.0,-2940.0
100.0,50.0,4.0,2.0,1.0,1.0,8.0,0.023145661005401053,0.06128858699958073,0.017234626997378655,0.020894344001135323,1.1695068879998871,-2300.0,-2820.0
100.0,50.0,4.0,2.0,1.0,1.0,9.0,0.02500076800060924,0.06419307599571766,0.016471602997626178,0.02096874600101728,1.2961485419946257,-2300.0,-2760.0
100.0,50.0,4.0,2.0,1.0,1.0,10.0,0.022832105001725722,0.061338142993918154,0.018425383997964673,0.024652577994856983,1.423404771994683,-2240.0,-2700.0
100.0,50.0,4.0,2.0,1.0,1.0,11.0,0.024387452998780645,0.05995637500018347,0.016891891005798243,0.019965809005952906,1.5446139569976367,-2240.0,-2670.0
100.0,50.0,4.0,2.0,1.0,1.0,12.0,0.024831804999848828,0.060883721002028324,0.018696294995606877,0.014783917002205271,1.6638170589940273,-2240.0,-2630.0
100.0,50.0,4.0,2.0,1.0,1.0,13.0,0.025368656002683565,0.05800596799963387,0.01703277500200784,0.01921067199873505,1.7834426279951003,-2170.0,-2590.0
100.0,50.0,4.0,2.0,1.0,1.0,14.0,0.024848713001119904,0.06026965299679432,0.017549944001075346,0.017457664005632978,1.9035756129960646,-2170.0,-2570.0
100.0,50.0,4.0,2.0,1.0,1.0,15.0,0.024417628002993297,0.06694533600239083,0.016126244998304173,0.01619708199723391,2.0272689489938784,-2170.0,-2560.0
100.0,50.0,4.0,2.0,1.0,1.0,16.0,0.02412447499955306,0.06094463400222594,0.01752654799929587,0.018458326994732488,2.1483298469975125,-2070.0,-2480.0
100.0,50.0,4.0,2.0,1.0,1.0,17.0,0.02384700599941425,0.05745469300018158,0.017011973999615293,0.017665483996097464,2.2643166149937315,-2070.0,-2440.0
100.0,50.0,4.0,2.0,1.0,1.0,18.0,0.025757205999980215,0.053497626999160275,0.016435794001154136,0.01102805199479917,2.371042752994981,-2070.0,-2390.0
100.0,50.0,4.0,2.0,1.0,1.0,19.0,0.026094052998814732,0.05693916999734938,0.018602866999572143,0.014588144003937487,2.4872747199988225,-2070.0,-2370.0
100.0,50.0,4.0,2.0,1.0,1.0,20.0,0.024528679001377895,0.06030286500026705,0.01742917100636987,0.017624665997573175,2.6071675879938994,-2050.0,-2360.0
100.0,50.0,4.0,2.0,1.0,1.0,21.0,0.026240662002237514,0.060923780998564325,0.020601234995410778,0.018763382999168243,2.733704227997805,-2050.0,-2350.0
100.0,50.0,4.0,2.0,1.0,1.0,22.0,0.025533997999446,0.0602697590002208,0.017162968004413415,0.02171223800542066,2.8583908369982964,-1970.0,-2320.0
100.0,50.0,4.0,2.0,1.0,1.0,23.0,0.023964866995811462,0.05949817899818299,0.017071987997042015,0.022236759003135376,2.9811721309961285,-1940.0,-2300.0
100.0,50.0,4.0,2.0,1.0,1.0,24.0,0.02557985100429505,0.06001837599615101,0.018093328006216325,0.0233544319999055,3.108226875992841,-1940.0,-2270.0
100.0,50.0,4.0,2.0,1.0,1.0,25.0,0.02443415099696722,0.05975717899855226,0.018923223004094325,0.019878658997185994,3.231227629999921,-1890.0,-2240.0
100.0,50.0,4.0,2.0,1.0,1.0,26.0,0.02488856100535486,0.060747682000510395,0.016691654003807344,0.02018788100394886,3.3537513089977438,-1810.0,-2220.0
100.0,50.0,4.0,2.0,1.0,1.0,27.0,0.02468591799697606,0.06779526500031352,0.015603674997691996,0.024898638999729883,3.4867428789948463,-1810.0,-2180.0
100.0,50.0,4.0,2.0,1.0,1.0,28.0,0.024276611999084707,0.06289649700192967,0.016222530000959523,0.0283032910010661,3.6184501569950953,-1810.0,-2150.0
100.0,50.0,4.0,2.0,1.0,1.0,29.0,0.026559646998066455,0.06444221299898345,0.018542738995165564,0.02091078399826074,3.74891575199581,-1750.0,-2110.0
100.0,50.0,4.0,2.0,1.0,1.0,30.0,0.026597386997309513,0.060069866995036136,0.016334432002622634,0.02300920400011819,3.8749341139991884,-1750.0,-2110.0
100.0,50.0,4.0,2.0,1.0,1.0,31.0,0.025497061003989074,0.060077658999944106,0.01876610999897821,0.021919548002188094,4.001202093997563,-1660.0,-2090.0
100.0,50.0,4.0,2.0,1.0,1.0,32.0,0.024136953994457144,0.0648000619985396,0.016887156998564024,0.023597805004101247,4.1306319999930565,-1560.0,-2050.0
100.0,50.0,4.0,2.0,1.0,1.0,33.0,0.025475113005086314,0.05839616699813632,0.016724795001209714,0.020433639001566917,4.251669103992754,-1560.0,-2030.0
100.0,50.0,4.0,2.0,1.0,1.0,34.0,0.024086680998152588,0.059282456000801176,0.01695331899827579,0.017938796001544688,4.369938567993813,-1560.0,-2000.0
100.0,50.0,4.0,2.0,1.0,1.0,35.0,0.024399662004725542,0.06013210300443461,0.016580354997131508,0.017242185000213794,4.488300796998374,-1460.0,-1950.0
100.0,50.0,4.0,2.0,1.0,1.0,36.0,0.025552860002790112,0.0618125390028581,0.015123737997782882,0.016905066993786022,4.607702825996967,-1460.0,-1890.0
100.0,50.0,4.0,2.0,1.0,1.0,37.0,0.025852060003671795,0.0634888620043057,0.017526019997603726,0.0200158849984291,4.734592852997594,-1450.0,-1820.0
100.0,50.0,4.0,2.0,1.0,1.0,38.0,0.02820437199989101,0.059207544996752404,0.01920221800537547,0.014570692997949664,4.855785058993206,-1450.0,-1770.0
100.0,50.0,4.0,2.0,1.0,1.0,39.0,0.027462915000796784,0.06189688100130297,0.015930496003420558,0.019969100998423528,4.981051790993661,-1450.0,-1730.0
100.0,50.0,4.0,2.0,1.0,1.0,40.0,0.024359852002817206,0.06224319500324782,0.017277573002502322,0.01605409300100291,5.1009942589953425,-1230.0,-1710.0
100.0,50.0,4.0,2.0,1.0,1.0,41.0,0.025416223994398024,0.05453411400230834,0.016479934005474206,0.01660775199707132,5.214039103993855,-1230.0,-1680.0
100.0,50.0,4.0,2.0,1.0,1.0,42.0,0.025028115000168327,0.06092532399634365,0.01711080100358231,0.01864604600268649,5.335756977998244,-1230.0,-1650.0
100.0,50.0,4.0,2.0,1.0,1.0,43.0,0.024474724996252917,0.057795184999122284,0.01672848700400209,0.017544274996907916,5.45230714999343,-1230.0,-1630.0
100.0,50.0,4.0,2.0,1.0,1.0,44.0,0.025422600003366824,0.06398206399899209,0.01636300000245683,0.016162298001290765,5.574244756993721,-1230.0,-1590.0
100.0,50.0,4.0,2.0,1.0,1.0,45.0,0.025636694001150317,0.061344720001216047,0.018176304001826793,0.018499686004361138,5.697910134993435,-1230.0,-1570.0
100.0,50.0,4.0,2.0,1.0,1.0,46.0,0.023546903001260944,0.05443466299766442,0.0165388890018221,0.021542946000408847,5.813981147999584,-1230.0,-1560.0
100.0,50.0,4.0,2.0,1.0,1.0,47.0,0.02401135800027987,0.05796238799666753,0.01748460299859289,0.01804576500580879,5.9314936219961965,-1230.0,-1550.0
100.0,50.0,4.0,2.0,1.0,1.0,48.0,0.022623845005000476,0.06577875700168079,0.01716481599578401,0.02013565900415415,6.057205551995139,-1230.0,-1520.0
100.0,50.0,4.0,2.0,1.0,1.0,49.0,0.026185534996329807,0.057152478002535645,0.015349303997936659,0.019831434001389425,6.175731524999719,-1230.0,-1500.0
100.0,50.0,4.0,2.0,1.0,1.0,50.0,0.025321407003502827,0.05781820000265725,0.017011233998346142,0.019310761999804527,6.295200423999631,-1180.0,-1470.0
100.0,50.0,4.0,2.0,1.0,1.0,51.0,0.0232813359980355,0.061994989999220707,0.016990379997878335,0.016308972000842914,6.413783860996773,-1180.0,-1460.0
100.0,50.0,4.0,2.0,1.0,1.0,52.0,0.024550201000238303,0.056565259998023976,0.016862998003489338,0.012440466998668853,6.524210697993112,-1180.0,-1460.0
100.0,50.0,4.0,2.0,1.0,1.0,53.0,0.026549182999588083,0.057302359004097525,0.017571598997164983,0.014824529993347824,6.640465932992811,-1180.0,-1450.0
100.0,50.0,4.0,2.0,1.0,1.0,54.0,0.02312061799602816,0.06048296199878678,0.017433900000469293,0.015901732003840152,6.757412414997816,-1180.0,-1430.0
100.0,50.0,4.0,2.0,1.0,1.0,55.0,0.025602561996493023,0.05799810999451438,0.01734466500056442,0.014669698000943754,6.8730347259988775,-1180.0,-1430.0
100.0,50.0,4.0,2.0,1.0,1.0,56.0,0.027484211001137737,0.052775301002839115,0.016945753995969426,0.013930328997957986,6.984178063998115,-1150.0,-1400.0
100.0,50.0,4.0,2.0,1.0,1.0,57.0,0.02439041899924632,0.06180375199619448,0.01711847700062208,0.01610935799544677,7.10360741999466,-1150.0,-1390.0
100.0,50.0,4.0,2.0,1.0,1.0,58.0,0.02580726899759611,0.05414830499648815,0.019459910996374674,0.011933793000935111,7.214964061997307,-1150.0,-1370.0
100.0,50.0,4.0,2.0,1.0,1.0,59.0,0.02405168399855029,0.060973353996814694,0.017869548995804507,0.014424791996134445,7.332290773993009,-1150.0,-1360.0
100.0,50.0,4.0,2.0,1.0,1.0,60.0,0.02510795499983942,0.054532592999748886,0.018229964000056498,0.018431604003126267,7.448600478994194,-1150.0,-1350.0
100.0,50.0,4.0,2.0,1.0,1.0,61.0,0.027423665997048374,0.06367432000115514,0.017137376002210658,0.014738001002115197,7.571581034993869,-1150.0,-1350.0
100.0,50.0,4.0,2.0,1.0,1.0,62.0,0.025329157993837725,0.0592770430012024,0.016429839000920765,0.015914789997623302,7.688540194998495,-1150.0,-1350.0
100.0,50.0,4.0,2.0,1.0,1.0,63.0,0.027535643996088766,0.06372563599870773,0.017106628001783974,0.014353486003528815,7.811269930993149,-1100.0,-1340.0
100.0,50.0,4.0,2.0,1.0,1.0,64.0,0.025963402003981173,0.06207255900517339,0.02015543600282399,0.014813385998422746,7.934282660993631,-1090.0,-1340.0
100.0,50.0,4.0,2.0,1.0,1.0,65.0,0.025136680997093208,0.05768350300058955,0.01861090999591397,0.01489052499528043,8.050611936996575,-1090.0,-1330.0
100.0,50.0,4.0,2.0,1.0,1.0,66.0,0.02723197700106539,0.0585953870031517,0.01722077399608679,0.013980830997752491,8.167648643997381,-1070.0,-1320.0
100.0,50.0,4.0,2.0,1.0,1.0,67.0,0.026773978999699466,0.056231391994515434,0.016669708995323163,0.011608960005105473,8.278940227995918,-1070.0,-1310.0
100.0,50.0,4.0,2.0,1.0,1.0,68.0,0.026698597997892648,0.06294969799637329,0.0207040870009223,0.017302622996794526,8.406602746996214,-1070.0,-1300.0
100.0,50.0,4.0,2.0,1.0,1.0,69.0,0.025817379006184638,0.05910642300295876,0.017520913999760523,0.017954066999664064,8.527009183999326,-1070.0,-1290.0
100.0,50.0,4.0,2.0,1.0,1.0,70.0,0.02677350900194142,0.05756043900328223,0.019294817000627518,0.01207228400016902,8.642718079994665,-1070.0,-1280.0
100.0,50.0,4.0,2.0,1.0,1.0,71.0,0.02619429300102638,0.05684936100442428,0.01578133099974366,0.010404720000224188,8.751955720996193,-1070.0,-1280.0
100.0,50.0,4.0,2.0,1.0,1.0,72.0,0.026351694999902975,0.06767921899881912,0.017432704000384547,0.013121757001499645,8.876548705993628,-1070.0,-1280.0
100.0,50.0,4.0,2.0,1.0,1.0,73.0,0.026219954997941386,0.055446485996071715,0.019115274997602683,0.013111155996739399,8.990450580997276,-1070.0,-1270.0
100.0,50.0,4.0,2.0,1.0,1.0,74.0,0.02425577199755935,0.05197185999713838,0.019807486001809593,0.010708360001444817,9.09720152799855,-1070.0,-1270.0
100.0,50.0,4.0,2.0,1.0,1.0,75.0,0.02717920099530602,0.052287197002442554,0.017853573001048062,0.01442749999841908,9.208956833994307,-1070.0,-1270.0
100.0,50.0,4.0,2.0,1.0,1.0,76.0,0.025900601998728234,0.05030776700004935,0.01761851299670525,0.012777158997778315,9.315568456993788,-1070.0,-1260.0
100.0,50.0,4.0,2.0,1.0,1.0,77.0,0.025089096998271998,0.05492757799947867,0.019205630997021217,0.016905926997424103,9.431704345995968,-1070.0,-1250.0
100.0,50.0,4.0,2.0,1.0,1.0,78.0,0.024994159997731913,0.058377070003189147,0.01706571800605161,0.013983520999317989,9.546133663992805,-1070.0,-1230.0
100.0,50.0,4.0,2.0,1.0,1.0,79.0,0.026122889001271687,0.0557758040013141,0.017586396999831777,0.01863898000010522,9.664265638995857,-1070.0,-1230.0
100.0,50.0,4.0,2.0,1.0,1.0,80.0,0.029136881996237207,0.0578519859991502,0.0177357540014782,0.013257926002552267,9.782256033999147,-1040.0,-1220.0
100.0,50.0,4.0,2.0,1.0,1.0,81.0,0.026392082996608224,0.05955069100309629,0.01666386400029296,0.018876021000323817,9.903746297997714,-1040.0,-1220.0
100.0,50.0,4.0,2.0,1.0,1.0,82.0,0.024770231000729837,0.056502412000554614,0.01825107799959369,0.019934505995479412,10.023212077998323,-1040.0,-1200.0
100.0,50.0,4.0,2.0,1.0,1.0,83.0,0.025465560000156984,0.05341302799934056,0.017355388998112176,0.015012412004580256,10.134545705994242,-1040.0,-1190.0
100.0,50.0,4.0,2.0,1.0,1.0,84.0,0.025216065005224664,0.059133293994818814,0.017277857994486112,0.015531611999904271,10.251711806995445,-1040.0,-1180.0
100.0,50.0,4.0,2.0,1.0,1.0,85.0,0.02589478500158293,0.06414176899852464,0.018287838996911887,0.01426565300062066,10.374308965998353,-1040.0,-1180.0
100.0,50.0,4.0,2.0,1.0,1.0,86.0,0.024946669000200927,0.05189017199882073,0.01738874800503254,0.013216806997661479,10.481758819994866,-1040.0,-1170.0
100.0,50.0,4.0,2.0,1.0,1.0,87.0,0.0266325019983924,0.056199129998276476,0.019255305000115186,0.021395769996161107,10.605249271997309,-1040.0,-1170.0
100.0,50.0,4.0,2.0,1.0,1.0,88.0,0.026198142004432157,0.05942160900303861,0.01802532900182996,0.008977361001598183,10.717879270996491,-1040.0,-1170.0
100.0,50.0,4.0,2.0,1.0,1.0,89.0,0.025856942003883887,0.05858890400122618,0.018076845997711644,0.021400947000074666,10.84181156399427,-1040.0,-1160.0
100.0,50.0,4.0,2.0,1.0,1.0,90.0,0.025194155001372565,0.05955509500199696,0.017272251003305428,0.016622522001853213,10.96046332399419,-1040.0,-1160.0
100.0,50.0,4.0,2.0,1.0,1.0,91.0,0.024957935995189473,0.058818518999032676,0.016655277002428193,0.020389214005263057,11.081291587994201,-1040.0,-1150.0
100.0,50.0,4.0,2.0,1.0,1.0,92.0,0.027620388005743735,0.05962364500010153,0.016972539000562392,0.015054610004881397,11.200569853994239,-1040.0,-1150.0
100.0,50.0,4.0,2.0,1.0,1.0,93.0,0.025615926999307703,0.06181312000262551,0.01922108700091485,0.02097679399594199,11.32820488899597,-1040.0,-1150.0
100.0,50.0,4.0,2.0,1.0,1.0,94.0,0.025044380003237166,0.057583235000493005,0.017614655997022055,0.016855800997291226,11.44531422,-1040.0,-1140.0
100.0,50.0,4.0,2.0,1.0,1.0,95.0,0.02481836600054521,0.06078373600030318,0.017633662006119266,0.01641035600187024,11.564968027996656,-1040.0,-1140.0
100.0,50.0,4.0,2.0,1.0,1.0,96.0,0.026511057003517635,0.060724792994733434,0.018443717999616638,0.018205991997092497,11.688861087997793,-1040.0,-1140.0
100.0,50.0,4.0,2.0,1.0,1.0,97.0,0.025104296997596975,0.05620066400297219,0.018731185999058653,0.014134329001535662,11.80303939699661,-1040.0,-1140.0
100.0,50.0,4.0,2.0,1.0,1.0,98.0,0.025666376001026947,0.05946797599608544,0.017081922000215854,0.017814633996749762,11.923077727995405,-1040.0,-1140.0
100.0,50.0,4.0,2.0,1.0,1.0,99.0,0.025170927998260595,0.056812312999682035,0.01950952100014547,0.020581197997671552,12.045159287998104,-1040.0,-1140.0
100.0,50.0,4.0,2.0,1.0,1.0,100.0,0.024242704996140674,0.05515911499969661,0.018022233998635784,0.01647112199862022,12.159062144994095,-1040.0,-1140.0
100.0,50.0,4.0,2.0,1.0,1.0,101.0,0.027523696000571363,0.0604404039986548,0.01772186999733094,0.022194224002305418,12.286949738998374,-1040.0,-1140.0
100.0,50.0,4.0,2.0,1.0,1.0,102.0,0.025093988995649852,0.059983496998029295,0.017673192000074778,0.020522980994428508,12.410231292997196,-1040.0,-1140.0
100.0,50.0,4.0,2.0,1.0,1.0,103.0,0.026912127999821678,0.05919565899966983,0.017484466996393166,0.018081591006193776,12.531914018996758,-1040.0,-1140.0
100.0,50.0,4.0,2.0,1.0,1.0,104.0,0.02615727700322168,0.05954080999799771,0.01872056400316069,0.01954284900421044,12.655883265993907,-1040.0,-1130.0
100.0,50.0,4.0,2.0,1.0,1.0,105.0,0.027156176998687442,0.058933282998623326,0.017030728995450772,0.018132084005628712,12.777143076993525,-1040.0,-1130.0
100.0,50.0,4.0,2.0,1.0,1.0,106.0,0.026513548000366427,0.05245128800015664,0.01719310999760637,0.021890159994654823,12.895198721998895,-950.0,-1130.0
100.0,50.0,4.0,2.0,1.0,1.0,107.0,0.02688682800362585,0.05740917600633111,0.017970659006095957,0.01492442999733612,13.012407724992954,-950.0,-1130.0
100.0,50.0,4.0,2.0,1.0,1.0,108.0,0.026524919994699303,0.057821536996925715,0.017173480002384167,0.020634947999496944,13.134570106994943,-950.0,-1120.0
100.0,50.0,4.0,2.0,1.0,1.0,109.0,0.0250075240037404,0.05921629600197775,0.017403970996383578,0.016554212998016737,13.252759552997304,-950.0,-1110.0
100.0,50.0,4.0,2.0,1.0,1.0,110.0,0.025463475998549256,0.05892890500399517,0.018318631999136414,0.01808179300132906,13.373559780993673,-950.0,-1110.0
100.0,50.0,4.0,2.0,1.0,1.0,111.0,0.02740042300138157,0.0623885370005155,0.01659505700081354,0.0194598340021912,13.499410888995044,-950.0,-1100.0
100.0,50.0,4.0,2.0,1.0,1.0,112.0,0.026211861993942875,0.05928503500035731,0.017735915003868286,0.020515937001619022,13.62316845299938,-950.0,-1100.0
100.0,50.0,4.0,2.0,1.0,1.0,113.0,0.02590123600384686,0.06020629999693483,0.02270045299519552,0.017423502999008633,13.749409040996397,-950.0,-1100.0
100.0,50.0,4.0,2.0,1.0,1.0,114.0,0.026885594001214486,0.07053163499949733,0.019605418005085085,0.015233901001920458,13.881673128998955,-950.0,-1100.0
100.0,50.0,4.0,2.0,1.0,1.0,115.0,0.02408552199631231,0.061549137004476506,0.01924525899812579,0.02009442100097658,14.006659859995125,-950.0,-1100.0
100.0,50.0,4.0,2.0,1.0,1.0,116.0,0.026338229996326845,0.05657310199603671,0.018148369999835268,0.020534875002340414,14.128261864992965,-950.0,-1100.0
100.0,50.0,4.0,2.0,1.0,1.0,117.0,0.025594150996766984,0.06030396699497942,0.017925640000612475,0.01573647600162076,14.24782999499439,-950.0,-1100.0
100.0,50.0,4.0,2.0,1.0,1.0,118.0,0.02543526500085136,0.053191570994385984,0.018817616000887938,0.023722215999441687,14.369004164997023,-950.0,-1100.0
100.0,50.0,4.0,2.0,1.0,1.0,119.0,0.02550694000092335,0.06002241900569061,0.018088462995365262,0.023744545003864914,14.496374366994132,-950.0,-1100.0
100.0,50.0,4.0,2.0,1.0,1.0,120.0,0.025540497998008505,0.05874376900464995,0.017223052003828343,0.021505370998056605,14.619394990993896,-950.0,-1100.0
100.0,50.0,4.0,2.0,1.0,1.0,121.0,0.030405853998672683,0.06164335799985565,0.01817992299766047,0.019980217002739664,14.749612097999488,-950.0,-1100.0
100.0,50.0,4.0,2.0,1.0,1.0,122.0,0.02615049199812347,0.06503657899884274,0.017611793999094516,0.0224465070059523,14.880865146995347,-950.0,-1090.0
100.0,50.0,4.0,2.0,1.0,1.0,123.0,0.02700458699837327,0.05665322599816136,0.01871731899882434,0.020423574998858385,15.00367155099957,-950.0,-1090.0
100.0,50.0,4.0,2.0,1.0,1.0,124.0,0.024167159994249232,0.05775138400349533,0.020690213001216762,0.019680583995068446,15.125968289998127,-950.0,-1090.0
100.0,50.0,4.0,2.0,1.0,1.0,125.0,0.025716326999827288,0.056308823004656006,0.01730010699975537,0.020632502004445996,15.2459339479974,-950.0,-1090.0
100.0,50.0,4.0,2.0,1.0,1.0,126.0,0.025487879996944685,0.06293255499622319,0.01932520599802956,0.01875322299747495,15.372440948995063,-950.0,-1090.0
100.0,50.0,4.0,2.0,1.0,1.0,127.0,0.02559342799941078,0.06285732300602831,0.017367729000397958,0.01840906999859726,15.496676173999731,-950.0,-1090.0
100.0,50.0,4.0,2.0,1.0,1.0,128.0,0.02331825500004925,0.0648118590033846,0.018329903003177606,0.018690684999455698,15.62183451099554,-950.0,-1090.0
100.0,50.0,4.0,2.0,1.0,1.0,129.0,0.025034778998815455,0.06101132200274151,0.01775511499727145,0.020699943001091015,15.746343011996942,-950.0,-1080.0
100.0,50.0,4.0,2.0,1.0,1.0,130.0,0.02695441599644255,0.06110760600131471,0.01914253699942492,0.02205973100353731,15.875614953998593,-950.0,-1080.0
100.0,50.0,4.0,2.0,1.0,1.0,131.0,0.02619997600413626,0.05971764199784957,0.019446535996394232,0.022580035001737997,16.003566733998014,-950.0,-1080.0
100.0,50.0,4.0,2.0,1.0,1.0,132.0,0.025061830005142838,0.05679979900014587,0.017515342005935963,0.016990060998068657,16.119941317992925,-950.0,-1080.0
100.0,50.0,4.0,2.0,1.0,1.0,133.0,0.023744737001834437,0.05394755799352424,0.0169334720048937,0.022358989001077134,16.23693331499817,-950.0,-1080.0
100.0,50.0,4.0,2.0,1.0,1.0,134.0,0.026625954000337515,0.06018667100579478,0.0167095340002561,0.017198733003169764,16.357662119997258,-950.0,-1080.0
100.0,50.0,4.0,2.0,1.0,1.0,135.0,0.026526217996433843,0.05575486999441637,0.018416295999486465,0.024151402998541016,16.482518296994385,-930.0,-1080.0
100.0,50.0,4.0,2.0,1.0,1.0,136.0,0.02578646499750903,0.05632085900288075,0.016867780999746174,0.01996358200267423,16.601464468993072,-930.0,-1070.0
100.0,50.0,4.0,2.0,1.0,1.0,137.0,0.02546071999677224,0.059605577000183985,0.01682929899834562,0.017078386001230683,16.72044616999483,-930.0,-1070.0
100.0,50.0,4.0,2.0,1.0,1.0,138.0,0.027754810005717445,0.058011185996292625,0.01727011400362244,0.02346570699592121,16.84695525799907,-930.0,-1070.0
100.0,50.0,4.0,2.0,1.0,1.0,139.0,0.024332023996976204,0.061229083003127016,0.019352204995811917,0.018203462001110893,16.97008024099341,-930.0,-1070.0
100.0,50.0,4.0,2.0,1.0,1.0,140.0,0.027238418006163556,0.05753433600330027,0.016229013999691233,0.017055681004421785,17.08814503099711,-930.0,-1070.0
100.0,50.0,4.0,2.0,1.0,1.0,141.0,0.025874584993289318,0.05864067899528891,0.018862316996091977,0.022657923997030593,17.214187890996982,-930.0,-1070.0
100.0,50.0,4.0,2.0,1.0,1.0,142.0,0.025879022003209684,0.062023196995141916,0.017459447000874206,0.025474519999988843,17.345031454999116,-930.0,-1060.0
100.0,50.0,4.0,2.0,1.0,1.0,143.0,0.023962518003827427,0.05442197699449025,0.018522701000620145,0.02203299199754838,17.46397963599884,-930.0,-1060.0
100.0,50.0,4.0,2.0,1.0,1.0,144.0,0.02671592900151154,0.0575582539968309,0.01718571100354893,0.02096695599902887,17.586414355995657,-930.0,-1060.0
100.0,50.0,4.0,2.0,1.0,1.0,145.0,0.026343862002249807,0.056141589004255366,0.018989136995514855,0.017698871000902727,17.70559546699951,-930.0,-1060.0
100.0,50.0,4.0,2.0,1.0,1.0,146.0,0.02677077399857808,0.058185977999528404,0.018304798999452032,0.017500138004834298,17.82636473399907,-930.0,-1060.0
100.0,50.0,4.0,2.0,1.0,1.0,147.0,0.025613747005991172,0.05707080600404879,0.018964468006743118,0.023531922000984196,17.951553204999072,-930.0,-1060.0
100.0,50.0,4.0,2.0,1.0,1.0,148.0,0.02740376299334457,0.06722861099842703,0.018938945002446417,0.024389139005506877,18.089521308997064,-930.0,-1060.0
100.0,50.0,4.0,2.0,1.0,1.0,149.0,0.026267875997291412,0.06130911399668548,0.018217550998087972,0.019392078997043427,18.214727678998315,-930.0,-1060.0
100.0,50.0,4.0,2.0,1.0,1.0,150.0,0.026346594000642654,0.058187328999338206,0.018044478005322162,0.013793842001177836,18.331107657999382,-900.0,-1060.0
100.0,50.0,4.0,2.0,1.0,1.0,151.0,0.02646092200302519,0.05791849800152704,0.017324220003501978,0.02493512299406575,18.4577543589985,-900.0,-1060.0
100.0,50.0,4.0,2.0,1.0,1.0,152.0,0.026236281999445055,0.05529841599491192,0.016914305997488555,0.01778416000161087,18.573995397993713,-900.0,-1060.0
100.0,50.0,4.0,2.0,1.0,1.0,153.0,0.02588632900005905,0.0653342520017759,0.0202812349962187,0.024046420003287494,18.7095510539948,-900.0,-1060.0
100.0,50.0,4.0,2.0,1.0,1.0,154.0,0.02569068300363142,0.05865540800004965,0.019783409996307455,0.022964404997765087,18.836652630998287,-900.0,-1060.0
100.0,50.0,4.0,2.0,1.0,1.0,155.0,0.024839044999680482,0.05994197999825701,0.016925305004406255,0.021663215004082303,18.960030148999067,-900.0,-1060.0
100.0,50.0,4.0,2.0,1.0,1.0,156.0,0.025620580003305804,0.059007085001212545,0.01797492899640929,0.019984218997706193,19.082624951995967,-900.0,-1060.0
100.0,50.0,4.0,2.0,1.0,1.0,157.0,0.026427625998621807,0.059034477002569474,0.01703211200219812,0.025037708997842856,19.210164134994557,-900.0,-1060.0
100.0,50.0,4.0,2.0,1.0,1.0,158.0,0.024234156997408718,0.07529822299693478,0.019463996002741624,0.01799871399998665,19.347166549996473,-900.0,-1060.0
100.0,50.0,4.0,2.0,1.0,1.0,159.0,0.026279935002094135,0.06436044400470564,0.019348884001374245,0.028024864004692063,19.485188314996776,-900.0,-1050.0
100.0,50.0,4.0,2.0,1.0,1.0,160.0,0.02454508899973007,0.060252493000007235,0.019119504002446774,0.020869534004305024,19.609982764995948,-900.0,-1040.0
100.0,50.0,4.0,2.0,1.0,1.0,161.0,0.024130611003783997,0.05580472000292502,0.017322419000265654,0.02409978899959242,19.731348029999936,-900.0,-1040.0
100.0,50.0,4.0,2.0,1.0,1.0,162.0,0.026863712999329437,0.06187663500168128,0.016248307001660578,0.021730104002926964,19.858074258998386,-840.0,-1030.0
100.0,50.0,4.0,2.0,1.0,1.0,163.0,0.025661488994956017,0.05887738399906084,0.0188604060022044,0.025390293005330022,19.98687112799962,-840.0,-1030.0
100.0,50.0,4.0,2.0,1.0,1.0,164.0,0.02560639699368039,0.05478622700320557,0.018213327995908912,0.019306857000628952,20.10479129999294,-830.0,-1030.0
100.0,50.0,4.0,2.0,1.0,1.0,165.0,0.02590482300001895,0.05908845699741505,0.016613251995295286,0.023582626999996137,20.230026151999482,-830.0,-1030.0
100.0,50.0,4.0,2.0,1.0,1.0,166.0,0.02588744999957271,0.059922758999164216,0.017731607003952377,0.02013194099708926,20.35370767999848,-830.0,-1030.0
100.0,50.0,4.0,2.0,1.0,1.0,167.0,0.025299815999460407,0.06198887200298486,0.019529144999978598,0.024024611004278995,20.48455794599431,-830.0,-1020.0
100.0,50.0,4.0,2.0,1.0,1.0,168.0,0.023932579999382142,0.06259560400212649,0.018048753001494333,0.023486666999815498,20.612628995993873,-830.0,-1010.0
100.0,50.0,4.0,2.0,1.0,1.0,169.0,0.02789662299619522,0.05789723999623675,0.018071443002554588,0.027074550998804625,20.743576127999404,-830.0,-1000.0
100.0,50.0,4.0,2.0,1.0,1.0,170.0,0.025637404003646225,0.061582485002873,0.017735189998347778,0.022390418998838868,20.870929234995856,-830.0,-1000.0
100.0,50.0,4.0,2.0,1.0,1.0,171.0,0.027687606001563836,0.0654019680005149,0.016867614001967013,0.030008286994416267,21.010902078996878,-830.0,-1000.0
100.0,50.0,4.0,2.0,1.0,1.0,172.0,0.025758960997336544,0.06373778700071853,0.018388953001704067,0.027425907996075694,21.14622134599631,-830.0,-1000.0
100.0,50.0,4.0,2.0,1.0,1.0,173.0,0.02646799699869007,0.05835243400360923,0.01861353000276722,0.019607512003858574,21.269270853998023,-830.0,-990.0
100.0,50.0,4.0,2.0,1.0,1.0,174.0,0.025764635000086855,0.058583890000591055,0.01726211699860869,0.024071635998552665,21.39497128399671,-830.0,-990.0
100.0,50.0,4.0,2.0,1.0,1.0,175.0,0.026921210999717005,0.06753351099905558,0.017881489999126643,0.024878287993487902,21.532193483995798,-830.0,-990.0
100.0,50.0,4.0,2.0,1.0,1.0,176.0,0.023703234001004603,0.054013633001886774,0.017878771999676246,0.029838209004083183,21.65763513699494,-830.0,-990.0
100.0,50.0,4.0,2.0,1.0,1.0,177.0,0.025961505001760088,0.05429873899993254,0.017185024000355043,0.02066939899668796,21.7757575719952,-830.0,-990.0
100.0,50.0,4.0,2.0,1.0,1.0,178.0,0.026554006995866075,0.0625316820005537,0.017182204996061046,0.021947158995317295,21.90398062299937,-830.0,-990.0
100.0,50.0,4.0,2.0,1.0,1.0,179.0,0.027943177003180608,0.05316085099912016,0.016756913995777722,0.02339773999847239,22.025246986995626,-740.0,-980.0
100.0,50.0,4.0,2.0,1.0,1.0,180.0,0.025369076000060886,0.06072097099968232,0.018530726003518794,0.028100781004468445,22.15797607499553,-740.0,-980.0
100.0,50.0,4.0,2.0,1.0,1.0,181.0,0.02585798699874431,0.06180988599953707,0.017903746003867127,0.02483085599669721,22.288386207997974,-740.0,-970.0
100.0,50.0,4.0,2.0,1.0,1.0,182.0,0.02438957299455069,0.05921402700187173,0.017782265997084323,0.022491547002573498,22.412271270994097,-740.0,-970.0
100.0,50.0,4.0,2.0,1.0,1.0,183.0,0.02392989699728787,0.0717403579983511,0.018953143997350708,0.02645741000014823,22.553359657998953,-740.0,-970.0
100.0,50.0,4.0,2.0,1.0,1.0,184.0,0.02494017699791584,0.06050116300320951,0.016973344005236868,0.024558879995311145,22.680340541999612,-740.0,-970.0
100.0,50.0,4.0,2.0,1.0,1.0,185.0,0.028142342001956422,0.05848277900076937,0.01650473499466898,0.027572150000196416,22.811049708994688,-740.0,-970.0
100.0,50.0,4.0,2.0,1.0,1.0,186.0,0.025381387000379618,0.05861325299338205,0.018636310000147205,0.02478116799466079,22.938468990992988,-740.0,-970.0
100.0,50.0,4.0,2.0,1.0,1.0,187.0,0.025428737993934192,0.059767776998342015,0.01755841900012456,0.02392348500143271,23.06515480199596,-740.0,-960.0
100.0,50.0,4.0,2.0,1.0,1.0,188.0,0.02617413299594773,0.060816712997620925,0.01770434500213014,0.025882018002448604,23.19573993699305,-740.0,-960.0
100.0,50.0,4.0,2.0,1.0,1.0,189.0,0.02436486900114687,0.0595536910041119,0.01877753400185611,0.02400798499729717,23.322451418993296,-740.0,-950.0
100.0,50.0,4.0,2.0,1.0,1.0,190.0,0.02377263700327603,0.05667928400362143,0.016690831005689688,0.029267318001075182,23.448869219995686,-690.0,-950.0
100.0,50.0,4.0,2.0,1.0,1.0,191.0,0.024636746005853638,0.05560359000082826,0.016982694003672805,0.02564704500400694,23.571747185997083,-690.0,-940.0
100.0,50.0,4.0,2.0,1.0,1.0,192.0,0.025940523999452125,0.058008299994980916,0.019856197999615688,0.026863388004130684,23.702423196999007,-690.0,-930.0
100.0,50.0,4.0,2.0,1.0,1.0,193.0,0.026313766997191124,0.0577830170004745,0.01724943999579409,0.02616926199698355,23.829946302997996,-690.0,-930.0
100.0,50.0,4.0,2.0,1.0,1.0,194.0,0.02644098300515907,0.05819529300060822,0.01795728200522717,0.02222121100203367,23.954769017997023,-690.0,-920.0
100.0,50.0,4.0,2.0,1.0,1.0,195.0,0.026728356002422515,0.06120913600170752,0.019410929999139626,0.023813849002181087,24.085938952994184,-690.0,-920.0
100.0,50.0,4.0,2.0,1.0,1.0,196.0,0.026046546998259146,0.06036167099955492,0.018019637995166704,0.02945043899671873,24.219824821993825,-610.0,-900.0
100.0,50.0,4.0,2.0,1.0,1.0,197.0,0.026179432003118563,0.05671823099692119,0.0171448200053419,0.024863138001819607,24.344738289997622,-570.0,-890.0
100.0,50.0,4.0,2.0,1.0,1.0,198.0,0.025350764000904746,0.05820551899523707,0.01897848999942653,0.027171093002834823,24.47445187899575,-500.0,-870.0
100.0,50.0,4.0,2.0,1.0,1.0,199.0,0.02621275300043635,0.05939594000665238,0.01716677699732827,0.02448683200054802,24.60172169199359,-420.0,-840.0
100.0,50.0,4.0,2.0,1.0,1.0,200.0,0.027944944995397236,0.06024805000197375,0.016831925000587944,0.018416352999338415,24.725170571997296,-420.0,-790.0
100.0,50.0,4.0,2.0,1.0,1.0,201.0,0.0261160580048454,0.054174267999769654,0.01698271500208648,0.012298455003474373,24.834750079993682,-370.0,-720.0
100.0,50.0,4.0,2.0,1.0,1.0,202.0,0.02835581699764589,0.06504451199725736,0.01822963100130437,0.020747341004607733,24.967135300998052,-350.0,-650.0
100.0,50.0,4.0,2.0,1.0,1.0,203.0,0.025591430996428244,0.06151966300240019,0.016863056996953674,0.019173396001860965,25.09029037799337,-280.0,-610.0
100.0,50.0,4.0,2.0,1.0,1.0,204.0,0.0245927260039025,0.05550167199544376,0.020492557996476535,0.021361286999308504,25.212246154995228,-200.0,-530.0
100.0,50.0,4.0,2.0,1.0,1.0,205.0,0.024772894001216628,0.05580612100311555,0.019309363997308537,0.016399423002440017,25.328541654998844,-200.0,-490.0
100.0,50.0,4.0,2.0,1.0,1.0,206.0,0.02930470999854151,0.05822410900145769,0.016731029005313758,0.01485679199686274,25.447665906998736,-200.0,-470.0
100.0,50.0,4.0,2.0,1.0,1.0,207.0,0.024238562997197732,0.06391524000355275,0.01621161199727794,0.011283610998361837,25.563322254995,-200.0,-450.0
100.0,50.0,4.0,2.0,1.0,1.0,208.0,0.02623462500196183,0.06406547900405712,0.018925546995888,0.011987589998170733,25.68454305299383,-200.0,-440.0
100.0,50.0,4.0,2.0,1.0,1.0,209.0,0.02698782999505056,0.05896271699748468,0.01876557999639772,0.01507030799984932,25.80433699299465,-200.0,-430.0
100.0,50.0,4.0,2.0,1.0,1.0,210.0,0.02476306600146927,0.05920564400003059,0.017195510998135433,0.013103928002237808,25.91861266099295,-200.0,-420.0
100.0,50.0,4.0,2.0,1.0,1.0,211.0,0.026748430995212402,0.0717650410006172,0.019439304000115953,0.02215477499703411,26.058727628995257,-200.0,-400.0
100.0,50.0,4.0,2.0,1.0,1.0,212.0,0.025506851001409814,0.05918371600273531,0.017378002994519193,0.014117065999016631,26.174920967998332,-200.0,-390.0
100.0,50.0,4.0,2.0,1.0,1.0,213.0,0.025661312996817287,0.0568919189972803,0.016906584998650942,0.013717989997530822,26.288106574997073,-200.0,-380.0
100.0,50.0,4.0,2.0,1.0,1.0,214.0,0.025741762001416646,0.06241177300398704,0.01750496200111229,0.012456757001928054,26.406229177999194,-200.0,-380.0
100.0,50.0,4.0,2.0,1.0,1.0,215.0,0.027537901005416643,0.0527796730020782,0.017055103999155108,0.01645488099893555,26.52006435599469,-200.0,-370.0
100.0,50.0,4.0,2.0,1.0,1.0,216.0,0.0250896079960512,0.05405582800449338,0.017326799003058113,0.01702914500492625,26.63357380299567,-200.0,-370.0
100.0,50.0,4.0,2.0,1.0,1.0,217.0,0.027526242003659718,0.058941679999406915,0.01938863200484775,0.014135801000520587,26.753573228997993,-200.0,-370.0
100.0,50.0,4.0,2.0,1.0,1.0,218.0,0.02575157400133321,0.0527200790020288,0.017921851998835336,0.017742589996487368,26.867716551998456,-200.0,-370.0
100.0,50.0,4.0,2.0,1.0,1.0,219.0,0.026087411999469623,0.05695576499419985,0.01846347599348519,0.012436844001058489,26.981667224994453,-180.0,-360.0
100.0,50.0,4.0,2.0,1.0,1.0,220.0,0.02437880000070436,0.05917854500148678,0.01660876000096323,0.01713432800170267,27.09897500599618,-180.0,-350.0
100.0,50.0,4.0,2.0,1.0,1.0,221.0,0.025124532003246713,0.06330896099825623,0.016596508998190984,0.015289082999515813,27.219301263998204,-180.0,-350.0
100.0,50.0,4.0,2.0,1.0,1.0,222.0,0.02446428799885325,0.05284154399851104,0.017092882000724785,0.020411437995790038,27.334118415994453,-180.0,-340.0
100.0,50.0,4.0,2.0,1.0,1.0,223.0,0.023483021002903115,0.057549590994312894,0.01683005299855722,0.018789973000821192,27.450778338999953,-130.0,-340.0
100.0,50.0,4.0,2.0,1.0,1.0,224.0,0.02529631999641424,0.05820186100027058,0.01759177599888062,0.0166225540015148,27.568498492997605,-130.0,-330.0
100.0,50.0,4.0,2.0,1.0,1.0,225.0,0.024771470001724083,0.05849118100013584,0.01723696800036123,0.024673172003531363,27.69367858599435,-130.0,-320.0
100.0,50.0,4.0,2.0,1.0,1.0,226.0,0.025565336996805854,0.06142656299925875,0.017206232994794846,0.02168484899448231,27.81956955199712,-130.0,-310.0
100.0,50.0,4.0,2.0,1.0,1.0,227.0,0.0238118789930013,0.06664745500165736,0.01728776300296886,0.018209469002613332,27.94553366299806,-130.0,-310.0
100.0,50.0,4.0,2.0,1.0,1.0,228.0,0.023894022997410502,0.06305071899987524,0.01647991099889623,0.017595222001546063,28.066560824998305,-130.0,-300.0
100.0,50.0,4.0,2.0,1.0,1.0,229.0,0.024560671001381706,0.0579259930018452,0.01959496599738486,0.022253606002777815,28.190903674993024,-130.0,-300.0
100.0,50.0,4.0,2.0,1.0,1.0,230.0,0.02537623499665642,0.05628228599380236,0.017741474002832547,0.013777487998595461,28.304088483993837,-130.0,-300.0
100.0,50.0,4.0,2.0,1.0,1.0,231.0,0.022480876999907196,0.05986872199719073,0.016730787996493746,0.023004701994068455,28.42618066399882,-130.0,-300.0
100.0,50.0,4.0,2.0,1.0,1.0,232.0,0.0239418540004408,0.05846815700351726,0.017832051998993848,0.011955538997426629,28.538385977997677,-130.0,-300.0
100.0,50.0,4.0,2.0,1.0,1.0,233.0,0.024451571000099648,0.05402673299977323,0.018238330994790886,0.020230055000865832,28.655340264995175,-130.0,-300.0
100.0,50.0,4.0,2.0,1.0,1.0,234.0,0.02479106400278397,0.058184278997941874,0.016468139001517557,0.014027274002728518,28.768819182994775,-130.0,-290.0
100.0,50.0,4.0,2.0,1.0,1.0,235.0,0.024827601002471056,0.05676428599690553,0.01690555299865082,0.020296099995903205,28.887620361994777,-130.0,-290.0
100.0,50.0,4.0,2.0,1.0,1.0,236.0,0.023753026995109394,0.05805188899830682,0.017021849998855032,0.016146543996001128,29.00260122799955,-130.0,-280.0
100.0,50.0,4.0,2.0,1.0,1.0,237.0,0.027018287000828423,0.06224933599878568,0.015731245002825744,0.015643335005734116,29.123250537995773,-130.0,-280.0
100.0,50.0,4.0,2.0,1.0,1.0,238.0,0.023411105998093262,0.05672133599728113,0.01672244099609088,0.018849571999453474,29.23896305499511,-130.0,-270.0
100.0,50.0,4.0,2.0,1.0,1.0,239.0,0.02373939399694791,0.05163113999878988,0.01816995099943597,0.015984446996299084,29.348494886995468,-130.0,-270.0
100.0,50.0,4.0,2.0,1.0,1.0,240.0,0.024242342995421495,0.05895965899981093,0.01812723399780225,0.017648132998147048,29.46747982499801,-130.0,-270.0
100.0,50.0,4.0,2.0,1.0,1.0,241.0,0.023421906000294257,0.05339900200488046,0.02012908799952129,0.01501788099994883,29.579454517996055,-130.0,-270.0
100.0,50.0,4.0,2.0,1.0,1.0,242.0,0.029176406998885795,0.05652507500053616,0.017735999994329177,0.012276250003196765,29.695174905995373,-130.0,-270.0
100.0,50.0,4.0,2.0,1.0,1.0,243.0,0.0251407100004144,0.058190546005789656,0.017193577994476072,0.01868988000205718,29.81439713799773,-130.0,-270.0
100.0,50.0,4.0,2.0,1.0,1.0,244.0,0.025115301003097557,0.059391194001364056,0.017407529005140532,0.018682848000025842,29.935000852994563,-120.0,-270.0
100.0,50.0,4.0,2.0,1.0,1.0,245.0,0.02459761199861532,0.057063496999035124,0.015663733996916562,0.014151843999570701,30.046484602993587,-120.0,-270.0
100.0,50.0,4.0,2.0,1.0,1.0,246.0,0.024255054995592218,0.05963431100099115,0.017485532000137027,0.01613409599667648,30.164001233999443,-120.0,-270.0
100.0,50.0,4.0,2.0,1.0,1.0,247.0,0.025108534005994443,0.05768629800149938,0.01686301799782086,0.019250233999628108,30.28295139799593,-120.0,-270.0
100.0,50.0,4.0,2.0,1.0,1.0,248.0,0.02580648999719415,0.048544914003286976,0.017460370996559504,0.016680406995874364,30.3914511069961,-120.0,-270.0
100.0,50.0,4.0,2.0,1.0,1.0,249.0,0.022487813999759965,0.07215809899935266,0.017710467996948864,0.018057809997117147,30.52187197299645,-120.0,-260.0
100.0,50.0,4.0,2.0,1.0,1.0,250.0,0.02499709400581196,0.060826385000837035,0.019151608998072334,0.021101982005347963,30.647956895998504,-120.0,-260.0
100.0,50.0,4.0,2.0,1.0,1.0,251.0,0.024054974994214717,0.06013128699851222,0.016765471002145205,0.016140102001372725,30.765055763993587,-120.0,-260.0
100.0,50.0,4.0,2.0,1.0,1.0,252.0,0.024907423001423012,0.05863961800059769,0.017391540000971872,0.01792186799866613,30.883923689994845,-120.0,-260.0
100.0,50.0,4.0,2.0,1.0,1.0,253.0,0.026737082000181545,0.06235618400387466,0.016251717999693938,0.014089170996157918,31.003365411997947,-120.0,-250.0
100.0,50.0,4.0,2.0,1.0,1.0,254.0,0.025317480001831427,0.05926125500263879,0.016244115999143105,0.019849173004331533,31.124044884993054,-120.0,-240.0
100.0,50.0,4.0,2.0,1.0,1.0,255.0,0.02601179499470163,0.06026357100199675,0.018763542000669986,0.017044116000761278,31.246135313995183,-120.0,-230.0
100.0,50.0,4.0,2.0,1.0,1.0,256.0,0.024827218003338203,0.06327044800127624,0.017033775999152567,0.024078932001430076,31.37535295899579,-120.0,-230.0
100.0,50.0,4.0,2.0,1.0,1.0,257.0,0.026782790999277495,0.059739477997936774,0.019120655000733677,0.022585876999073662,31.50358908299677,-120.0,-220.0
100.0,50.0,4.0,2.0,1.0,1.0,258.0,0.025239533999410924,0.05886450699472334,0.01877216999855591,0.024380080998525955,31.63085296099598,-120.0,-220.0
100.0,50.0,4.0,2.0,1.0,1.0,259.0,0.024012465997657273,0.06114839699876029,0.016463556996313855,0.020632644002034795,31.753117332998954,-120.0,-210.0
100.0,50.0,4.0,2.0,1.0,1.0,260.0,0.02477949400054058,0.059164264996070415,0.018765690001600888,0.01478066699928604,31.870615288993577,-120.0,-210.0
100.0,50.0,4.0,2.0,1.0,1.0,261.0,0.024130401005095337,0.06318479399487842,0.015959205004037358,0.01238703200215241,31.986284071994305,-120.0,-210.0
100.0,50.0,4.0,2.0,1.0,1.0,262.0,0.024903802994231228,0.05688162300066324,0.01727573899552226,0.0125619039972662,32.097915386999375,-120.0,-210.0
100.0,50.0,4.0,2.0,1.0,1.0,263.0,0.0244982589938445,0.05873422500008019,0.016528136999113485,0.01648462100274628,32.21416846599459,-110.0,-200.0
100.0,50.0,4.0,2.0,1.0,1.0,264.0,0.028924498001288157,0.06182480799907353,0.017374143993947655,0.0160425310023129,32.338342359995295,-110.0,-200.0
100.0,50.0,4.0,2.0,1.0,1.0,265.0,0.027055661004851572,0.057146049999573734,0.016289940998831298,0.02214270900003612,32.46098436399916,-110.0,-200.0
100.0,50.0,4.0,2.0,1.0,1.0,266.0,0.025839517002168577,0.05432552999991458,0.017208241995831486,0.02273558899469208,32.58110095999291,-110.0,-200.0
100.0,50.0,4.0,2.0,1.0,1.0,267.0,0.02511417599453125,0.06152168499829713,0.020001513003080618,0.014821896998910233,32.70256815599714,-110.0,-190.0
100.0,50.0,4.0,2.0,1.0,1.0,268.0,0.02536633399722632,0.05324453800130868,0.018163854998419993,0.021883754998270888,32.82123402999423,-100.0,-190.0
100.0,50.0,4.0,2.0,1.0,1.0,269.0,0.025723758000822272,0.05888004999724217,0.018009457999141887,0.0172912220004946,32.941146009994554,-90.0,-180.0
100.0,50.0,4.0,2.0,1.0,1.0,270.0,0.026328257998102345,0.06155001700244611,0.019565276998037007,0.0225678839997272,33.07116530799976,-80.0,-180.0
100.0,50.0,4.0,2.0,1.0,1.0,271.0,0.02466318399820011,0.060529385998961516,0.017102610996516887,0.02041449900571024,33.193882343999576,-70.0,-170.0
100.0,50.0,4.0,2.0,1.0,1.0,272.0,0.02510271099890815,0.05762277299800189,0.017226816002221312,0.019421295997744892,33.313263053998526,-70.0,-170.0
100.0,50.0,4.0,2.0,1.0,1.0,273.0,0.02450627899816027,0.059723546997702215,0.01652163700055098,0.011991137005679775,33.42601270999876,-70.0,-160.0
100.0,50.0,4.0,2.0,1.0,1.0,274.0,0.02529144500294933,0.0564867690045503,0.016892816995095927,0.01541426200128626,33.540104801999405,-70.0,-160.0
100.0,50.0,4.0,2.0,1.0,1.0,275.0,0.024866710002243053,0.057324316003359854,0.01863298199896235,0.014794478003750555,33.65573055599816,-70.0,-160.0
100.0,50.0,4.0,2.0,1.0,1.0,276.0,0.026940564006508794,0.05542882699955953,0.016394525999203324,0.019006948998139706,33.773508758997195,-70.0,-150.0
100.0,50.0,4.0,2.0,1.0,1.0,277.0,0.0240240970015293,0.05739120100042783,0.019254883998655714,0.011973990003752988,33.88616039399494,-70.0,-150.0
100.0,50.0,4.0,2.0,1.0,1.0,278.0,0.02482015799614601,0.0576463320030598,0.01644670299720019,0.017795228995964862,34.002875902995584,-70.0,-140.0
100.0,50.0,4.0,2.0,1.0,1.0,279.0,0.02232254399859812,0.06144312499964144,0.018461562001903076,0.017034375996445306,34.12214532299549,-70.0,-140.0
100.0,50.0,4.0,2.0,1.0,1.0,280.0,0.02644238599896198,0.058305366001150105,0.01566010699752951,0.014898549998179078,34.23745933899772,-70.0,-140.0
100.0,50.0,4.0,2.0,1.0,1.0,281.0,0.025099630998738576,0.054227831002208404,0.01640950499859173,0.014058402994123753,34.34726229899388,-60.0,-140.0
100.0,50.0,4.0,2.0,1.0,1.0,282.0,0.027542728996195365,0.05884877200151095,0.018175368997617625,0.013082773999485653,34.46491977899859,-60.0,-130.0
100.0,50.0,4.0,2.0,1.0,1.0,283.0,0.023776809000992216,0.06269193800108042,0.017865742003777996,0.01399979700363474,34.58326181699522,-60.0,-130.0
100.0,50.0,4.0,2.0,1.0,1.0,284.0,0.02502645499771461,0.06458549999661045,0.018024722005065996,0.023541085996839684,34.71444707499904,-50.0,-130.0
100.0,50.0,4.0,2.0,1.0,1.0,285.0,0.025636072998167947,0.06270945700089214,0.017499804998806212,0.01823163100198144,34.83853136599646,-50.0,-130.0
100.0,50.0,4.0,2.0,1.0,1.0,286.0,0.02486425999813946,0.06259623100049794,0.01787894100561971,0.01049383899953682,34.954372108993994,-40.0,-130.0
100.0,50.0,4.0,2.0,1.0,1.0,287.0,0.02751580299809575,0.0608463130047312,0.01581192100275075,0.01511949999985518,35.0736733609956,-40.0,-130.0
100.0,50.0,4.0,2.0,1.0,1.0,288.0,0.025510678002319764,0.054826446998049505,0.017516632993647363,0.018440699997881893,35.18997580999712,-40.0,-130.0
100.0,50.0,4.0,2.0,1.0,1.0,289.0,0.025745874998392537,0.05995705800160067,0.018135839003662113,0.014157277000776958,35.30797958299809,-40.0,-120.0
100.0,50.0,4.0,2.0,1.0,1.0,290.0,0.023862937996455003,0.0641424899949925,0.01786094300041441,0.018375601001025643,35.43222882099508,130.0,-120.0
100.0,50.0,4.0,2.0,1.0,1.0,291.0,0.024777842001640238,0.05494435699802125,0.01763280799787026,0.01623619500605855,35.545827156995074,130.0,-110.0
100.0,50.0,4.0,2.0,1.0,1.0,292.0,0.024597561998234596,0.0619518409948796,0.016935394996835385,0.017954293994989712,35.6672733499945,130.0,-110.0
100.0,50.0,4.0,2.0,1.0,1.0,293.0,0.026502441003685817,0.06030040900077438,0.017179941998620052,0.018685980001464486,35.789949851998244,130.0,-110.0
100.0,50.0,4.0,2.0,1.0,1.0,294.0,0.023780441995768342,0.06411933399795089,0.019176483998307958,0.0142598660022486,35.91129353699944,130.0,-110.0
100.0,50.0,4.0,2.0,1.0,1.0,295.0,0.0258799410003121,0.06550521699682577,0.016976550003164448,0.02032612400216749,36.03998927099747,130.0,-110.0
100.0,50.0,4.0,2.0,1.0,1.0,296.0,0.025408171997696627,0.06172638999851188,0.01651619599579135,0.014857805996143725,36.15850776099978,170.0,-100.0
100.0,50.0,4.0,2.0,1.0,1.0,297.0,0.024828688001434784,0.06338531099754618,0.018185073000495322,0.015468449993932154,36.28038292799465,270.0,-100.0
100.0,50.0,4.0,2.0,1.0,1.0,298.0,0.026549665002676193,0.06123352199938381,0.018332889005250763,0.017810150995501317,36.40431637199799,270.0,-100.0
100.0,50.0,4.0,2.0,1.0,1.0,299.0,0.02648645299632335,0.06383256400295068,0.018251105000672396,0.019180552000761963,36.532074086993816,270.0,-90.0
100.0,50.0,4.0,2.0,1.0,1.0,300.0,0.024662684001668822,0.05394351800350705,0.017894837001222186,0.01442823500110535,36.64301106599305,330.0,-80.0
100.0,50.0,4.0,2.0,1.0,1.0,301.0,0.024573955000960268,0.061027784999168944,0.016987042996333912,0.0147515279968502,36.760359588995925,330.0,-70.0
100.0,50.0,4.0,2.0,1.0,1.0,302.0,0.02724473099806346,0.06947263699839823,0.01861738500156207,0.02009826099674683,36.895800634993066,330.0,-30.0
100.0,50.0,4.0,2.0,1.0,1.0,303.0,0.0260436149983434,0.05956765400333097,0.016996156999084633,0.012893439998151734,37.01130899399868,330.0,10.0
100.0,50.0,4.0,2.0,1.0,1.0,304.0,0.026379412003734615,0.06268732299940893,0.01715429100295296,0.01645000899588922,37.13398754099762,330.0,20.0
100.0,50.0,4.0,2.0,1.0,1.0,305.0,0.026893786001892295,0.06265496299602091,0.017176829001982696,0.015237904000969138,37.255958476998785,330.0,60.0
100.0,50.0,4.0,2.0,1.0,1.0,306.0,0.029240987001685426,0.0611970619938802,0.019532712998625357,0.01710522699431749,37.383042100998864,330.0,70.0
100.0,50.0,4.0,2.0,1.0,1.0,307.0,0.027241952004260384,0.05711790599889355,0.018522974001825787,0.01546816199697787,37.50140030899638,330.0,70.0
100.0,50.0,4.0,2.0,1.0,1.0,308.0,0.025405966000107583,0.0654520300013246,0.018117327002983075,0.01890681700024288,37.629290087999834,330.0,80.0
100.0,50.0,4.0,2.0,1.0,1.0,309.0,0.027900522996787913,0.061158666998380795,0.018115942999429535,0.01861504599946784,37.755087514997285,340.0,80.0
100.0,50.0,4.0,2.0,1.0,1.0,310.0,0.025687118999485392,0.06099176900170278,0.0183195040008286,0.01755820999824209,37.877662893995875,360.0,90.0
100.0,50.0,4.0,2.0,1.0,1.0,311.0,0.0280792109988397,0.055993438996665645,0.017310496004938614,0.02058562899765093,37.99963975199353,360.0,90.0
100.0,50.0,4.0,2.0,1.0,1.0,312.0,0.024816830999043304,0.059896835999097675,0.01707692299532937,0.018491634997189976,38.11992921199999,360.0,110.0
100.0,50.0,4.0,2.0,1.0,1.0,313.0,0.027410667004005518,0.05883207599981688,0.019363095998414792,0.011839521997899283,38.237382053994224,360.0,110.0
100.0,50.0,4.0,2.0,1.0,1.0,314.0,0.025538594993122388,0.0631028320058249,0.017623999003262725,0.017207431999850087,38.36086265299673,360.0,130.0
100.0,50.0,4.0,2.0,1.0,1.0,315.0,0.02402515699941432,0.06595269300305517,0.018170249997638166,0.025564545001543593,38.49458306699671,360.0,150.0
100.0,50.0,4.0,2.0,1.0,1.0,316.0,0.026835869997739792,0.05776762800087454,0.01837120399432024,0.014307902994914912,38.61187338599848,360.0,160.0
100.0,50.0,4.0,2.0,1.0,1.0,317.0,0.026995675994839985,0.06520574999740347,0.019165218000125606,0.017123177996836603,38.74037096999382,360.0,170.0
100.0,50.0,4.0,2.0,1.0,1.0,318.0,0.025917457998730242,0.060730773002433125,0.01655064999795286,0.022942743002204224,38.866521133997594,360.0,170.0
100.0,50.0,4.0,2.0,1.0,1.0,319.0,0.028387783000653144,0.058244420994014945,0.01733559100102866,0.02349015599611448,38.99398751199624,360.0,180.0
100.0,50.0,4.0,2.0,1.0,1.0,320.0,0.025402270002814475,0.06078921500011347,0.018645983000169508,0.012360283995803911,39.111192827993364,360.0,180.0
100.0,50.0,4.0,2.0,1.0,1.0,321.0,0.024587804997281637,0.0621305420063436,0.021070686001621652,0.015056939999340102,39.23404655399645,360.0,190.0
100.0,50.0,4.0,2.0,1.0,1.0,322.0,0.025280262001615483,0.058601702003215905,0.016173648000403773,0.010706758999731392,39.34481635099655,360.0,190.0
100.0,50.0,4.0,2.0,1.0,1.0,323.0,0.026045765000162646,0.06012013000145089,0.018348832003539428,0.014917426997271832,39.464256198996736,360.0,200.0
100.0,50.0,4.0,2.0,1.0,1.0,324.0,0.028366947000904474,0.06141754100099206,0.01949847999640042,0.009057335002580658,39.58260393999808,360.0,200.0
100.0,50.0,4.0,2.0,1.0,1.0,325.0,0.025784555997233838,0.060016353003447875,0.01759122800285695,0.013476328997057863,39.69947977299307,360.0,210.0
100.0,50.0,4.0,2.0,1.0,1.0,326.0,0.024920745003328193,0.06540211299579823,0.018355788000917528,0.014939739994588308,39.82310564499494,360.0,210.0
100.0,50.0,4.0,2.0,1.0,1.0,327.0,0.02524072999949567,0.06585568300215527,0.016911655002331827,0.010336008002923336,39.941457262997574,410.0,230.0
100.0,50.0,4.0,2.0,1.0,1.0,328.0,0.02422916199429892,0.05574342100590002,0.017188732999784406,0.014201071004208643,40.05282751699997,410.0,240.0
100.0,50.0,4.0,2.0,1.0,1.0,329.0,0.02528763200098183,0.0622657909989357,0.01657660999626387,0.01589453499764204,40.1728596049943,410.0,250.0
100.0,50.0,4.0,2.0,1.0,1.0,330.0,0.025823782998486422,0.05479353800183162,0.019193778003682382,0.01140610600123182,40.2841293609963,440.0,250.0
100.0,50.0,4.0,2.0,1.0,1.0,331.0,0.02572300299652852,0.060131489000923466,0.019101332996797282,0.011160868001752533,40.4002532279992,440.0,250.0
100.0,50.0,4.0,2.0,1.0,1.0,332.0,0.02591938000114169,0.06433038500108523,0.018338814996241126,0.014675863996671978,40.523525136995886,440.0,260.0
100.0,50.0,4.0,2.0,1.0,1.0,333.0,0.025358843005960807,0.062370887004362885,0.017421363001631107,0.014314747000753414,40.64299883199419,440.0,270.0
100.0,50.0,4.0,2.0,1.0,1.0,334.0,0.02608063499792479,0.06317760899401037,0.017372437003359664,0.016520705001312308,40.766158387996256,440.0,270.0
100.0,50.0,4.0,2.0,1.0,1.0,335.0,0.02650711699970998,0.05682095100200968,0.017665362000116147,0.016097088999231346,40.88325698999688,440.0,270.0
100.0,50.0,4.0,2.0,1.0,1.0,336.0,0.02609498299716506,0.06349312599922996,0.01896512100211112,0.013368441999773495,41.0051868369992,440.0,270.0
100.0,50.0,4.0,2.0,1.0,1.0,337.0,0.025648946000728756,0.06408129299961729,0.017573548000655137,0.016881313000340015,41.129380835998745,440.0,280.0
100.0,50.0,4.0,2.0,1.0,1.0,338.0,0.02715065499796765,0.05793869400076801,0.018223220999061596,0.01809210699866526,41.250793099992734,440.0,280.0
100.0,50.0,4.0,2.0,1.0,1.0,339.0,0.027701332001015544,0.06164293300389545,0.01999509199958993,0.014741877996129915,41.37488120899798,440.0,280.0
100.0,50.0,4.0,2.0,1.0,1.0,340.0,0.026517473001149483,0.06253064399788855,0.017036822995578405,0.01744170900201425,41.49841553599981,440.0,290.0
100.0,50.0,4.0,2.0,1.0,1.0,341.0,0.027290433004964143,0.06044753600144759,0.01737435199902393,0.0131832269980805,41.61671834299341,440.0,290.0
100.0,50.0,4.0,2.0,1.0,1.0,342.0,0.025107579000177793,0.0650351549993502,0.01951542800088646,0.014248856998165138,41.74063297499379,440.0,300.0
100.0,50.0,4.0,2.0,1.0,1.0,343.0,0.026276094002241734,0.05865132200415246,0.01819390000309795,0.018464410997694358,41.86222596699372,510.0,310.0
100.0,50.0,4.0,2.0,1.0,1.0,344.0,0.02601288299774751,0.05873456099652685,0.01895442900422495,0.013581624996731989,41.979517260995635,510.0,310.0
100.0,50.0,4.0,2.0,1.0,1.0,345.0,0.024735892002354376,0.05859473300370155,0.017467131998273544,0.019453972003248055,42.099776683993696,520.0,310.0
100.0,50.0,4.0,2.0,1.0,1.0,346.0,0.026658973001758568,0.05781157700403128,0.01868315700266976,0.015899452999292407,42.218837439999334,520.0,320.0
100.0,50.0,4.0,2.0,1.0,1.0,347.0,0.026881663005042356,0.05462023300060537,0.017429311003070325,0.018178862999775447,42.33595515399793,520.0,320.0
100.0,50.0,4.0,2.0,1.0,1.0,348.0,0.025948128997697495,0.05972137799835764,0.016296074994897936,0.0201773549997597,42.45810558099765,520.0,320.0
100.0,50.0,4.0,2.0,1.0,1.0,349.0,0.026323146994400304,0.06353458499506814,0.016661934001604095,0.017046841996489093,42.581680253999366,520.0,330.0
100.0,50.0,4.0,2.0,1.0,1.0,350.0,0.025174798000080045,0.059235712004010566,0.02106499300134601,0.017082163998566102,42.70424618499965,520.0,330.0
100.0,50.0,4.0,2.0,1.0,1.0,351.0,0.026998679000826087,0.0578416450007353,0.016919351000979077,0.018861392003600486,42.82487507699989,520.0,340.0
100.0,50.0,4.0,2.0,1.0,1.0,352.0,0.024981971000670455,0.06689056300092489,0.017206018994329497,0.025934960998711176,42.95989619199827,520.0,340.0
100.0,50.0,4.0,2.0,1.0,1.0,353.0,0.02592551599809667,0.05958301600185223,0.018194664000475314,0.0202155099977972,43.08382210599666,520.0,340.0
100.0,50.0,4.0,2.0,1.0,1.0,354.0,0.02668141900358023,0.061043134999636095,0.01739656800054945,0.015491553000174463,43.20444244799728,520.0,350.0
100.0,50.0,4.0,2.0,1.0,1.0,355.0,0.02751219600031618,0.057733660003577825,0.019580168998800218,0.016936435997195076,43.326213746993744,520.0,350.0
100.0,50.0,4.0,2.0,1.0,1.0,356.0,0.024279587996716145,0.06298672500270186,0.01843843299866421,0.015839558996958658,43.44776573999843,520.0,360.0
100.0,50.0,4.0,2.0,1.0,1.0,357.0,0.026729267003247514,0.06598734100407455,0.016683011999703012,0.018046589000732638,43.57521935699333,520.0,360.0
100.0,50.0,4.0,2.0,1.0,1.0,358.0,0.025125877000391483,0.0610736349990475,0.019466727993858512,0.015751482998894062,43.696644828996796,520.0,370.0
100.0,50.0,4.0,2.0,1.0,1.0,359.0,0.026011663001554552,0.05631215900211828,0.018046344004687853,0.022322212003928144,43.8193448489983,520.0,370.0
100.0,50.0,4.0,2.0,1.0,1.0,360.0,0.02625145800266182,0.058195789002638776,0.018028549995506182,0.0222199090057984,43.94404828299594,520.0,370.0
100.0,50.0,4.0,2.0,1.0,1.0,361.0,0.027325430004566442,0.0675928419950651,0.017532614998344798,0.019118830001389142,44.07562571699964,520.0,380.0
100.0,50.0,4.0,2.0,1.0,1.0,362.0,0.02653050099615939,0.06201360500563169,0.01666144900082145,0.015651733003323898,44.19649057199422,520.0,380.0
100.0,50.0,4.0,2.0,1.0,1.0,363.0,0.026983266994648147,0.06025925100402674,0.018142647000786383,0.016744425003707875,44.318627696993644,520.0,380.0
100.0,50.0,4.0,2.0,1.0,1.0,364.0,0.027529072998731863,0.06329148200165946,0.017158132999611553,0.017267602001084015,44.44388137899659,520.0,390.0
100.0,50.0,4.0,2.0,1.0,1.0,365.0,0.025140126002952456,0.06578833799721906,0.018155798999941908,0.01555883599939989,44.56853235299786,520.0,390.0
100.0,50.0,4.0,2.0,1.0,1.0,366.0,0.02591104900056962,0.06201143699581735,0.020619021997845266,0.01446966399817029,44.69155109599524,520.0,400.0
100.0,50.0,4.0,2.0,1.0,1.0,367.0,0.026742781003122218,0.06226679799874546,0.017637227996601723,0.02208039999823086,44.82028612699651,520.0,400.0
100.0,50.0,4.0,2.0,1.0,1.0,368.0,0.024417912994977087,0.06499470600101631,0.01667790100327693,0.02220402000239119,44.948588271996414,520.0,410.0
100.0,50.0,4.0,2.0,1.0,1.0,369.0,0.025641047999670263,0.05724484699749155,0.017159757000626996,0.015424930999870412,45.06406683999376,520.0,410.0
100.0,50.0,4.0,2.0,1.0,1.0,370.0,0.025238576003175694,0.06863195899495622,0.01571371300087776,0.02160925899806898,45.195268050993036,520.0,410.0
100.0,50.0,4.0,2.0,1.0,1.0,371.0,0.024852224996720906,0.06059646000358043,0.0179007359984098,0.021495512999536004,45.32012060299894,520.0,410.0
100.0,50.0,4.0,2.0,1.0,1.0,372.0,0.026275169002474286,0.06154557400441263,0.01929333500447683,0.020225095002388116,45.44746783099981,520.0,410.0
100.0,50.0,4.0,2.0,1.0,1.0,373.0,0.02322705699771177,0.061668089001614135,0.01813774600304896,0.022033582004951313,45.57254210199608,520.0,410.0
100.0,50.0,4.0,2.0,1.0,1.0,374.0,0.026324708996980917,0.05790472900116583,0.0186997029959457,0.018655705003766343,45.69413429799897,520.0,410.0
100.0,50.0,4.0,2.0,1.0,1.0,375.0,0.024978876004752237,0.06395592000626493,0.019572805998905096,0.015086747996974736,45.81773630099633,550.0,410.0
100.0,50.0,4.0,2.0,1.0,1.0,376.0,0.024534686999686528,0.06183983600203646,0.018905277996964287,0.022460334999777842,45.94548439999926,550.0,410.0
100.0,50.0,4.0,2.0,1.0,1.0,377.0,0.025203805998899043,0.06584692400065251,0.019221156995627098,0.017788601995562203,46.07355194299453,550.0,410.0
100.0,50.0,4.0,2.0,1.0,1.0,378.0,0.02550993100157939,0.065048601005401,0.017506205003883224,0.018584384997666348,46.2002087449946,550.0,410.0
100.0,50.0,4.0,2.0,1.0,1.0,379.0,0.025437788004637696,0.07055483500153059,0.01784798500011675,0.0184724799983087,46.33252977099619,550.0,410.0
100.0,50.0,4.0,2.0,1.0,1.0,380.0,0.026214098994387314,0.056237910997879226,0.018371703998127487,0.020705809998617042,46.454066957994655,550.0,410.0
100.0,50.0,4.0,2.0,1.0,1.0,381.0,0.024005183004192077,0.0600552109972341,0.018408934003673494,0.01814437699795235,46.57468801899813,550.0,410.0
100.0,50.0,4.0,2.0,1.0,1.0,382.0,0.025494047004031017,0.05914267899788683,0.02075644699652912,0.02340777999779675,46.7034965809944,550.0,420.0
100.0,50.0,4.0,2.0,1.0,1.0,383.0,0.025376698999025393,0.0596504429995548,0.01972246500372421,0.016915229003643617,46.82516870299878,570.0,420.0
100.0,50.0,4.0,2.0,1.0,1.0,384.0,0.025958569000067655,0.06037517500226386,0.018214568997791503,0.014075357998081017,46.94380041599652,570.0,430.0
100.0,50.0,4.0,2.0,1.0,1.0,385.0,0.026237916994432453,0.0600140550013748,0.018501762999221683,0.019500535003317054,47.068062307997025,570.0,430.0
100.0,50.0,4.0,2.0,1.0,1.0,386.0,0.025890087999869138,0.06124765099957585,0.018568289000540972,0.019907740002963692,47.19368430099712,570.0,430.0
100.0,50.0,4.0,2.0,1.0,1.0,387.0,0.025252368999645114,0.06423057900246931,0.018317185997148044,0.0172592689996236,47.318751443999645,570.0,430.0
100.0,50.0,4.0,2.0,1.0,1.0,388.0,0.027992215000267606,0.06151865400170209,0.01715585999772884,0.012373731005936861,47.43779994599754,570.0,440.0
100.0,50.0,4.0,2.0,1.0,1.0,389.0,0.026904966005531605,0.0561469010062865,0.01725221300148405,0.014688638002553489,47.5528001759958,570.0,440.0
100.0,50.0,4.0,2.0,1.0,1.0,390.0,0.02606771999853663,0.06446614600281464,0.01707901799818501,0.01568323899846291,47.67610495199915,570.0,440.0
100.0,50.0,4.0,2.0,1.0,1.0,391.0,0.02668395700311521,0.055139142998086754,0.01761555499979295,0.021888654999202117,47.797441154994885,570.0,440.0
100.0,50.0,4.0,2.0,1.0,1.0,392.0,0.026847181004995946,0.059588868003629614,0.017064854997443035,0.01251562299876241,47.913465289995656,570.0,440.0
100.0,50.0,4.0,2.0,1.0,1.0,393.0,0.0235375819975161,0.05803454600390978,0.01801106800121488,0.017622910003410652,48.0306789479946,600.0,450.0
100.0,50.0,4.0,2.0,1.0,1.0,394.0,0.024771021999185905,0.053884045002632774,0.01722086899826536,0.015778089997183997,48.14234050299274,600.0,450.0
100.0,50.0,4.0,2.0,1.0,1.0,395.0,0.025520615999994334,0.06466814799932763,0.017220568006450776,0.01909256799990544,48.268849836997106,600.0,460.0
100.0,50.0,4.0,2.0,1.0,1.0,396.0,0.024410294005065225,0.05035775400028797,0.01763226500042947,0.0191334530027234,48.38039085699711,600.0,460.0
100.0,50.0,4.0,2.0,1.0,1.0,397.0,0.025603368994779885,0.05913406200124882,0.01751317400339758,0.014962078996177297,48.49761072399997,600.0,470.0
100.0,50.0,4.0,2.0,1.0,1.0,398.0,0.02419637500133831,0.06064211799821351,0.018098980996001046,0.016151094001543242,48.61670741699345,600.0,470.0
100.0,50.0,4.0,2.0,1.0,1.0,399.0,0.025878503001877107,0.07436938799946802,0.019584535002650227,0.0176581060004537,48.75420700299583,600.0,470.0
100.0,50.0,4.0,2.0,1.0,1.0,400.0,0.024653018001117744,0.05232655299914768,0.016901142000278924,0.02022486799978651,48.86831977399561,600.0,470.0
100.0,50.0,4.0,2.0,1.0,1.0,401.0,0.025727207997988444,0.05636136899556732,0.017850017997261602,0.01742187500349246,48.9856883869943,600.0,480.0
100.0,50.0,4.0,2.0,1.0,1.0,402.0,0.02347164799721213,0.053522299000178464,0.016196766999200918,0.013960436001070775,49.092846619998454,600.0,480.0
100.0,50.0,4.0,2.0,1.0,1.0,403.0,0.024619982999865897,0.05705857999419095,0.01652113499585539,0.017425907994038425,49.208479292996344,600.0,480.0
100.0,50.0,4.0,2.0,1.0,1.0,404.0,0.025081838000915013,0.05782897199969739,0.01816621600301005,0.020250976995157544,49.3298146639936,600.0,480.0
100.0,50.0,4.0,2.0,1.0,1.0,405.0,0.024793211996438913,0.05668345599406166,0.018004427998675965,0.011841845996968914,49.441144971999165,600.0,480.0
100.0,50.0,4.0,2.0,1.0,1.0,406.0,0.023920803003420588,0.05920690299535636,0.018783912993967533,0.024116350003168918,49.567180983998696,600.0,480.0
100.0,50.0,4.0,2.0,1.0,1.0,407.0,0.02525987300032284,0.056433981997543015,0.017943865997949615,0.012931318997289054,49.6797574749944,600.0,480.0
100.0,50.0,4.0,2.0,1.0,1.0,408.0,0.024865347004379146,0.052350012003444135,0.017266162001760677,0.0170974600041518,49.791343993994815,600.0,480.0
100.0,50.0,4.0,2.0,1.0,1.0,409.0,0.02445737500238465,0.05757428699871525,0.016355120998923667,0.016039174995967187,49.90577734499675,600.0,490.0
100.0,50.0,4.0,2.0,1.0,1.0,410.0,0.02283991100557614,0.05525820400362136,0.016950199998973403,0.019909468996047508,50.02074243599782,600.0,490.0
100.0,50.0,4.0,2.0,1.0,1.0,411.0,0.02586029800295364,0.06279745099891443,0.018327461002627388,0.016176033997908235,50.143911326995294,600.0,490.0
100.0,50.0,4.0,2.0,1.0,1.0,412.0,0.025391294999280944,0.05417625699919881,0.015179120993707329,0.017476722998253535,50.256142248996184,600.0,490.0
100.0,50.0,4.0,2.0,1.0,1.0,413.0,0.024131078003847506,0.05614628399780486,0.01688710800226545,0.02545977599947946,50.37880785499874,600.0,490.0
100.0,50.0,4.0,2.0,1.0,1.0,414.0,0.026853310999285895,0.055832828002166934,0.01813002600101754,0.01947597900289111,50.49910715299484,600.0,490.0
100.0,50.0,4.0,2.0,1.0,1.0,415.0,0.02445110500411829,0.058411493999301456,0.01722768400213681,0.01653538300161017,50.61574065899913,600.0,490.0
100.0,50.0,4.0,2.0,1.0,1.0,416.0,0.02520263999758754,0.055010735006362665,0.01648745299462462,0.015454437001608312,50.72790367699781,600.0,490.0
100.0,50.0,4.0,2.0,1.0,1.0,417.0,0.02382378000038443,0.056932751002023,0.021585590999166016,0.015435052002430893,50.84568883799511,600.0,490.0
100.0,50.0,4.0,2.0,1.0,1.0,418.0,0.026563217004877515,0.061804191005649045,0.01884694200271042,0.016321764000167605,50.96923216799769,600.0,500.0
100.0,50.0,4.0,2.0,1.0,1.0,419.0,0.02805590400384972,0.05800214299961226,0.01863470799435163,0.017613852003705688,51.0915463949932,600.0,510.0
100.0,50.0,4.0,2.0,1.0,1.0,420.0,0.025370296003529802,0.0592981259978842,0.016764130006777123,0.019050013994274195,51.212036666998756,680.0,510.0
100.0,50.0,4.0,2.0,1.0,1.0,421.0,0.02645979999942938,0.058511537994490936,0.01766281999880448,0.02092013099900214,51.33559822899406,680.0,510.0
100.0,50.0,4.0,2.0,1.0,1.0,422.0,0.026984943004208617,0.059146138999494724,0.01752213000145275,0.016402261004259344,51.45566197599692,680.0,520.0
100.0,50.0,4.0,2.0,1.0,1.0,423.0,0.02629513799911365,0.061217454000143334,0.01768522700149333,0.016926215001149103,51.57779421599844,680.0,520.0
100.0,50.0,4.0,2.0,1.0,1.0,424.0,0.027089315000921488,0.06664203200489283,0.018982421002874617,0.02128547900065314,51.71180095499585,680.0,520.0
100.0,50.0,4.0,2.0,1.0,1.0,425.0,0.027318646003550384,0.0605856140027754,0.018894668006396387,0.01635371399606811,51.83496129399282,680.0,520.0
100.0,50.0,4.0,2.0,1.0,1.0,426.0,0.024566143001720775,0.0590293200002634,0.01770201099861879,0.020881055999780074,51.95714819999557,680.0,520.0
100.0,50.0,4.0,2.0,1.0,1.0,427.0,0.027214050001930445,0.06451919200480916,0.01911134699912509,0.019751528998313006,52.087751729995944,680.0,520.0
100.0,50.0,4.0,2.0,1.0,1.0,428.0,0.025100623999605887,0.06385251299798256,0.01669905200105859,0.013121307994879317,52.20653272799973,680.0,520.0
100.0,50.0,4.0,2.0,1.0,1.0,429.0,0.02572117099771276,0.058038593000674155,0.017072622002160642,0.014892815001076087,52.32226562699361,680.0,520.0
100.0,50.0,4.0,2.0,1.0,1.0,430.0,0.027773067995440215,0.0647563309976249,0.018056998000247404,0.01799346099869581,52.45085285999812,680.0,520.0
100.0,50.0,4.0,2.0,1.0,1.0,431.0,0.026115423999726772,0.06056089699995937,0.017765329001122154,0.010463468002853915,52.56576494399633,680.0,520.0
100.0,50.0,4.0,2.0,1.0,1.0,432.0,0.025980432001233567,0.05907728600141127,0.01821983899571933,0.020059410999238025,52.68911038699298,680.0,520.0
100.0,50.0,4.0,2.0,1.0,1.0,433.0,0.024089165999612305,0.0557448050021776,0.017373968999891076,0.018274011003086343,52.8046008139936,680.0,530.0
100.0,50.0,4.0,2.0,1.0,1.0,434.0,0.025018184998771176,0.059626553003909066,0.019066542998189107,0.017042377003235742,52.92536201199982,680.0,530.0
100.0,50.0,4.0,2.0,1.0,1.0,435.0,0.026043223995657172,0.06125778500427259,0.018270250999194104,0.021696128002076875,53.05263681899669,750.0,530.0
100.0,50.0,4.0,2.0,1.0,1.0,436.0,0.026528319001954515,0.061876699001004454,0.01833940399956191,0.016365670002414845,53.17575482299435,750.0,530.0
100.0,50.0,4.0,2.0,1.0,1.0,437.0,0.024599494005087763,0.06392154900095193,0.01651515099365497,0.01815883899689652,53.29895755799953,750.0,540.0
100.0,50.0,4.0,2.0,1.0,1.0,438.0,0.02655574199889088,0.051326635002624243,0.01808052400156157,0.017408271996828262,53.41233629499766,750.0,540.0
100.0,50.0,4.0,2.0,1.0,1.0,439.0,0.025576477994036395,0.06641010000021197,0.016886206998606212,0.02161727900238475,53.54283339099493,750.0,540.0
100.0,50.0,4.0,2.0,1.0,1.0,440.0,0.025331401004223153,0.060853686001792084,0.018453488999512047,0.022788179005146958,53.67026776299463,750.0,550.0
100.0,50.0,4.0,2.0,1.0,1.0,441.0,0.026383946002169978,0.0651567460008664,0.018084069997712504,0.017445637997298036,53.797345966995636,750.0,550.0
100.0,50.0,4.0,2.0,1.0,1.0,442.0,0.02558462200249778,0.05818895399715984,0.017982570003368892,0.019434728994383477,53.91854419199808,750.0,550.0
100.0,50.0,4.0,2.0,1.0,1.0,443.0,0.02685381400078768,0.058097235996683594,0.015938672004267573,0.01693999300186988,54.036381230995175,750.0,550.0
100.0,50.0,4.0,2.0,1.0,1.0,444.0,0.02696500899764942,0.062327320003532805,0.017076460004318506,0.02011562799452804,54.162873005996516,750.0,550.0
100.0,50.0,4.0,2.0,1.0,1.0,445.0,0.025846866999927443,0.06185271200229181,0.018971429999510292,0.018125624003005214,54.28767727899685,750.0,550.0
100.0,50.0,4.0,2.0,1.0,1.0,446.0,0.026337757997680455,0.06176341300306376,0.017483985000581015,0.018585156001790892,54.41185531699739,750.0,550.0
100.0,50.0,4.0,2.0,1.0,1.0,447.0,0.0264517580071697,0.057890295996912755,0.019591303003835492,0.02182985500257928,54.53762622899376,750.0,550.0
100.0,50.0,4.0,2.0,1.0,1.0,448.0,0.02490609600499738,0.056619427996338345,0.019504485993820708,0.023498536997067276,54.66216250699654,750.0,550.0
100.0,50.0,4.0,2.0,1.0,1.0,449.0,0.027889425000466872,0.060248294001212344,0.018560203003289644,0.022405376999813598,54.79127327299648,750.0,550.0
100.0,50.0,4.0,2.0,1.0,1.0,450.0,0.02289133600424975,0.06468291400233284,0.017541086999699473,0.01986562599631725,54.91626224399806,750.0,550.0
100.0,50.0,4.0,2.0,1.0,1.0,451.0,0.025729906003107317,0.061382353997032624,0.017264244001125917,0.022305722995952237,55.04295231199649,750.0,560.0
100.0,50.0,4.0,2.0,1.0,1.0,452.0,0.025907459006702993,0.060673384003166575,0.016568977996939793,0.022262645994487684,55.168372966996685,750.0,560.0
100.0,50.0,4.0,2.0,1.0,1.0,453.0,0.02671861899580108,0.058182208995276596,0.017579826999281067,0.01867521699750796,55.28953660499974,750.0,560.0
100.0,50.0,4.0,2.0,1.0,1.0,454.0,0.02894433799519902,0.05170638900017366,0.018230749999929685,0.02125810999859823,55.40968394599622,750.0,560.0
100.0,50.0,4.0,2.0,1.0,1.0,455.0,0.024633888999233022,0.05950633099564584,0.018904336997366045,0.020716163999168202,55.533452251998824,750.0,560.0
100.0,50.0,4.0,2.0,1.0,1.0,456.0,0.026008672000898514,0.056911483996373136,0.018605682998895645,0.02014492899616016,55.65513038699282,750.0,560.0
100.0,50.0,4.0,2.0,1.0,1.0,457.0,0.02671059299609624,0.06402346300455974,0.01848409900412662,0.025372257994604297,55.7897287099986,750.0,560.0
100.0,50.0,4.0,2.0,1.0,1.0,458.0,0.024599796000984497,0.06293487700168043,0.019951651003793813,0.019000937005330343,55.91622360099427,750.0,560.0
100.0,50.0,4.0,2.0,1.0,1.0,459.0,0.024135122999723535,0.060598928001127206,0.01721895999799017,0.018969554999785032,56.0371537539977,750.0,570.0
100.0,50.0,4.0,2.0,1.0,1.0,460.0,0.02331947699713055,0.06524712199461646,0.016488745997776277,0.020265136001398787,56.162481593994016,750.0,570.0
100.0,50.0,4.0,2.0,1.0,1.0,461.0,0.025805532997765113,0.06435960900125792,0.017055686003004666,0.021417032003228087,56.29112686099688,750.0,570.0
100.0,50.0,4.0,2.0,1.0,1.0,462.0,0.027181974997802172,0.062232183998276014,0.017967867002880666,0.020373158004076686,56.41888981199736,750.0,570.0
100.0,50.0,4.0,2.0,1.0,1.0,463.0,0.025627016002545133,0.05807081999955699,0.017631153998081572,0.02123179800400976,56.541469878997304,750.0,580.0
100.0,50.0,4.0,2.0,1.0,1.0,464.0,0.0257604540020111,0.05943255799502367,0.017334375996142626,0.021187778998864815,56.665192527994805,750.0,580.0
100.0,50.0,4.0,2.0,1.0,1.0,465.0,0.027494089998072013,0.06293744899448939,0.017722289005178027,0.019565183996746782,56.79291991699574,750.0,580.0
100.0,50.0,4.0,2.0,1.0,1.0,466.0,0.025939871004084125,0.05876493899995694,0.019675941999594215,0.02603447799629066,56.923343003996706,750.0,590.0
100.0,50.0,4.0,2.0,1.0,1.0,467.0,0.024012757996388245,0.06277804000274045,0.017077008000342175,0.02309283599606715,57.05031136499747,750.0,590.0
100.0,50.0,4.0,2.0,1.0,1.0,468.0,0.02621587000612635,0.061550409998744726,0.016818185002193786,0.023679883001022972,57.178583991997584,750.0,590.0
100.0,50.0,4.0,2.0,1.0,1.0,469.0,0.02667293899867218,0.06400783299613977,0.01604114699875936,0.022345575998770073,57.307659152997076,750.0,590.0
100.0,50.0,4.0,2.0,1.0,1.0,470.0,0.026348898994910996,0.06208463900111383,0.01840241799800424,0.0233942820050288,57.43789722699876,750.0,590.0
100.0,50.0,4.0,2.0,1.0,1.0,471.0,0.024617394999950193,0.058413751001353376,0.01779545799945481,0.025640793995989952,57.56437263299449,750.0,590.0
100.0,50.0,4.0,2.0,1.0,1.0,472.0,0.026453600999957416,0.05948284099576995,0.016197001001273748,0.018881978001445532,57.68539563199738,750.0,590.0
100.0,50.0,4.0,2.0,1.0,1.0,473.0,0.026691703002143186,0.06130910799402045,0.018763040003250353,0.022876483002619352,57.81504394799413,750.0,590.0
100.0,50.0,4.0,2.0,1.0,1.0,474.0,0.02580457900330657,0.0631747439983883,0.018211420996522065,0.020659356996475253,57.94290127199929,750.0,590.0
100.0,50.0,4.0,2.0,1.0,1.0,475.0,0.02432394900097279,0.05662090099940542,0.017876084995805286,0.019449377999990247,58.061179614996945,750.0,600.0
100.0,50.0,4.0,2.0,1.0,1.0,476.0,0.02521801799593959,0.05948121099936543,0.01821951700549107,0.024906367994844913,58.18901227299648,750.0,600.0
100.0,50.0,4.0,2.0,1.0,1.0,477.0,0.02623331199720269,0.056139426000299864,0.017746461999195162,0.025573639999493025,58.31471268599853,750.0,600.0
100.0,50.0,4.0,2.0,1.0,1.0,478.0,0.025664756998594385,0.05403466000279877,0.019164229997841176,0.026044924998132046,58.43962956999894,750.0,600.0
100.0,50.0,4.0,2.0,1.0,1.0,479.0,0.02544957500504097,0.058510744995146524,0.017654381997999735,0.01643275700189406,58.557684336999955,750.0,600.0
100.0,50.0,4.0,2.0,1.0,1.0,480.0,0.026924742996925488,0.05651203000161331,0.017828744006692432,0.02781342300295364,58.68677069399564,750.0,600.0
100.0,50.0,4.0,2.0,1.0,1.0,481.0,0.028333113994449377,0.06373948400141671,0.01679456800047774,0.021848301999852993,58.81749384199793,750.0,600.0
100.0,50.0,4.0,2.0,1.0,1.0,482.0,0.026751023993710987,0.05977629800327122,0.01885932800360024,0.02543823199812323,58.94832625499839,750.0,600.0
100.0,50.0,4.0,2.0,1.0,1.0,483.0,0.027175925999472383,0.059467415005201474,0.017151516003650613,0.022455513004388195,59.07458444399526,750.0,600.0
100.0,50.0,4.0,2.0,1.0,1.0,484.0,0.025405385997146368,0.05563177900330629,0.019333994001499377,0.02462050399481086,59.199583701993106,750.0,600.0
100.0,50.0,4.0,2.0,1.0,1.0,485.0,0.02596341799653601,0.057735629998205695,0.017029193993948866,0.023597988998517394,59.32391716499842,750.0,600.0
100.0,50.0,4.0,2.0,1.0,1.0,486.0,0.025415734002308454,0.056871673004934564,0.01961980500345817,0.02329549700516509,59.449127868996584,750.0,600.0
100.0,50.0,4.0,2.0,1.0,1.0,487.0,0.02617882000049576,0.06331780800246634,0.01819744800013723,0.025444623999646865,59.58227372899273,750.0,600.0
100.0,50.0,4.0,2.0,1.0,1.0,488.0,0.025616579005145468,0.058730744996864814,0.018086891002894845,0.022551103997102473,59.70726675599872,750.0,600.0
100.0,50.0,4.0,2.0,1.0,1.0,489.0,0.02388288600195665,0.06078181199700339,0.017043378997186664,0.017948961998627055,59.82693189499696,750.0,600.0
100.0,50.0,4.0,2.0,1.0,1.0,490.0,0.026969913000357337,0.061111365001124796,0.01809404899540823,0.023584089998621494,59.95669988499867,750.0,600.0
100.0,50.0,4.0,2.0,1.0,1.0,491.0,0.024842812003043946,0.06355979300133185,0.01765468600206077,0.021296535996953025,60.084061155997915,800.0,600.0
