100.0,10.0,2.0,2.0,3.0,0.0,0.0,0.016008986000088044,0.03929883499949938,0.006189396999616292,0.02492422999966948,0.08642892299940286,-2890.0,-3540.0
100.0,10.0,2.0,2.0,3.0,0.0,1.0,0.01646883300054469,0.039817941000364954,0.006992325001192512,0.025244669999665348,0.17496008899979643,-2740.0,-3100.0
100.0,10.0,2.0,2.0,3.0,0.0,2.0,0.01892799199958972,0.0499564649999229,0.00876485100161517,0.023935456998515292,0.27655308399880596,-2600.0,-2750.0
100.0,10.0,2.0,2.0,3.0,0.0,3.0,0.01951202099917282,0.041368711999894,0.0073562029992899625,0.012254502998985117,0.3570522019999771,-2520.0,-2690.0
100.0,10.0,2.0,2.0,3.0,0.0,4.0,0.017357782999170013,0.04110580199994729,0.007632749000549666,0.008447236001302372,0.4316031460002705,-2490.0,-2630.0
100.0,10.0,2.0,2.0,3.0,0.0,5.0,0.016858056998898974,0.04082447399923694,0.0075633989999914775,0.013566589999754797,0.5104233000001841,-2370.0,-2560.0
100.0,10.0,2.0,2.0,3.0,0.0,6.0,0.016980833999696188,0.03794055500111426,0.0071430399984819815,0.010418691999802832,0.5829145289990265,-2270.0,-2520.0
100.0,10.0,2.0,2.0,3.0,0.0,7.0,0.01649836099932145,0.04216286500013666,0.0071764949989301385,0.010631622000801144,0.6593915239991475,-2170.0,-2420.0
100.0,10.0,2.0,2.0,3.0,0.0,8.0,0.018795075000525685,0.03875268100091489,0.007643249999091495,0.010253825999825494,0.734843906999231,-2120.0,-2350.0
100.0,10.0,2.0,2.0,3.0,0.0,9.0,0.01538144000005559,0.04056001899880357,0.0063171249985316535,0.008511416999681387,0.8056213179988845,-2120.0,-2300.0
100.0,10.0,2.0,2.0,3.0,0.0,10.0,0.016444353999759187,0.03838611999890418,0.008010767998712254,0.010709738999139518,0.879180505999102,-2120.0,-2290.0
100.0,10.0,2.0,2.0,3.0,0.0,11.0,0.01639333200000692,0.03862278700034949,0.007439144999807468,0.005477529999552644,0.947121019999031,-2110.0,-2270.0
100.0,10.0,2.0,2.0,3.0,0.0,12.0,0.01622105400019791,0.038960259000305086,0.006680742000753526,0.007159638000302948,1.0161498679990473,-1940.0,-2180.0
100.0,10.0,2.0,2.0,3.0,0.0,13.0,0.01614492800035805,0.04049289199974737,0.007170265998865943,0.00946892200045113,1.0894348189995071,-1890.0,-2110.0
100.0,10.0,2.0,2.0,3.0,0.0,14.0,0.015736613000626676,0.03816819200073951,0.0070049690002633724,0.01222215499910817,1.1625742559990613,-1830.0,-2040.0
100.0,10.0,2.0,2.0,3.0,0.0,15.0,0.01704563000021153,0.03526768799929414,0.007521492998421309,0.017716320000545238,1.2401329419990361,-1830.0,-1890.0
100.0,10.0,2.0,2.0,3.0,0.0,16.0,0.018018988999756402,0.03733138399911695,0.006704672998239403,0.01186966599925654,1.314065953998579,-1830.0,-1880.0
100.0,10.0,2.0,2.0,3.0,0.0,17.0,0.01610088899906259,0.03992226800073695,0.007244730999445892,0.013989224999022554,1.3913303629997245,-1830.0,-1880.0
100.0,10.0,2.0,2.0,3.0,0.0,18.0,0.01622970400057966,0.03827238799931365,0.007359457998973085,0.01220723500046006,1.4654067760002363,-1830.0,-1870.0
100.0,10.0,2.0,2.0,3.0,0.0,19.0,0.016061647000242374,0.037460478000866715,0.007653120999748353,0.010421972001495305,1.5370118009996077,-1800.0,-1850.0
100.0,10.0,2.0,2.0,3.0,0.0,20.0,0.018453672999385162,0.035639150000861264,0.008101679999526823,0.004475580999496742,1.6036896799996612,-1800.0,-1850.0
100.0,10.0,2.0,2.0,3.0,0.0,21.0,0.017772988001524936,0.037554463000560645,0.006593910000447067,0.008302948999698856,1.6739213319997361,-1800.0,-1840.0
100.0,10.0,2.0,2.0,3.0,0.0,22.0,0.017508375998659176,0.037482083000213606,0.007122432998585282,0.019207815999834565,1.755249357998764,-1610.0,-1830.0
100.0,10.0,2.0,2.0,3.0,0.0,23.0,0.01687653500084707,0.03521547200034547,0.007605654000144568,0.0144871559987223,1.82944091599893,-1550.0,-1730.0
100.0,10.0,2.0,2.0,3.0,0.0,24.0,0.01976091700089455,0.04197217399996589,0.007731347001026734,0.019508077999489615,1.9184206989993982,-1550.0,-1630.0
100.0,10.0,2.0,2.0,3.0,0.0,25.0,0.018723189999946044,0.039259026998479385,0.006702761000269675,0.006127586999355117,1.9892402699988452,-1550.0,-1620.0
100.0,10.0,2.0,2.0,3.0,0.0,26.0,0.01665551800033427,0.03776539899990894,0.007097726000210969,0.008372648999284138,2.059139167999092,-1540.0,-1610.0
100.0,10.0,2.0,2.0,3.0,0.0,27.0,0.01691618799850403,0.03911946100015484,0.007261022999955458,0.011639204998573405,2.13408206999884,-1540.0,-1590.0
100.0,10.0,2.0,2.0,3.0,0.0,28.0,0.01697183699980087,0.03900204300043697,0.00954664599885291,0.009852373999819974,2.2094625199988513,-1540.0,-1580.0
100.0,10.0,2.0,2.0,3.0,0.0,29.0,0.015169317000982119,0.037080682999658165,0.006327776998659829,0.009801170001082937,2.2778493219993834,-1540.0,-1580.0
100.0,10.0,2.0,2.0,3.0,0.0,30.0,0.02033919700079423,0.038450116000603884,0.0077693750008620555,0.014700095998705365,2.3591162579996308,-1540.0,-1580.0
100.0,10.0,2.0,2.0,3.0,0.0,31.0,0.018150442998376093,0.03768924500036519,0.007067681999615161,0.006770927999241394,2.4288020559997676,-1520.0,-1560.0
100.0,10.0,2.0,2.0,3.0,0.0,32.0,0.017175701999804005,0.03897902300013811,0.006477656999777537,0.006775682000807137,2.4982179749986244,-1520.0,-1560.0
100.0,10.0,2.0,2.0,3.0,0.0,33.0,0.01672010800029966,0.03623465000055148,0.00763315200129,0.0051623809995362535,2.563975594999647,-1510.0,-1560.0
100.0,10.0,2.0,2.0,3.0,0.0,34.0,0.01802157900056045,0.03799580399936531,0.007030435999695328,0.005051342999649933,2.632082182999511,-1510.0,-1560.0
100.0,10.0,2.0,2.0,3.0,0.0,35.0,0.016129777000969625,0.03832983299980697,0.007772952998493565,0.008401033999689389,2.7027241659998253,-1510.0,-1560.0
100.0,10.0,2.0,2.0,3.0,0.0,36.0,0.017310988001554506,0.0401868890003243,0.006555047999427188,0.0067060899982607225,2.773490480998589,-1510.0,-1560.0
100.0,10.0,2.0,2.0,3.0,0.0,37.0,0.016491488999236026,0.037377052000010735,0.006694708999930299,0.006680546001007315,2.8407418909991975,-1510.0,-1560.0
100.0,10.0,2.0,2.0,3.0,0.0,38.0,0.014841940999758663,0.03919184100050188,0.007042983999781427,0.004963506000422058,2.906789871998626,-1510.0,-1560.0
100.0,10.0,2.0,2.0,3.0,0.0,39.0,0.018966674000694184,0.038986810999631416,0.007426887999827159,0.005415184999947087,2.9775932699994883,-1510.0,-1560.0
100.0,10.0,2.0,2.0,3.0,0.0,40.0,0.018707503000769066,0.03534456900160876,0.006460028998844791,0.005282170999635127,3.0433951289996912,-1510.0,-1550.0
100.0,10.0,2.0,2.0,3.0,0.0,41.0,0.018537934000050882,0.03857866300131718,0.007609722999404767,0.006124217999968096,3.114252661000137,-1510.0,-1550.0
100.0,10.0,2.0,2.0,3.0,0.0,42.0,0.018374647999735316,0.03563297999971837,0.006448374000683543,0.006216963000042597,3.180932549999852,-1510.0,-1550.0
100.0,10.0,2.0,2.0,3.0,0.0,43.0,0.01669651900010649,0.03225218999978097,0.00638589700065495,0.006327855999188614,3.242602350999732,-1510.0,-1550.0
100.0,10.0,2.0,2.0,3.0,0.0,44.0,0.015844187000766397,0.03491139200014004,0.007132986000215169,0.006326652999632643,3.306824596998922,-1440.0,-1550.0
100.0,10.0,2.0,2.0,3.0,0.0,45.0,0.015403040000819601,0.0326944469998125,0.0070923610001045745,0.012013403000310063,3.3740349049985525,-1410.0,-1540.0
100.0,10.0,2.0,2.0,3.0,0.0,46.0,0.016085913999631885,0.03500052799972764,0.0073117600004479755,0.008202630999221583,3.4406427670000994,-1410.0,-1530.0
100.0,10.0,2.0,2.0,3.0,0.0,47.0,0.017345283000395284,0.037721185999544105,0.007893232001151773,0.013798574000247754,3.5174083809997683,-1290.0,-1510.0
100.0,10.0,2.0,2.0,3.0,0.0,48.0,0.02111879399853933,0.03878523900129949,0.008837508999931742,0.023642587000722415,3.6097997349988873,-1290.0,-1440.0
100.0,10.0,2.0,2.0,3.0,0.0,49.0,0.019603480001023854,0.037459027000295464,0.008361173000594135,0.012915575000079116,3.6881463899990194,-1290.0,-1410.0
100.0,10.0,2.0,2.0,3.0,0.0,50.0,0.020451230000617215,0.041832402001091396,0.009434861000045203,0.010170692999963649,3.770042387999638,-1290.0,-1360.0
100.0,10.0,2.0,2.0,3.0,0.0,51.0,0.01845150200097123,0.04191664000063611,0.0073704019996512216,0.007298451999304234,3.845087693000096,-1290.0,-1360.0
100.0,10.0,2.0,2.0,3.0,0.0,52.0,0.017635729998801253,0.03996996100067918,0.007269612999152741,0.008929959998567938,3.9189025739997305,-1190.0,-1350.0
100.0,10.0,2.0,2.0,3.0,0.0,53.0,0.01739008399999875,0.04036923400053638,0.006959428001209744,0.013053885999397608,3.9966833859998587,-1190.0,-1350.0
100.0,10.0,2.0,2.0,3.0,0.0,54.0,0.01721620400167012,0.040063772999928915,0.0075324530007492285,0.009557903000313672,4.0710614869985875,-1190.0,-1340.0
100.0,10.0,2.0,2.0,3.0,0.0,55.0,0.01575572799993097,0.03845412600094278,0.006012911000652821,0.015666417999455007,4.146958084998914,-1140.0,-1340.0
100.0,10.0,2.0,2.0,3.0,0.0,56.0,0.015654441998776747,0.03740573600043717,0.007561558999441331,0.011926081000638078,4.219513983998695,-1140.0,-1310.0
100.0,10.0,2.0,2.0,3.0,0.0,57.0,0.020005152000521775,0.037884764999034815,0.007056465001369361,0.01373645500098064,4.298204495999016,-1140.0,-1290.0
100.0,10.0,2.0,2.0,3.0,0.0,58.0,0.017057654999007354,0.03464204300144047,0.006880987999466015,0.011880123000082676,4.3686723539995,-1140.0,-1280.0
100.0,10.0,2.0,2.0,3.0,0.0,59.0,0.017231006999281817,0.034293507000256795,0.007696702999965055,0.009085220999622834,4.436986163998881,-1090.0,-1280.0
100.0,10.0,2.0,2.0,3.0,0.0,60.0,0.017665928999122116,0.03975659599927894,0.007337035998716601,0.0077395379994413815,4.509492056999079,-1090.0,-1190.0
100.0,10.0,2.0,2.0,3.0,0.0,61.0,0.015804635999302263,0.03906581699993694,0.0073534540006221505,0.007670648999919649,4.579393007999897,-1090.0,-1190.0
100.0,10.0,2.0,2.0,3.0,0.0,62.0,0.016835083000842133,0.03595078999933321,0.008394717999181012,0.007846492000680882,4.6484273730002315,-1090.0,-1190.0
100.0,10.0,2.0,2.0,3.0,0.0,63.0,0.018015125999227166,0.03419123499952548,0.007416323000143166,0.00836367100055213,4.716421290999278,-1070.0,-1190.0
100.0,10.0,2.0,2.0,3.0,0.0,64.0,0.01647877499999595,0.03374836900002265,0.007048932000543573,0.009765844000867219,4.783471404000011,-1020.0,-1160.0
100.0,10.0,2.0,2.0,3.0,0.0,65.0,0.016377277999708895,0.03582114900018496,0.006896591001350316,0.0065568070003791945,4.849130263999541,-1020.0,-1140.0
100.0,10.0,2.0,2.0,3.0,0.0,66.0,0.016549793999729445,0.038701438999851234,0.006155548000606359,0.00882637599897862,4.9193717219986866,-1020.0,-1140.0
100.0,10.0,2.0,2.0,3.0,0.0,67.0,0.015382030000182567,0.03860153999994509,0.007023205000223243,0.008410854999965522,4.988797990999956,-1020.0,-1110.0
100.0,10.0,2.0,2.0,3.0,0.0,68.0,0.016758293999373564,0.03592931999992288,0.006909323001309531,0.012733436000416987,5.061135923999245,-1020.0,-1110.0
100.0,10.0,2.0,2.0,3.0,0.0,69.0,0.019634922000477673,0.04171604200018919,0.007221764000860276,0.011328818000038154,5.141045181999289,-1020.0,-1110.0
100.0,10.0,2.0,2.0,3.0,0.0,70.0,0.016282581998893875,0.04360161500153481,0.007317637000596733,0.01297384400095325,5.221228544000041,-1020.0,-1090.0
100.0,10.0,2.0,2.0,3.0,0.0,71.0,0.018917683999461588,0.04042003299946373,0.007341546999668935,0.010181415998886223,5.2980968419997225,-1020.0,-1090.0
100.0,10.0,2.0,2.0,3.0,0.0,72.0,0.016456811999887577,0.03906998200000089,0.007373602000370738,0.013887663999412325,5.374891796000156,-1020.0,-1090.0
100.0,10.0,2.0,2.0,3.0,0.0,73.0,0.01703096300116158,0.035780180000074324,0.007070361998557928,0.01097600300090562,5.445757198998763,-1020.0,-1090.0
100.0,10.0,2.0,2.0,3.0,0.0,74.0,0.01663361299870303,0.03754835700055992,0.007564749999801279,0.008453103999272571,5.515964587999406,-1000.0,-1060.0
100.0,10.0,2.0,2.0,3.0,0.0,75.0,0.01677681499859318,0.03815925200069614,0.007191020999016473,0.005938275000517024,5.584037230999456,-950.0,-1060.0
100.0,10.0,2.0,2.0,3.0,0.0,76.0,0.01707686200097669,0.03805845100032457,0.006996619000346982,0.012042107000524993,5.658218680999198,-950.0,-1050.0
100.0,10.0,2.0,2.0,3.0,0.0,77.0,0.017017846999806352,0.03796377199978451,0.0073069930003839545,0.008771279999564285,5.729287665999436,-950.0,-1040.0
100.0,10.0,2.0,2.0,3.0,0.0,78.0,0.016519729999345145,0.04163228700053878,0.006953353000426432,0.010772870000437251,5.805174015999,-950.0,-1020.0
100.0,10.0,2.0,2.0,3.0,0.0,79.0,0.018388555999990785,0.038175390000105835,0.007498588000089512,0.015460747001270647,5.884705149999718,-910.0,-980.0
100.0,10.0,2.0,2.0,3.0,0.0,80.0,0.016809913999168202,0.03790309000032721,0.007405314998322865,0.011870669999552774,5.958701595998718,-910.0,-980.0
100.0,10.0,2.0,2.0,3.0,0.0,81.0,0.01746218799962662,0.04011413999978686,0.007053221001115162,0.006586580000657705,6.02992490899851,-910.0,-970.0
100.0,10.0,2.0,2.0,3.0,0.0,82.0,0.01752497699999367,0.037553127000137465,0.006630107000091812,0.01290669300033187,6.104547032999108,-890.0,-950.0
100.0,10.0,2.0,2.0,3.0,0.0,83.0,0.01988425499985169,0.038661192998915794,0.009009217999846442,0.00969439899927238,6.181803031999152,-880.0,-950.0
100.0,10.0,2.0,2.0,3.0,0.0,84.0,0.019323167000038666,0.03787775400087412,0.00782324000101653,0.007624477999343071,6.254458118999537,-850.0,-940.0
100.0,10.0,2.0,2.0,3.0,0.0,85.0,0.017255124001167133,0.03965921199960576,0.007226800000353251,0.00659629700021469,6.325202813999567,-840.0,-930.0
100.0,10.0,2.0,2.0,3.0,0.0,86.0,0.017050899999958347,0.03595512299943948,0.007848043000194593,0.01038316899939673,6.396447831999467,-760.0,-910.0
100.0,10.0,2.0,2.0,3.0,0.0,87.0,0.01853624400064291,0.035258724999948754,0.007917486000224017,0.010967920999974012,6.469136107998565,-760.0,-910.0
100.0,10.0,2.0,2.0,3.0,0.0,88.0,0.01756759999989299,0.0356242839989136,0.00678940100078762,0.00503800600017712,6.534163104999607,-760.0,-900.0
100.0,10.0,2.0,2.0,3.0,0.0,89.0,0.0170583679991978,0.036944141998901614,0.00708735400075966,0.00849825899967982,6.603759691999585,-760.0,-890.0
100.0,10.0,2.0,2.0,3.0,0.0,90.0,0.01577740500033542,0.040340346000448335,0.007274382000105106,0.008551397999326582,6.67571108699849,-760.0,-880.0
100.0,10.0,2.0,2.0,3.0,0.0,91.0,0.017605846998776542,0.036374979999891366,0.0071822090012574336,0.006897274000948528,6.743779160999111,-760.0,-880.0
100.0,10.0,2.0,2.0,3.0,0.0,92.0,0.017736666999553563,0.04184975699899951,0.006624334000662202,0.006739733998983866,6.816736929999024,-760.0,-860.0
100.0,10.0,2.0,2.0,3.0,0.0,93.0,0.01629685099942435,0.037404305001473404,0.006379882999681286,0.008375752999199904,6.885201736999079,-730.0,-850.0
100.0,10.0,2.0,2.0,3.0,0.0,94.0,0.015986205000444897,0.036987880999731715,0.007634592000613338,0.012396681999234715,6.958214729000247,-730.0,-850.0
100.0,10.0,2.0,2.0,3.0,0.0,95.0,0.015887419998762198,0.03916148899952532,0.006954309999855468,0.01257553200048278,7.0328012779991695,-730.0,-840.0
100.0,10.0,2.0,2.0,3.0,0.0,96.0,0.018712825998591143,0.0370728660000168,0.00673037500018836,0.00910008200116863,7.104425700999855,-730.0,-840.0
100.0,10.0,2.0,2.0,3.0,0.0,97.0,0.014055394000024535,0.0393484640007955,0.007427092999932938,0.0068285039997135755,7.172092569999222,-730.0,-830.0
100.0,10.0,2.0,2.0,3.0,0.0,98.0,0.015886892999333213,0.0369829920000484,0.007640695999725722,0.017151512000054936,7.249762485998872,-730.0,-820.0
100.0,10.0,2.0,2.0,3.0,0.0,99.0,0.01773053900069499,0.03889023699957761,0.007315730999835068,0.008494477000567713,7.3222015960000135,-730.0,-780.0
100.0,10.0,2.0,2.0,3.0,0.0,100.0,0.016980258998955833,0.03796814100132906,0.006964861000597011,0.006664114998784498,7.3907864519987925,-730.0,-780.0
100.0,10.0,2.0,2.0,3.0,0.0,101.0,0.015547335999144707,0.0398082190004061,0.007453705000443733,0.007237190000523697,7.460840955998719,-730.0,-780.0
100.0,10.0,2.0,2.0,3.0,0.0,102.0,0.016910253998503322,0.0393109420001565,0.006909661999088712,0.010909663000347791,7.534889272999862,-730.0,-780.0
100.0,10.0,2.0,2.0,3.0,0.0,103.0,0.016176888999325456,0.03839753500142251,0.007257784000103129,0.008262765000836225,7.604992164999203,-710.0,-770.0
100.0,10.0,2.0,2.0,3.0,0.0,104.0,0.017661572999713826,0.03925030900063575,0.006967205999899306,0.006701033000354073,7.675579962999109,-710.0,-770.0
100.0,10.0,2.0,2.0,3.0,0.0,105.0,0.01800343900140433,0.04038052699979744,0.00671070800126472,0.004996347000997048,7.7456789769985335,-710.0,-770.0
100.0,10.0,2.0,2.0,3.0,0.0,106.0,0.015806258999873535,0.03997546699974919,0.006349657000100706,0.008268438001323375,7.816086284999983,-710.0,-770.0
100.0,10.0,2.0,2.0,3.0,0.0,107.0,0.016633248000289313,0.041034317000594456,0.006984237999859033,0.0048897680007939925,7.885654522999175,-710.0,-760.0
100.0,10.0,2.0,2.0,3.0,0.0,108.0,0.01637227099854499,0.04041515400058415,0.007303757000045152,0.004939593998642522,7.954693349998706,-710.0,-760.0
100.0,10.0,2.0,2.0,3.0,0.0,109.0,0.01569510000081209,0.04139300700080639,0.007590143999550492,0.005068821999884676,8.024448438998661,-710.0,-760.0
100.0,10.0,2.0,2.0,3.0,0.0,110.0,0.017486423001173534,0.040638875998411095,0.006762225999409566,0.004884706000666483,8.094228312998894,-710.0,-760.0
100.0,10.0,2.0,2.0,3.0,0.0,111.0,0.016452138999738963,0.03939206699942588,0.007327265000640182,0.00513166200107662,8.162539346998528,-710.0,-760.0
100.0,10.0,2.0,2.0,3.0,0.0,112.0,0.02344533399991633,0.038124298998809536,0.00723121299961349,0.005668687001161743,8.237016572998982,-710.0,-760.0
100.0,10.0,2.0,2.0,3.0,0.0,113.0,0.01751075500033039,0.03692406800109893,0.0076774640001531225,0.00510996199955116,8.304246408999461,-710.0,-760.0
100.0,10.0,2.0,2.0,3.0,0.0,114.0,0.017708527999275248,0.03956550899965805,0.007271489999766345,0.00527118399986648,8.374070494999614,-710.0,-760.0
100.0,10.0,2.0,2.0,3.0,0.0,115.0,0.015725532999567804,0.03810855899973831,0.0075584810001601,0.005035621999923023,8.440505935999681,-710.0,-760.0
100.0,10.0,2.0,2.0,3.0,0.0,116.0,0.016501996000442887,0.04001708900068479,0.006126135000158683,0.004781342000569566,8.507939768998767,-710.0,-760.0
100.0,10.0,2.0,2.0,3.0,0.0,117.0,0.01680415899863874,0.037127428000530927,0.007418078999762656,0.005141808000189485,8.574438894000195,-710.0,-760.0
100.0,10.0,2.0,2.0,3.0,0.0,118.0,0.01926174400068703,0.040969207000671304,0.0070734689998062095,0.005073078998975689,8.646824204999575,-710.0,-760.0
100.0,10.0,2.0,2.0,3.0,0.0,119.0,0.019506263999574003,0.041028486000868725,0.007122512000933057,0.005611509999653208,8.720101238999632,-710.0,-760.0
100.0,10.0,2.0,2.0,3.0,0.0,120.0,0.019486179000523407,0.04335232399898814,0.007518524000261095,0.005020955000873073,8.795487301998946,-710.0,-760.0
100.0,10.0,2.0,2.0,3.0,0.0,121.0,0.017399092999767163,0.04022106099910161,0.007510395000281278,0.01127468499907991,8.871900314999948,-710.0,-740.0
100.0,10.0,2.0,2.0,3.0,0.0,122.0,0.017035048000252573,0.04249464200074726,0.008040311999138794,0.008981965000202763,8.94846067599974,-710.0,-740.0
100.0,10.0,2.0,2.0,3.0,0.0,123.0,0.017612882000321406,0.04161322000072687,0.008325437000166858,0.007239872000354808,9.023260096999365,-710.0,-740.0
100.0,10.0,2.0,2.0,3.0,0.0,124.0,0.017538334001073963,0.04185201499967661,0.007812982999894302,0.0131135860010545,9.103585372999078,-710.0,-740.0
100.0,10.0,2.0,2.0,3.0,0.0,125.0,0.018004780000410392,0.044677787000182434,0.007149693999963347,0.013108395000017481,9.186534618998849,-710.0,-740.0
100.0,10.0,2.0,2.0,3.0,0.0,126.0,0.01723347999904945,0.04221570499976224,0.006724802999087842,0.009034340999278356,9.261751158999687,-710.0,-740.0
100.0,10.0,2.0,2.0,3.0,0.0,127.0,0.01750851199903991,0.04233416699935333,0.007206952999695204,0.011469545999716502,9.340279729998656,-710.0,-740.0
100.0,10.0,2.0,2.0,3.0,0.0,128.0,0.018773517998852185,0.044230749999769614,0.00848415499967814,0.026389763999759452,9.438166377998641,-710.0,-730.0
100.0,10.0,2.0,2.0,3.0,0.0,129.0,0.015496449001147994,0.037237950000417186,0.006478878000052646,0.01334700199913641,9.510734485000285,-710.0,-730.0
100.0,10.0,2.0,2.0,3.0,0.0,130.0,0.017326163999314304,0.03587489700112201,0.006459292000727146,0.012818086999686784,9.583220767999592,-710.0,-730.0
100.0,10.0,2.0,2.0,3.0,0.0,131.0,0.015354343000581139,0.035425545000180136,0.00664965399846551,0.012942938001287985,9.653600464998817,-710.0,-730.0
100.0,10.0,2.0,2.0,3.0,0.0,132.0,0.015640379999240395,0.03807217800022045,0.006786747999285581,0.014688612000099965,9.728795992999949,-710.0,-730.0
100.0,10.0,2.0,2.0,3.0,0.0,133.0,0.01582760299970687,0.03842192500087549,0.008366418000150588,0.021932981000645668,9.81335221199879,-710.0,-730.0
100.0,10.0,2.0,2.0,3.0,0.0,134.0,0.018582665999929304,0.039302426999711315,0.006294053000601707,0.020462552000026335,9.89800097799889,-710.0,-730.0
100.0,10.0,2.0,2.0,3.0,0.0,135.0,0.019171281999661005,0.042553110000881134,0.0077177440016384935,0.015082984999025939,9.982533436999802,-680.0,-730.0
100.0,10.0,2.0,2.0,3.0,0.0,136.0,0.018212476999906357,0.03758990800088213,0.006431066998629831,0.013070339999103453,10.057844984999974,-680.0,-730.0
100.0,10.0,2.0,2.0,3.0,0.0,137.0,0.01737980200050515,0.03818680000040331,0.006294275999607635,0.015945202998409513,10.135696358000132,-680.0,-730.0
100.0,10.0,2.0,2.0,3.0,0.0,138.0,0.020277469000575365,0.03847680500075512,0.008468748001178028,0.009194999998726416,10.212121073000162,-680.0,-730.0
100.0,10.0,2.0,2.0,3.0,0.0,139.0,0.017201993001435767,0.038833306000015,0.0064601699996273965,0.014706412999657914,10.289330761999736,-680.0,-730.0
100.0,10.0,2.0,2.0,3.0,0.0,140.0,0.017124840000178665,0.03814990399951057,0.0061941359999764245,0.010046479001175612,10.360853422000218,-680.0,-720.0
100.0,10.0,2.0,2.0,3.0,0.0,141.0,0.015539143001660705,0.03756687500026601,0.00688807600090513,0.009529395998470136,10.430384460998539,-680.0,-720.0
100.0,10.0,2.0,2.0,3.0,0.0,142.0,0.016956805000518216,0.03564710200043919,0.007081875000949367,0.009591529000317678,10.499669695998818,-680.0,-720.0
100.0,10.0,2.0,2.0,3.0,0.0,143.0,0.0157506760006072,0.03651889499997196,0.005895783000596566,0.009759438999026315,10.567601597000248,-680.0,-720.0
100.0,10.0,2.0,2.0,3.0,0.0,144.0,0.01500236999891058,0.03762202200050524,0.0061456140010704985,0.012986281000848976,10.639364836999448,-680.0,-720.0
100.0,10.0,2.0,2.0,3.0,0.0,145.0,0.015224242999465787,0.0354135600009613,0.006565755000337958,0.015925517000141554,10.71250150800006,-680.0,-710.0
100.0,10.0,2.0,2.0,3.0,0.0,146.0,0.014314668000224628,0.03490051299922925,0.006824361000326462,0.017421148000721587,10.785969439999462,-680.0,-710.0
100.0,10.0,2.0,2.0,3.0,0.0,147.0,0.014456097000220325,0.035912970000936184,0.006270894000408589,0.012654183999984525,10.855271080999955,-580.0,-690.0
100.0,10.0,2.0,2.0,3.0,0.0,148.0,0.014926736001143581,0.0386818189999758,0.00699391300076968,0.014343594999445486,10.930224419998922,-580.0,-690.0
100.0,10.0,2.0,2.0,3.0,0.0,149.0,0.014231324999855133,0.03912599700015562,0.008011584000996663,0.015354147000834928,11.006954823998967,-580.0,-690.0
100.0,10.0,2.0,2.0,3.0,0.0,150.0,0.019075760999839986,0.03840249800123274,0.006423499999073101,0.022205734998351545,11.093070379998608,-580.0,-690.0
100.0,10.0,2.0,2.0,3.0,0.0,151.0,0.01804656599961163,0.038738974999432685,0.006869672000902938,0.012138129000959452,11.168873187998543,-580.0,-680.0
100.0,10.0,2.0,2.0,3.0,0.0,152.0,0.016824349000671646,0.03746801799934474,0.007224558999951114,0.010555795999607653,11.240953839998838,-580.0,-670.0
100.0,10.0,2.0,2.0,3.0,0.0,153.0,0.018311238000023877,0.037343663001593086,0.007453768999766908,0.013039970999670913,11.317110811998646,-580.0,-660.0
100.0,10.0,2.0,2.0,3.0,0.0,154.0,0.015691751999838743,0.03987811499973759,0.0066572190007718746,0.009899462000248604,11.389245290998588,-580.0,-650.0
100.0,10.0,2.0,2.0,3.0,0.0,155.0,0.014141052999548265,0.03916325899990625,0.007995320998816169,0.020981887000743882,11.47153507099938,-580.0,-640.0
100.0,10.0,2.0,2.0,3.0,0.0,156.0,0.01670829299837351,0.03853845999947225,0.0075432270004966995,0.012367970000923378,11.546702445999472,-580.0,-620.0
100.0,10.0,2.0,2.0,3.0,0.0,157.0,0.01591683100014052,0.038062931000240496,0.006021470999257872,0.012312044000282185,11.619023671999457,-580.0,-620.0
100.0,10.0,2.0,2.0,3.0,0.0,158.0,0.015363795000666869,0.036430913000003784,0.0075318250001146225,0.013851163999788696,11.692210447999969,-580.0,-620.0
100.0,10.0,2.0,2.0,3.0,0.0,159.0,0.01725226900089183,0.03766125999936776,0.00901608800086251,0.011811288000899367,11.76796066299903,-580.0,-620.0
100.0,10.0,2.0,2.0,3.0,0.0,160.0,0.016827292998641497,0.039000923999992665,0.006985863999943831,0.02407526499882806,11.854857590999018,-580.0,-610.0
100.0,10.0,2.0,2.0,3.0,0.0,161.0,0.021957070999633288,0.03782729799968365,0.007396001001325203,0.01882672099964111,11.940871749999133,-580.0,-610.0
100.0,10.0,2.0,2.0,3.0,0.0,162.0,0.01814836199991987,0.03709587299999839,0.006913378998433473,0.010388139000497176,12.013425068998913,-580.0,-610.0
100.0,10.0,2.0,2.0,3.0,0.0,163.0,0.016000192999854335,0.034789541001373436,0.006027055000231485,0.013588253999841982,12.083837535999919,-580.0,-610.0
100.0,10.0,2.0,2.0,3.0,0.0,164.0,0.018202662000476266,0.03615985500073293,0.006243362999157398,0.011916487999769743,12.156367436999062,-580.0,-610.0
100.0,10.0,2.0,2.0,3.0,0.0,165.0,0.015599831998770242,0.03694465499938815,0.0058724769987748004,0.011909625000043889,12.22670184799972,-580.0,-610.0
100.0,10.0,2.0,2.0,3.0,0.0,166.0,0.016321008999511832,0.03736832799950207,0.008825382999930298,0.023761291999107925,12.312986093998916,-580.0,-610.0
100.0,10.0,2.0,2.0,3.0,0.0,167.0,0.017578103001142154,0.03535984999871289,0.006503746000817046,0.014068304999454995,12.38650352500008,-580.0,-610.0
100.0,10.0,2.0,2.0,3.0,0.0,168.0,0.014712404999954742,0.03546430300048087,0.006684284000584739,0.014600791000702884,12.457973024998864,-580.0,-610.0
100.0,10.0,2.0,2.0,3.0,0.0,169.0,0.01584382600049139,0.03790438299984089,0.006930522999027744,0.011952134000239312,12.530610963000072,-530.0,-590.0
100.0,10.0,2.0,2.0,3.0,0.0,170.0,0.016594099999565515,0.039700053001070046,0.006343429999105865,0.0136081729997386,12.606864411998686,-530.0,-580.0
100.0,10.0,2.0,2.0,3.0,0.0,171.0,0.014859921999232029,0.03442446200097038,0.007938058999570785,0.009931534999850555,12.674025659000108,-530.0,-580.0
100.0,10.0,2.0,2.0,3.0,0.0,172.0,0.018599037999592838,0.03420742499838525,0.006690791000437457,0.009620582000934519,12.743150844999036,-530.0,-570.0
100.0,10.0,2.0,2.0,3.0,0.0,173.0,0.017839506999735022,0.03583135000008042,0.006115068999861251,0.011783264999394305,12.814727171999039,-530.0,-560.0
100.0,10.0,2.0,2.0,3.0,0.0,174.0,0.0161370790010551,0.0365208650000568,0.006685217000267585,0.01046456699987175,12.88455030499972,-530.0,-560.0
100.0,10.0,2.0,2.0,3.0,0.0,175.0,0.01663508400088176,0.035160350998921786,0.006093878999308799,0.013733637999393977,12.956181976000153,-530.0,-560.0
100.0,10.0,2.0,2.0,3.0,0.0,176.0,0.015696381000452675,0.038800243999503436,0.005995544999677804,0.012128096999731497,13.028809585999625,-500.0,-550.0
100.0,10.0,2.0,2.0,3.0,0.0,177.0,0.018883101000028546,0.03656647699972382,0.007247436000398011,0.011790560998633737,13.103304387999742,-500.0,-550.0
100.0,10.0,2.0,2.0,3.0,0.0,178.0,0.01586061999842059,0.034943343000122695,0.006838055000116583,0.009861309999905643,13.17081498799962,-500.0,-540.0
100.0,10.0,2.0,2.0,3.0,0.0,179.0,0.018400230999759515,0.035881937999874935,0.007327625999096199,0.010074992000227212,13.242507172999467,-500.0,-540.0
100.0,10.0,2.0,2.0,3.0,0.0,180.0,0.015812939000170445,0.03903164300027129,0.006478327000877471,0.008558183999411995,13.31239535199893,-500.0,-540.0
100.0,10.0,2.0,2.0,3.0,0.0,181.0,0.016134106001118198,0.036718827999720816,0.0067138459999114275,0.007937152000522474,13.379906385998765,-500.0,-540.0
100.0,10.0,2.0,2.0,3.0,0.0,182.0,0.014918891998604522,0.0401513619999605,0.006680352000330458,0.009906348999720649,13.451571247000174,-500.0,-540.0
100.0,10.0,2.0,2.0,3.0,0.0,183.0,0.01623767300043255,0.04005659100039338,0.007354098999712733,0.017255582000871073,13.53248363199964,-500.0,-540.0
100.0,10.0,2.0,2.0,3.0,0.0,184.0,0.01711891599916271,0.03894298900013382,0.006272082999203121,0.008866504000252462,13.603691340000296,-500.0,-540.0
100.0,10.0,2.0,2.0,3.0,0.0,185.0,0.01642460200127971,0.0386602380003751,0.007294785000340198,0.012542817999928957,13.678621324999767,-290.0,-530.0
100.0,10.0,2.0,2.0,3.0,0.0,186.0,0.018585601001177565,0.04135096999925736,0.006537952000144287,0.015738571999463602,13.760842222000065,-290.0,-510.0
100.0,10.0,2.0,2.0,3.0,0.0,187.0,0.016322584000590723,0.041278949998741155,0.0063240400013455655,0.010531122999964282,13.835306920998846,-290.0,-500.0
100.0,10.0,2.0,2.0,3.0,0.0,188.0,0.01697011400028714,0.03919289599980402,0.007279486999323126,0.012252098000317346,13.911009781999383,-290.0,-460.0
100.0,10.0,2.0,2.0,3.0,0.0,189.0,0.016342606000762316,0.037527623999267234,0.006704227000227547,0.010599347999232123,13.982191646999127,-240.0,-370.0
100.0,10.0,2.0,2.0,3.0,0.0,190.0,0.01602409000042826,0.03799501199864608,0.006077461001041229,0.008925535999878775,14.051221734000137,-240.0,-360.0
100.0,10.0,2.0,2.0,3.0,0.0,191.0,0.01685513099982927,0.03931497200028389,0.0075470560004760046,0.008139948000462027,14.123086309999053,-240.0,-360.0
100.0,10.0,2.0,2.0,3.0,0.0,192.0,0.0158193070001289,0.039230117999977665,0.006754661999366363,0.006815089000156149,14.191712933999952,-240.0,-350.0
100.0,10.0,2.0,2.0,3.0,0.0,193.0,0.01784831400073017,0.04198790400005237,0.007028426000033505,0.00866944399967906,14.267254366999623,-240.0,-320.0
100.0,10.0,2.0,2.0,3.0,0.0,194.0,0.018472453999493155,0.04106770900034462,0.006614632000491838,0.02017104300102801,14.353588336998655,-240.0,-320.0
100.0,10.0,2.0,2.0,3.0,0.0,195.0,0.017065882000679267,0.03877876499973354,0.006598571999347769,0.011822892000054708,14.427861531999952,-240.0,-320.0
100.0,10.0,2.0,2.0,3.0,0.0,196.0,0.017173707999972976,0.038556225001229905,0.0068405249985517,0.017628820998652373,14.50806776599893,-240.0,-320.0
100.0,10.0,2.0,2.0,3.0,0.0,197.0,0.017269095000301604,0.04320103999998537,0.008354890000191517,0.016650132998620393,14.593550149000293,-240.0,-320.0
100.0,10.0,2.0,2.0,3.0,0.0,198.0,0.01821575200119696,0.04013341700010642,0.007434578999891528,0.013174041998354369,14.67251613499866,-240.0,-320.0
100.0,10.0,2.0,2.0,3.0,0.0,199.0,0.01833850799994252,0.04428093600108696,0.0072693029997026315,0.01620871500017529,14.758622301000287,-240.0,-320.0
100.0,10.0,2.0,2.0,3.0,0.0,200.0,0.019519830000717775,0.042444511000212515,0.007686110999202356,0.014658865999081172,14.842939359999946,-240.0,-320.0
100.0,10.0,2.0,2.0,3.0,0.0,201.0,0.01904071799981466,0.044125599999460974,0.007657957001356408,0.016255320000709617,14.93002721099947,-240.0,-320.0
100.0,10.0,2.0,2.0,3.0,0.0,202.0,0.018027228999926592,0.04080786799931957,0.007255419001012342,0.012231204998897738,15.00835810999888,-240.0,-320.0
100.0,10.0,2.0,2.0,3.0,0.0,203.0,0.018353715000557713,0.04044706800050335,0.007275391999428393,0.013085558000966557,15.087528374999238,-240.0,-320.0
100.0,10.0,2.0,2.0,3.0,0.0,204.0,0.018550426000729203,0.0411005389996717,0.007317494999369956,0.01688800899864873,15.171393114998864,-240.0,-320.0
100.0,10.0,2.0,2.0,3.0,0.0,205.0,0.018889888999183313,0.043852372999026556,0.0076713079997716704,0.0235028949991829,15.265317823999794,-240.0,-320.0
100.0,10.0,2.0,2.0,3.0,0.0,206.0,0.019574054998884094,0.043718828999772086,0.006540623000546475,0.023398586999974214,15.358557884999755,-240.0,-320.0
100.0,10.0,2.0,2.0,3.0,0.0,207.0,0.01629293799851439,0.036682612999356934,0.006888060999699519,0.02090796899938141,15.439337142999648,-220.0,-310.0
100.0,10.0,2.0,2.0,3.0,0.0,208.0,0.018348849000176415,0.041479064000668586,0.007382208001217805,0.012742524999339366,15.519297572998767,-220.0,-290.0
100.0,10.0,2.0,2.0,3.0,0.0,209.0,0.01716361899889307,0.0434654929995304,0.006971715998588479,0.012886525999419973,15.599793939998563,-220.0,-290.0
100.0,10.0,2.0,2.0,3.0,0.0,210.0,0.01956261600025755,0.041125505000309204,0.0073838649987010285,0.012778256999808946,15.680652815999565,-220.0,-290.0
100.0,10.0,2.0,2.0,3.0,0.0,211.0,0.020413922000443563,0.0439692300005845,0.00797547300135193,0.014530364998790901,15.767550423999637,-220.0,-290.0
100.0,10.0,2.0,2.0,3.0,0.0,212.0,0.016918643999815686,0.04258047000075749,0.007080401001076098,0.015877249999903142,15.850015596999583,-220.0,-290.0
100.0,10.0,2.0,2.0,3.0,0.0,213.0,0.01645059099973878,0.0399927350008511,0.008499709998432081,0.01622219899945776,15.931188642998677,-220.0,-270.0
100.0,10.0,2.0,2.0,3.0,0.0,214.0,0.01575903000048129,0.03919260899965593,0.0070487049997609574,0.008748407999519259,16.001945144000274,-220.0,-270.0
100.0,10.0,2.0,2.0,3.0,0.0,215.0,0.017619986001591315,0.04031939800006512,0.00717313700079103,0.012312550999922678,16.079378165999515,-220.0,-270.0
100.0,10.0,2.0,2.0,3.0,0.0,216.0,0.019683533000716125,0.04170684599921515,0.007187791001342703,0.010666309000953333,16.15863091400024,-220.0,-270.0
100.0,10.0,2.0,2.0,3.0,0.0,217.0,0.018049183998300578,0.04088339699956123,0.007555228001365322,0.012340081000729697,16.237466538999797,-220.0,-270.0
100.0,10.0,2.0,2.0,3.0,0.0,218.0,0.020273393000024953,0.04695732999971369,0.006810698001572746,0.011135035998449894,16.322650750998946,-220.0,-270.0
100.0,10.0,2.0,2.0,3.0,0.0,219.0,0.01703760899908957,0.044670092000160366,0.006662362000497524,0.011009560999809764,16.40203836799992,-220.0,-270.0
100.0,10.0,2.0,2.0,3.0,0.0,220.0,0.01900490000116406,0.04386683499978972,0.00707664199944702,0.013196044999858714,16.485190801999124,-70.0,-250.0
100.0,10.0,2.0,2.0,3.0,0.0,221.0,0.018661858999621472,0.039612026999748196,0.007385811000858666,0.015028166000774945,16.565886596999917,-70.0,-180.0
100.0,10.0,2.0,2.0,3.0,0.0,222.0,0.017409862000931753,0.041432729000007384,0.006986772001255304,0.01569077699969057,16.64741535599933,-70.0,-180.0
100.0,10.0,2.0,2.0,3.0,0.0,223.0,0.016979017998892232,0.04084820400021272,0.007922255999801564,0.008745696999540087,16.721918706998622,-70.0,-180.0
100.0,10.0,2.0,2.0,3.0,0.0,224.0,0.018363101999057108,0.03988704800030973,0.007833740999558358,0.015495121999265393,16.803505279000092,-70.0,-180.0
100.0,10.0,2.0,2.0,3.0,0.0,225.0,0.017482591998486896,0.04060952500003623,0.008125480999296997,0.011219073001484503,16.880950191998636,-70.0,-170.0
100.0,10.0,2.0,2.0,3.0,0.0,226.0,0.02001219599878823,0.04453612199904455,0.008432946000539232,0.010979054000927135,16.96491812199929,-70.0,-170.0
100.0,10.0,2.0,2.0,3.0,0.0,227.0,0.017583486000148696,0.043436116000521,0.008015992998480215,0.019968642000094405,17.05393059800008,-70.0,-170.0
100.0,10.0,2.0,2.0,3.0,0.0,228.0,0.017071468999347417,0.04241651600023033,0.0076223400010349,0.012927985000715125,17.133977551999124,-70.0,-170.0
100.0,10.0,2.0,2.0,3.0,0.0,229.0,0.016083180998975877,0.04394436499933363,0.0067802159992425,0.012831137000830495,17.213624799998797,-70.0,-170.0
100.0,10.0,2.0,2.0,3.0,0.0,230.0,0.019019958999706432,0.04423526199934713,0.007881527000790811,0.011280251999778557,17.29605032499967,-70.0,-170.0
100.0,10.0,2.0,2.0,3.0,0.0,231.0,0.016850604999490315,0.04119559500031755,0.007629956000528182,0.011515829999552807,17.373251080000045,-70.0,-170.0
100.0,10.0,2.0,2.0,3.0,0.0,232.0,0.018925145001048804,0.043075538998891716,0.007998125000085565,0.011168539000209421,17.45442609299971,-70.0,-170.0
100.0,10.0,2.0,2.0,3.0,0.0,233.0,0.015888993999396916,0.043746921999627375,0.00809321500128135,0.014765807000003406,17.536929058998794,-70.0,-170.0
100.0,10.0,2.0,2.0,3.0,0.0,234.0,0.017648826998993172,0.043108502999530174,0.007639066998308408,0.012538554999991902,17.617872883998643,-70.0,-170.0
100.0,10.0,2.0,2.0,3.0,0.0,235.0,0.0164307099985308,0.041788114000155474,0.0068432959997153375,0.011929165000765352,17.694872509999186,-70.0,-170.0
100.0,10.0,2.0,2.0,3.0,0.0,236.0,0.01904510699932871,0.045204897000076016,0.007684160998906009,0.011393890001272666,17.778209078000145,-70.0,-170.0
100.0,10.0,2.0,2.0,3.0,0.0,237.0,0.01819779200013727,0.03982933199949912,0.007148648999645957,0.012827317999835941,17.85621962699952,-70.0,-170.0
100.0,10.0,2.0,2.0,3.0,0.0,238.0,0.01859481199971924,0.042759884001497994,0.0075507969995669555,0.013125864999892656,17.93825865999861,-70.0,-170.0
100.0,10.0,2.0,2.0,3.0,0.0,239.0,0.017831574001320405,0.04438884399860399,0.007657229998585535,0.014912478000042029,18.02305647799949,-70.0,-160.0
100.0,10.0,2.0,2.0,3.0,0.0,240.0,0.018774915999529185,0.04210950699962268,0.007176134999099304,0.01773210399915115,18.108857952000108,-50.0,-150.0
100.0,10.0,2.0,2.0,3.0,0.0,241.0,0.018360256999585545,0.04243358799976704,0.00730150400158891,0.012851898000008077,18.189813932000106,20.0,-100.0
100.0,10.0,2.0,2.0,3.0,0.0,242.0,0.020228178000252228,0.042712776999906055,0.007417732000249089,0.023063061998982448,18.283244418998947,20.0,-100.0
100.0,10.0,2.0,2.0,3.0,0.0,243.0,0.018136751001293305,0.040187124999647494,0.008177484000043478,0.0172294719995989,18.366983908999828,50.0,-90.0
100.0,10.0,2.0,2.0,3.0,0.0,244.0,0.01893252000081702,0.042373758000394446,0.00682345799941686,0.012733322000713088,18.44785514599971,50.0,-40.0
100.0,10.0,2.0,2.0,3.0,0.0,245.0,0.01780637899901194,0.04324605900001188,0.008381755000300473,0.014897581000695936,18.53219516199897,50.0,10.0
100.0,10.0,2.0,2.0,3.0,0.0,246.0,0.01710482599992247,0.045656428001166205,0.007415927999318228,0.014600971000618301,18.61698150600023,50.0,20.0
100.0,10.0,2.0,2.0,3.0,0.0,247.0,0.017603946000235737,0.04364207900107431,0.00984261899975536,0.013328343000466703,18.70140646099935,50.0,20.0
100.0,10.0,2.0,2.0,3.0,0.0,248.0,0.017477691999374656,0.0412173940003413,0.007510543000535108,0.01511978200142039,18.782739668999056,50.0,20.0
100.0,10.0,2.0,2.0,3.0,0.0,249.0,0.016699087998858886,0.04013745399970503,0.007785277000948554,0.02653993000058108,18.873909342999468,50.0,20.0
100.0,10.0,2.0,2.0,3.0,0.0,250.0,0.020408976000908297,0.04228916499960178,0.008406267999816919,0.013067507999949157,18.958089391999238,50.0,20.0
100.0,10.0,2.0,2.0,3.0,0.0,251.0,0.01812810199953674,0.04365597799915122,0.007237726998937433,0.012365143000351964,19.039485041999797,50.0,20.0
100.0,10.0,2.0,2.0,3.0,0.0,252.0,0.017694976999337086,0.04602508899915847,0.008339678999618627,0.015178381001533126,19.12673297299989,50.0,20.0
100.0,10.0,2.0,2.0,3.0,0.0,253.0,0.017722414999298053,0.04325385499942058,0.007627778000824037,0.016859630999533692,19.21220608299882,50.0,20.0
100.0,10.0,2.0,2.0,3.0,0.0,254.0,0.020597837999957846,0.043174342999918736,0.007715633000771049,0.016333227998984512,19.300036024998917,50.0,20.0
100.0,10.0,2.0,2.0,3.0,0.0,255.0,0.018302753000170924,0.04247717200087209,0.008276217000457109,0.015176204000454163,19.38427650399899,50.0,20.0
100.0,10.0,2.0,2.0,3.0,0.0,256.0,0.019265835000624065,0.04176622500017402,0.007529434999014484,0.014590867000151775,19.467437015999167,50.0,20.0
100.0,10.0,2.0,2.0,3.0,0.0,257.0,0.016494842000611243,0.04310553899995284,0.0070762459999969,0.013300647000505705,19.547422239000298,50.0,20.0
100.0,10.0,2.0,2.0,3.0,0.0,258.0,0.01665585699993244,0.04297069300082512,0.00823922600102378,0.015025594999315217,19.630322535000232,50.0,20.0
100.0,10.0,2.0,2.0,3.0,0.0,259.0,0.018734724000751157,0.04361505000088073,0.008150170999215334,0.015626172000338556,19.71645802399871,50.0,20.0
100.0,10.0,2.0,2.0,3.0,0.0,260.0,0.018970192000779207,0.046248984999692766,0.007518184000218753,0.012919802999022068,19.80212312799995,50.0,30.0
100.0,10.0,2.0,2.0,3.0,0.0,261.0,0.017792797998481547,0.04334064799877524,0.0072596360005263705,0.0141682760004187,19.88469376699868,50.0,30.0
100.0,10.0,2.0,2.0,3.0,0.0,262.0,0.016972229999737465,0.043785898998976336,0.006796749001296121,0.013258871000289219,19.96551614300006,50.0,30.0
100.0,10.0,2.0,2.0,3.0,0.0,263.0,0.017649601999437436,0.04224571600025229,0.008044829999562353,0.013071958999717026,20.046536635998564,50.0,30.0
100.0,10.0,2.0,2.0,3.0,0.0,264.0,0.017801150999730453,0.04295578799974464,0.007609082998897065,0.011274410000623902,20.12618566799938,50.0,30.0
100.0,10.0,2.0,2.0,3.0,0.0,265.0,0.01925349900011497,0.04134235399942554,0.007730978999461513,0.01213125199865317,20.206680889999916,50.0,30.0
100.0,10.0,2.0,2.0,3.0,0.0,266.0,0.0186536140008684,0.04450977000124112,0.010236611999062006,0.01195282499975292,20.29204154999934,50.0,30.0
100.0,10.0,2.0,2.0,3.0,0.0,267.0,0.018601013000079547,0.04234967299998971,0.008047145998716587,0.015045128999190638,20.376093463999496,50.0,30.0
100.0,10.0,2.0,2.0,3.0,0.0,268.0,0.018730556999798864,0.04113544299980276,0.006456926001192187,0.016468357000121614,20.458898564000265,50.0,30.0
100.0,10.0,2.0,2.0,3.0,0.0,269.0,0.018077820999678806,0.044322341000224696,0.007418216999212746,0.012840092000260483,20.541565186998923,50.0,30.0
100.0,10.0,2.0,2.0,3.0,0.0,270.0,0.01714068799992674,0.04167165800026851,0.007339366000451264,0.01523120599995309,20.62295710499893,50.0,30.0
100.0,10.0,2.0,2.0,3.0,0.0,271.0,0.018266094999489724,0.04235008599971479,0.0085808170006203,0.02474334100043052,20.716905683999357,50.0,30.0
100.0,10.0,2.0,2.0,3.0,0.0,272.0,0.017736281999532366,0.04300751600021613,0.00852507899980992,0.026016866000645678,20.812199576999774,90.0,30.0
100.0,10.0,2.0,2.0,3.0,0.0,273.0,0.018447438000293914,0.042659118998926715,0.00711758000034024,0.024520842998754233,20.904952756000057,110.0,30.0
100.0,10.0,2.0,2.0,3.0,0.0,274.0,0.02053444299963303,0.044464238999353256,0.007494097999369842,0.016039255000578123,20.993493535999733,110.0,30.0
100.0,10.0,2.0,2.0,3.0,0.0,275.0,0.01643538000098488,0.04311635500016564,0.007697330000155489,0.026067761000376777,21.086819098998603,110.0,30.0
100.0,10.0,2.0,2.0,3.0,0.0,276.0,0.018857912000385113,0.05294957099977182,0.008386235000216402,0.014615791998949135,21.181636569999682,110.0,30.0
100.0,10.0,2.0,2.0,3.0,0.0,277.0,0.020910495999487466,0.04761241900087043,0.00795855899923481,0.013077427000098396,21.271203954000157,110.0,30.0
100.0,10.0,2.0,2.0,3.0,0.0,278.0,0.017733367001710576,0.04469546799919044,0.007737858999462333,0.016662919999362202,21.358041591000074,110.0,30.0
100.0,10.0,2.0,2.0,3.0,0.0,279.0,0.017269687999942107,0.04290630299874465,0.008053642999584554,0.012407510001139599,21.438686388999486,110.0,30.0
100.0,10.0,2.0,2.0,3.0,0.0,280.0,0.01702693600054772,0.043577956001172424,0.007512977999795112,0.013199847000578302,21.52001190199917,110.0,30.0
100.0,10.0,2.0,2.0,3.0,0.0,281.0,0.016729013999793096,0.042232961999616236,0.007111369999620365,0.017116778000854538,21.603210207000302,110.0,30.0
100.0,10.0,2.0,2.0,3.0,0.0,282.0,0.01821018800001184,0.0422048550008185,0.0075361939998401795,0.028217381999638746,21.69938713999909,110.0,30.0
100.0,10.0,2.0,2.0,3.0,0.0,283.0,0.023213125999973272,0.04324437700051931,0.006958015999771305,0.014443628999288194,21.787254527000186,110.0,40.0
100.0,10.0,2.0,2.0,3.0,0.0,284.0,0.019722406001164927,0.04493487199943047,0.007308000000193715,0.01552564300072845,21.87475359599921,110.0,40.0
100.0,10.0,2.0,2.0,3.0,0.0,285.0,0.019601635000071838,0.04530470499958028,0.007652121999853989,0.014979055998992408,21.962299681999866,110.0,40.0
100.0,10.0,2.0,2.0,3.0,0.0,286.0,0.017292063001150382,0.04165749899948423,0.006787475000237464,0.012741610000375658,22.040786331999698,110.0,40.0
100.0,10.0,2.0,2.0,3.0,0.0,287.0,0.018054101999950944,0.04365762399902451,0.00806589399871882,0.020130786000663647,22.130703337999876,110.0,40.0
100.0,10.0,2.0,2.0,3.0,0.0,288.0,0.019444310000835685,0.04280715999993845,0.007180268999945838,0.015062537000630982,22.215205848999176,110.0,40.0
100.0,10.0,2.0,2.0,3.0,0.0,289.0,0.017789924000680912,0.04370428400034143,0.007675634000406717,0.013390322999839555,22.297774628999832,110.0,40.0
100.0,10.0,2.0,2.0,3.0,0.0,290.0,0.01873727699967276,0.04385012299826485,0.007010387000264018,0.013235383999926853,22.38061614599974,110.0,40.0
100.0,10.0,2.0,2.0,3.0,0.0,291.0,0.017541773999255383,0.041983995000919094,0.007290812000064761,0.02239749600084906,22.46983844299939,110.0,40.0
100.0,10.0,2.0,2.0,3.0,0.0,292.0,0.018676432999200188,0.04334009999911359,0.007557728000392672,0.014607987000999856,22.55402919199878,110.0,40.0
100.0,10.0,2.0,2.0,3.0,0.0,293.0,0.018185605000326177,0.04113766099908389,0.007832100998712122,0.030758836999666528,22.651951370999086,120.0,50.0
100.0,10.0,2.0,2.0,3.0,0.0,294.0,0.01793443099995784,0.043802665000839625,0.007716644000538508,0.01667632200042135,22.738090036998983,120.0,50.0
100.0,10.0,2.0,2.0,3.0,0.0,295.0,0.01776087600046594,0.04500406499937526,0.0070048729994596215,0.015441168001416372,22.823309616998813,120.0,60.0
100.0,10.0,2.0,2.0,3.0,0.0,296.0,0.017912825000166777,0.043110569000418764,0.0075387889992271084,0.012976152000192087,22.904856182000003,120.0,60.0
100.0,10.0,2.0,2.0,3.0,0.0,297.0,0.018052728000839124,0.04431972000020323,0.007141010999475839,0.01539284299906285,22.9897705530002,120.0,60.0
100.0,10.0,2.0,2.0,3.0,0.0,298.0,0.018753422000372666,0.042352768999990076,0.007480926000425825,0.013261883999803104,23.0716278660002,120.0,60.0
100.0,10.0,2.0,2.0,3.0,0.0,299.0,0.01914914000008139,0.045308581000426784,0.008382314999835216,0.01487175100010063,23.159347775999777,120.0,60.0
100.0,10.0,2.0,2.0,3.0,0.0,300.0,0.016906744000152685,0.041588598000089405,0.007794086999638239,0.013438457001029747,23.239084398999694,120.0,60.0
100.0,10.0,2.0,2.0,3.0,0.0,301.0,0.017263345998799196,0.043598755000857636,0.007514042999900994,0.013181426000301144,23.32065160499951,120.0,60.0
100.0,10.0,2.0,2.0,3.0,0.0,302.0,0.01768900099887105,0.04302709199873789,0.007346517999394564,0.012500790999183664,23.401224291999824,120.0,60.0
100.0,10.0,2.0,2.0,3.0,0.0,303.0,0.01766691400007403,0.04405601500002376,0.008636331998786773,0.0129248089997418,23.484519117999298,120.0,60.0
100.0,10.0,2.0,2.0,3.0,0.0,304.0,0.018226737000077264,0.04268283600140421,0.007577839000077802,0.01284062000013364,23.56585575799909,120.0,60.0
100.0,10.0,2.0,2.0,3.0,0.0,305.0,0.017090118999476545,0.042434876999323023,0.008355535999726271,0.012925241000630194,23.646669079000276,120.0,60.0
100.0,10.0,2.0,2.0,3.0,0.0,306.0,0.01855385999988357,0.04329067000071518,0.006402139999408973,0.01259679699978733,23.727520806998655,120.0,60.0
100.0,10.0,2.0,2.0,3.0,0.0,307.0,0.01879926699984935,0.044444017999921925,0.007545243999629747,0.010844705000636168,23.8091624890003,120.0,60.0
100.0,10.0,2.0,2.0,3.0,0.0,308.0,0.018902329999036738,0.04454546200031473,0.008349292000275454,0.011170746000061627,23.89213966099851,120.0,60.0
100.0,10.0,2.0,2.0,3.0,0.0,309.0,0.01987522200033709,0.042901282000457286,0.00784391399974993,0.012796531998901628,23.975565052000093,120.0,60.0
100.0,10.0,2.0,2.0,3.0,0.0,310.0,0.01747207900007197,0.04349829700004193,0.007433833001414314,0.013664398000400979,24.057642339999802,120.0,60.0
100.0,10.0,2.0,2.0,3.0,0.0,311.0,0.01872691900098289,0.0480041410010017,0.006897183000546647,0.011415005999879213,24.142693603000225,120.0,60.0
100.0,10.0,2.0,2.0,3.0,0.0,312.0,0.017354219000480953,0.043525652999960585,0.006647812000664999,0.011272034000285203,24.221501423999143,120.0,60.0
100.0,10.0,2.0,2.0,3.0,0.0,313.0,0.018310896999537363,0.04516706600043108,0.008056631000727066,0.022818551000455045,24.315862706998814,120.0,60.0
100.0,10.0,2.0,2.0,3.0,0.0,314.0,0.017376843999954872,0.04281615800027794,0.0072856210008467315,0.013304022000738769,24.396653494999555,120.0,60.0
100.0,10.0,2.0,2.0,3.0,0.0,315.0,0.018076746999213356,0.04294515200126625,0.007559710000350606,0.011139592999825254,24.476383166000232,120.0,60.0
100.0,10.0,2.0,2.0,3.0,0.0,316.0,0.018345321999731823,0.044706282000333886,0.006859944000098039,0.026933955999993486,24.573237439999502,120.0,60.0
100.0,10.0,2.0,2.0,3.0,0.0,317.0,0.018760851000479306,0.04548937899926386,0.008172640000339015,0.013228769001216278,24.658897174998856,120.0,60.0
100.0,10.0,2.0,2.0,3.0,0.0,318.0,0.018130753000150435,0.04482693099998869,0.00808028400024341,0.024143296001057024,24.754087524999704,120.0,60.0
100.0,10.0,2.0,2.0,3.0,0.0,319.0,0.019965372999649844,0.04344745799971861,0.006980227000894956,0.013523538998924778,24.838018151000142,120.0,60.0
100.0,10.0,2.0,2.0,3.0,0.0,320.0,0.01742181300141965,0.04458071699991706,0.00734802900115028,0.015277948999937507,24.92265626399967,120.0,60.0
100.0,10.0,2.0,2.0,3.0,0.0,321.0,0.018975914999828092,0.04513105000114592,0.007590040000650333,0.02245301000039035,25.016814355998577,120.0,60.0
100.0,10.0,2.0,2.0,3.0,0.0,322.0,0.01755203100037761,0.042212764999931096,0.007630960000824416,0.013389852001637337,25.097608161999233,120.0,60.0
100.0,10.0,2.0,2.0,3.0,0.0,323.0,0.01733702200181142,0.04246871800023655,0.007643064000149025,0.012544981998871663,25.17761038000026,120.0,60.0
100.0,10.0,2.0,2.0,3.0,0.0,324.0,0.01646196100045927,0.04067096700055117,0.007547894998424454,0.01286031600102433,25.25516006199905,120.0,60.0
100.0,10.0,2.0,2.0,3.0,0.0,325.0,0.015307790999941062,0.04342119900138641,0.007309630998861394,0.014780728000914678,25.335987528998885,120.0,60.0
100.0,10.0,2.0,2.0,3.0,0.0,326.0,0.018661230998986866,0.04297717300141812,0.007699724999838509,0.014242758999898797,25.41957641299996,120.0,60.0
100.0,10.0,2.0,2.0,3.0,0.0,327.0,0.018122223000318627,0.04171354499885638,0.00632177100123954,0.01609439500134613,25.501836223998907,120.0,60.0
100.0,10.0,2.0,2.0,3.0,0.0,328.0,0.018389897000815836,0.04233446699981869,0.006753264999133535,0.017946400999790058,25.587267750999672,120.0,70.0
100.0,10.0,2.0,2.0,3.0,0.0,329.0,0.017575097999724676,0.04293592400063062,0.007859047998863389,0.012577912999404361,25.668223849999777,120.0,70.0
100.0,10.0,2.0,2.0,3.0,0.0,330.0,0.017672723999567097,0.04168331000073522,0.007620970000061789,0.018148254999687197,25.75335703000019,120.0,70.0
100.0,10.0,2.0,2.0,3.0,0.0,331.0,0.018852535000405624,0.0411519640001643,0.007294486998944194,0.016354997000235016,25.837018880998585,180.0,90.0
100.0,10.0,2.0,2.0,3.0,0.0,332.0,0.01787498499834328,0.041164082000250346,0.007137868000427261,0.01647164700079884,25.919675141998596,190.0,100.0
100.0,10.0,2.0,2.0,3.0,0.0,333.0,0.017068041999664274,0.04260135000004084,0.007457730000169249,0.018897179999839864,26.005707842999982,190.0,140.0
100.0,10.0,2.0,2.0,3.0,0.0,334.0,0.017019652999806567,0.04098177399828273,0.007953361000545556,0.012866906999988714,26.084537820999685,190.0,140.0
100.0,10.0,2.0,2.0,3.0,0.0,335.0,0.018986646000485052,0.041797394000241184,0.007065884999974514,0.013809281999783707,26.16620560499905,190.0,140.0
100.0,10.0,2.0,2.0,3.0,0.0,336.0,0.01670163800008595,0.04087233899917919,0.007042027000352391,0.010817181999300374,26.24164650700004,190.0,140.0
100.0,10.0,2.0,2.0,3.0,0.0,337.0,0.016644314000586746,0.04395122999994783,0.008155438001267612,0.011029528999642935,26.321435109999584,190.0,140.0
100.0,10.0,2.0,2.0,3.0,0.0,338.0,0.016382869998778915,0.04211630200006766,0.006909554000230855,0.012718215999484528,26.399570626999775,190.0,150.0
100.0,10.0,2.0,2.0,3.0,0.0,339.0,0.01792587199997797,0.04126347999954305,0.007662943000468658,0.010998804998962441,26.477430248998644,190.0,150.0
100.0,10.0,2.0,2.0,3.0,0.0,340.0,0.01876464999986638,0.04120698299993819,0.007537665998825105,0.014709222999954363,26.55965747299888,190.0,150.0
100.0,10.0,2.0,2.0,3.0,0.0,341.0,0.01724918299987621,0.039902779999465565,0.006705728001179523,0.014200049001374282,26.63772291999885,190.0,150.0
100.0,10.0,2.0,2.0,3.0,0.0,342.0,0.017175942000903888,0.042887951000011526,0.007001144000241766,0.012353651000012178,26.71714976399926,190.0,150.0
100.0,10.0,2.0,2.0,3.0,0.0,343.0,0.01660292999986268,0.04083540399915364,0.007717406000665505,0.011018946999683976,26.793332330998965,190.0,150.0
100.0,10.0,2.0,2.0,3.0,0.0,344.0,0.018352335999225033,0.0394187529982446,0.007744481999907293,0.011011573000359931,26.869867539999177,190.0,150.0
100.0,10.0,2.0,2.0,3.0,0.0,345.0,0.01807515099972079,0.04144559000087611,0.007329213998673367,0.011314832001517061,26.948040294999373,190.0,150.0
100.0,10.0,2.0,2.0,3.0,0.0,346.0,0.016792271999293007,0.044055667998691206,0.006424698000046192,0.01236189699920942,27.027683387999787,190.0,150.0
100.0,10.0,2.0,2.0,3.0,0.0,347.0,0.017208102999575203,0.043102524999994785,0.007341172999076662,0.01145915300003253,27.10680218499874,190.0,150.0
100.0,10.0,2.0,2.0,3.0,0.0,348.0,0.016576670001086313,0.043678248999640346,0.006811532000938314,0.014917876000254182,27.188794765999774,190.0,150.0
100.0,10.0,2.0,2.0,3.0,0.0,349.0,0.016298640999593772,0.04137899299894343,0.007785019999573706,0.012452396000298904,27.266717791999326,190.0,150.0
100.0,10.0,2.0,2.0,3.0,0.0,350.0,0.0190710200004105,0.03930358500110742,0.007505112998842378,0.012679588000537478,27.34528477799904,190.0,150.0
100.0,10.0,2.0,2.0,3.0,0.0,351.0,0.016735626000809134,0.04097172900037549,0.007358857999861357,0.012514140000348561,27.42287373599902,190.0,150.0
100.0,10.0,2.0,2.0,3.0,0.0,352.0,0.017780284000764368,0.04032060899953649,0.007693928000662709,0.01292809199912881,27.501604368999324,270.0,160.0
100.0,10.0,2.0,2.0,3.0,0.0,353.0,0.01618147099907219,0.039282468998862896,0.007814705000782851,0.014757482000277378,27.57964846699906,270.0,170.0
100.0,10.0,2.0,2.0,3.0,0.0,354.0,0.016244378000919824,0.04084566299934522,0.00709507400097209,0.01693020200036699,27.660772023999016,270.0,180.0
100.0,10.0,2.0,2.0,3.0,0.0,355.0,0.016946488998655695,0.041639344999566674,0.007158710999647155,0.014656015000582556,27.741181632000007,270.0,180.0
100.0,10.0,2.0,2.0,3.0,0.0,356.0,0.017252550000193878,0.04071676400053548,0.007927381999252248,0.0146792909999931,27.821765365999454,270.0,180.0
100.0,10.0,2.0,2.0,3.0,0.0,357.0,0.016693966999810073,0.042334456000389764,0.00735185999837995,0.02279440100028296,27.910947956999735,270.0,180.0
100.0,10.0,2.0,2.0,3.0,0.0,358.0,0.019467296999209793,0.04177968200019677,0.007597450001412653,0.01809011299883423,27.99789058799979,270.0,180.0
100.0,10.0,2.0,2.0,3.0,0.0,359.0,0.01651759999913338,0.04255704999923182,0.007665122000616975,0.013503064999895287,28.07814098199924,270.0,200.0
100.0,10.0,2.0,2.0,3.0,0.0,360.0,0.018311441999685485,0.0414756270001817,0.007236047000333201,0.014628451999669778,28.15980062899871,270.0,210.0
100.0,10.0,2.0,2.0,3.0,0.0,361.0,0.017845814998509013,0.04451177200098755,0.007146304000343662,0.024842453000019304,28.25415545999931,270.0,220.0
100.0,10.0,2.0,2.0,3.0,0.0,362.0,0.018136439999580034,0.04234281699973508,0.007298313001228962,0.021013223000409198,28.342953822999334,270.0,220.0
100.0,10.0,2.0,2.0,3.0,0.0,363.0,0.017044829000951722,0.04213177899873699,0.006904032999955234,0.02158758699988539,28.430629718999626,270.0,220.0
100.0,10.0,2.0,2.0,3.0,0.0,364.0,0.017891524999868125,0.04008576199885283,0.007024309001280926,0.008269218998975703,28.503907884998625,270.0,220.0
100.0,10.0,2.0,2.0,3.0,0.0,365.0,0.017173030999401817,0.03812416899927484,0.007645136000064667,0.01214707899998757,28.579005019999386,270.0,220.0
100.0,10.0,2.0,2.0,3.0,0.0,366.0,0.015294016000552801,0.037234317998809274,0.007452066000041668,0.013210328999775811,28.652203333000216,270.0,220.0
100.0,10.0,2.0,2.0,3.0,0.0,367.0,0.015928029000860988,0.040125061001162976,0.007209397001133766,0.01480419899962726,28.73027781499877,270.0,220.0
100.0,10.0,2.0,2.0,3.0,0.0,368.0,0.015885057999184937,0.03746767600023304,0.006668825999440742,0.013676100999873597,28.8039828259989,270.0,220.0
100.0,10.0,2.0,2.0,3.0,0.0,369.0,0.01656821900178329,0.037606165000397596,0.00752742500117165,0.013410245001068688,28.87910298099996,320.0,230.0
100.0,10.0,2.0,2.0,3.0,0.0,370.0,0.016075659999842173,0.04113042700009828,0.007192388000476058,0.013043902999925194,28.95655345399973,320.0,230.0
100.0,10.0,2.0,2.0,3.0,0.0,371.0,0.0167763190002006,0.041376986000614124,0.007054525000057765,0.011645701000816189,29.03341453699977,320.0,230.0
100.0,10.0,2.0,2.0,3.0,0.0,372.0,0.01604914400013513,0.03843473099914263,0.006280034000155865,0.015066798001498682,29.10925290799969,320.0,240.0
100.0,10.0,2.0,2.0,3.0,0.0,373.0,0.017257772999073495,0.03830616699997336,0.007265672998983064,0.01013968500046758,29.182230405000155,320.0,240.0
100.0,10.0,2.0,2.0,3.0,0.0,374.0,0.01603313600026013,0.038181224999789265,0.007067939000990009,0.013090148000628687,29.25661071600007,320.0,240.0
100.0,10.0,2.0,2.0,3.0,0.0,375.0,0.01688456400006544,0.04039941299924976,0.006921107999005471,0.013529464000384905,29.33435269399888,320.0,240.0
100.0,10.0,2.0,2.0,3.0,0.0,376.0,0.017798340999434004,0.04071366900097928,0.00726786599989282,0.008442721999017522,29.408582479998586,320.0,270.0
100.0,10.0,2.0,2.0,3.0,0.0,377.0,0.015353176999269635,0.040386202999798115,0.00650420599959034,0.010207492001427454,29.481041237999307,320.0,270.0
100.0,10.0,2.0,2.0,3.0,0.0,378.0,0.017409706000762526,0.0389833359986369,0.006668379000984714,0.010312782000255538,29.55442294199929,320.0,270.0
100.0,10.0,2.0,2.0,3.0,0.0,379.0,0.016218136001043604,0.03889628100114351,0.007096912000633893,0.018172520000007353,29.634813786999075,320.0,270.0
100.0,10.0,2.0,2.0,3.0,0.0,380.0,0.01638582600025984,0.040779509999993024,0.007058966000840883,0.009933892999470118,29.708979652999915,320.0,270.0
100.0,10.0,2.0,2.0,3.0,0.0,381.0,0.015500580999287195,0.03889202699974703,0.007607810000990867,0.008254390999354655,29.779242402999444,320.0,270.0
100.0,10.0,2.0,2.0,3.0,0.0,382.0,0.018618021998918266,0.037704719999965164,0.006755210999472183,0.020496937999268994,29.862824863999776,320.0,270.0
100.0,10.0,2.0,2.0,3.0,0.0,383.0,0.015344718998676399,0.039421060000677244,0.00675968500036106,0.01041613400047936,29.934773756998766,320.0,270.0
100.0,10.0,2.0,2.0,3.0,0.0,384.0,0.016701144000762724,0.03910227500091423,0.006544357000166201,0.009713581001051352,30.006842249998954,320.0,270.0
100.0,10.0,2.0,2.0,3.0,0.0,385.0,0.01748208399840223,0.03903539800012368,0.007499986000766512,0.010009114999775193,30.08087671099929,320.0,270.0
100.0,10.0,2.0,2.0,3.0,0.0,386.0,0.016518075000931276,0.0386174849991221,0.006582849000551505,0.009767472000021371,30.152369973999157,320.0,270.0
100.0,10.0,2.0,2.0,3.0,0.0,387.0,0.018523302000176045,0.0378677480002807,0.006935991999853286,0.00836479200006579,30.224101291998522,320.0,270.0
100.0,10.0,2.0,2.0,3.0,0.0,388.0,0.015809493001142982,0.03908862900061649,0.007123175999367959,0.011632436000581947,30.297764109998752,320.0,270.0
100.0,10.0,2.0,2.0,3.0,0.0,389.0,0.01575778500045999,0.038204050999411265,0.0066430599999875994,0.016171003999261302,30.374547423998592,320.0,270.0
100.0,10.0,2.0,2.0,3.0,0.0,390.0,0.01659468400066544,0.03805122300036601,0.007311669000046095,0.010023478998846258,30.446536195999215,320.0,270.0
100.0,10.0,2.0,2.0,3.0,0.0,391.0,0.017645937999986927,0.04014506499879644,0.007021888000963372,0.010088483000799897,30.521445325999593,320.0,270.0
100.0,10.0,2.0,2.0,3.0,0.0,392.0,0.01642363900100463,0.03671412000039709,0.008356139000170515,0.010525364999921294,30.593471934000263,320.0,270.0
100.0,10.0,2.0,2.0,3.0,0.0,393.0,0.01467285500075377,0.03817523500038078,0.007075245999658364,0.008057400000325288,30.661460330999034,320.0,270.0
100.0,10.0,2.0,2.0,3.0,0.0,394.0,0.017360990999804926,0.04053406700040796,0.006508325999675435,0.010406638000858948,30.73627750199921,320.0,270.0
100.0,10.0,2.0,2.0,3.0,0.0,395.0,0.015324124000471784,0.03935636500136752,0.006719519000398577,0.008517585998561117,30.80620239699965,320.0,270.0
100.0,10.0,2.0,2.0,3.0,0.0,396.0,0.01590091900106927,0.03869844100154296,0.006171196999275708,0.014181897000526078,30.881162226000015,320.0,270.0
100.0,10.0,2.0,2.0,3.0,0.0,397.0,0.016797100999610848,0.03666494000026432,0.007353564998993534,0.011974418999670888,30.95396002599955,520.0,280.0
100.0,10.0,2.0,2.0,3.0,0.0,398.0,0.014480906000244431,0.04104744400137861,0.006365920999087393,0.010466108999025892,31.02632827599882,520.0,280.0
100.0,10.0,2.0,2.0,3.0,0.0,399.0,0.014613011000619736,0.03767686200080789,0.006644704999416717,0.0132079570012138,31.098478141999294,520.0,320.0
100.0,10.0,2.0,2.0,3.0,0.0,400.0,0.017175602999486728,0.03853383600107918,0.006209753000803175,0.013355727000089246,31.173760350999146,520.0,320.0
100.0,10.0,2.0,2.0,3.0,0.0,401.0,0.016522291000001132,0.03554868399987754,0.007944012000734801,0.006951476998438011,31.240734465998685,520.0,320.0
100.0,10.0,2.0,2.0,3.0,0.0,402.0,0.01655128499987768,0.03804710199983674,0.007006234998698346,0.006659788001343259,31.30900644599933,520.0,320.0
100.0,10.0,2.0,2.0,3.0,0.0,403.0,0.015635554998880252,0.03616899699954956,0.007268006000231253,0.008688149000590784,31.37677570499909,520.0,320.0
100.0,10.0,2.0,2.0,3.0,0.0,404.0,0.0162345569988247,0.03485391699905449,0.006484356999862939,0.008262256000307389,31.44261961600023,520.0,340.0
100.0,10.0,2.0,2.0,3.0,0.0,405.0,0.01721885100050713,0.03417340099986177,0.006399501999112545,0.009863691999271396,31.510282455999914,520.0,410.0
100.0,10.0,2.0,2.0,3.0,0.0,406.0,0.01603350400000636,0.03678410700013046,0.006415428999389405,0.0036469129991019145,31.573178413998903,520.0,410.0
100.0,10.0,2.0,2.0,3.0,0.0,407.0,0.016337553000994376,0.03717042800053605,0.006176802000481985,0.003172151000399026,31.63604238699918,520.0,440.0
100.0,10.0,2.0,2.0,3.0,0.0,408.0,0.014425429000766599,0.03962419500021497,0.007438767001076485,0.003387823000593926,31.70092640599978,520.0,440.0
100.0,10.0,2.0,2.0,3.0,0.0,409.0,0.016985971000394784,0.037331356999857235,0.0065230269992753165,0.0029304580002644798,31.764704761999383,520.0,460.0
100.0,10.0,2.0,2.0,3.0,0.0,410.0,0.016357844999220106,0.037330179000491626,0.007535834000009345,0.008239230999606661,31.834175262998542,520.0,470.0
100.0,10.0,2.0,2.0,3.0,0.0,411.0,0.015675691998694674,0.039157981000244035,0.006854421999378246,0.011481436999019934,31.907351940999433,520.0,470.0
100.0,10.0,2.0,2.0,3.0,0.0,412.0,0.01566443999945477,0.03796632400008093,0.0078153199992812,0.013493116999597987,31.98229893200005,520.0,490.0
100.0,10.0,2.0,2.0,3.0,0.0,413.0,0.01587023100000806,0.035329889000422554,0.008556978000342497,0.010094553999806521,32.05215757699989,520.0,490.0
100.0,10.0,2.0,2.0,3.0,0.0,414.0,0.018460359999153297,0.0369780159999209,0.006660851000560797,0.006869166001706617,32.12113402099931,520.0,490.0
100.0,10.0,2.0,2.0,3.0,0.0,415.0,0.01581258799888019,0.036711532999106566,0.006563693999851239,0.010252193000269472,32.19048168399968,520.0,490.0
100.0,10.0,2.0,2.0,3.0,0.0,416.0,0.01645997099876695,0.03990293600145378,0.00640717199894425,0.010249995999402017,32.263509192998754,520.0,490.0
100.0,10.0,2.0,2.0,3.0,0.0,417.0,0.018468474998371676,0.035096005000013974,0.0074510119993647095,0.012384937001115759,32.33691747899866,520.0,490.0
100.0,10.0,2.0,2.0,3.0,0.0,418.0,0.0156449390015041,0.041117632999885245,0.0061468330004572636,0.012672225000642356,32.412506552000195,520.0,500.0
100.0,10.0,2.0,2.0,3.0,0.0,419.0,0.015403403000163962,0.040267045000291546,0.00674958399940806,0.016198676001295098,32.49113287199907,520.0,500.0
100.0,10.0,2.0,2.0,3.0,0.0,420.0,0.016257852999842726,0.03966214599859086,0.0068561820007744245,0.013437342999168322,32.56735477099937,570.0,510.0
100.0,10.0,2.0,2.0,3.0,0.0,421.0,0.016307460000462015,0.04322960699937539,0.00660956100000476,0.013581028000771767,32.64708986400001,570.0,520.0
100.0,10.0,2.0,2.0,3.0,0.0,422.0,0.01694144900102401,0.03909258299972862,0.006599914000616991,0.011692795998897054,32.721423981000044,580.0,520.0
100.0,10.0,2.0,2.0,3.0,0.0,423.0,0.017481824999777018,0.039884682000774774,0.007585998999275034,0.011398386999644572,32.79778292299852,580.0,520.0
100.0,10.0,2.0,2.0,3.0,0.0,424.0,0.017163163000077475,0.044791164000344,0.007986986998730572,0.010699341999497847,32.87843133499882,580.0,520.0
100.0,10.0,2.0,2.0,3.0,0.0,425.0,0.020993005000491394,0.0403576630014868,0.007225761999507085,0.011108054999567685,32.95812409300015,580.0,530.0
100.0,10.0,2.0,2.0,3.0,0.0,426.0,0.015171473000009428,0.04130092800005514,0.007514144001106615,0.009434699999474105,33.031553969000015,580.0,540.0
100.0,10.0,2.0,2.0,3.0,0.0,427.0,0.017307768001046497,0.03952214699893375,0.010206504999587196,0.011175342000569799,33.10977394099973,590.0,560.0
100.0,10.0,2.0,2.0,3.0,0.0,428.0,0.016875228999197134,0.04413107000073069,0.007652538000911591,0.009635267000703607,33.18807672599905,590.0,560.0
100.0,10.0,2.0,2.0,3.0,0.0,429.0,0.019003102001079242,0.04142811199926655,0.006628380000620382,0.007450185999914538,33.26259443199888,590.0,560.0
100.0,10.0,2.0,2.0,3.0,0.0,430.0,0.01996446399971319,0.04371451699989848,0.006919471999935922,0.007959786000355962,33.34116054699916,590.0,560.0
100.0,10.0,2.0,2.0,3.0,0.0,431.0,0.017477905001214822,0.04434772899912787,0.00781710900082544,0.01095525700111466,33.42176634599855,610.0,570.0
100.0,10.0,2.0,2.0,3.0,0.0,432.0,0.01830762700046762,0.04354310300004727,0.007621188000484835,0.007600499000545824,33.49884686799851,610.0,570.0
100.0,10.0,2.0,2.0,3.0,0.0,433.0,0.01817014699918218,0.04384313599985035,0.0077338009996310575,0.007227330001114751,33.57582921499852,610.0,570.0
100.0,10.0,2.0,2.0,3.0,0.0,434.0,0.019768778000070597,0.04200363299969467,0.006725313998686033,0.005142341999089695,33.64947752399894,610.0,570.0
100.0,10.0,2.0,2.0,3.0,0.0,435.0,0.019718526000360725,0.04203163300007873,0.007462699000825523,0.007429649000187055,33.72612795599889,610.0,570.0
100.0,10.0,2.0,2.0,3.0,0.0,436.0,0.01800782799909939,0.04301929599932919,0.007974238000315381,0.007415097999910358,33.80255214999852,610.0,570.0
100.0,10.0,2.0,2.0,3.0,0.0,437.0,0.01649583300059021,0.04167019799933769,0.007396643999527441,0.007437266998749692,33.8755601619996,610.0,570.0
100.0,10.0,2.0,2.0,3.0,0.0,438.0,0.020459506999031873,0.04268939900066471,0.007099434998963261,0.008996088999992935,33.95481311799995,610.0,580.0
100.0,10.0,2.0,2.0,3.0,0.0,439.0,0.01823372399849177,0.039625573001103476,0.007687690000238945,0.01117132999934256,34.031539468998744,610.0,580.0
100.0,10.0,2.0,2.0,3.0,0.0,440.0,0.017003601999022067,0.042090343000381836,0.008764944999711588,0.00864261899914709,34.10804860099961,610.0,580.0
100.0,10.0,2.0,2.0,3.0,0.0,441.0,0.01800902099967061,0.043270251000649296,0.008017325999389868,0.010901857998760534,34.18825508199916,660.0,590.0
100.0,10.0,2.0,2.0,3.0,0.0,442.0,0.01788114100054372,0.042292584001188516,0.007869650999055011,0.01114850400153955,34.26745486099935,670.0,590.0
100.0,10.0,2.0,2.0,3.0,0.0,443.0,0.018445620000420604,0.042545878000964876,0.00733754599968961,0.0032697019996703602,34.339061892000245,670.0,590.0
100.0,10.0,2.0,2.0,3.0,0.0,444.0,0.016388880998420063,0.04183659000045736,0.008544001999325701,0.003494107000733493,34.40933396800028,670.0,590.0
100.0,10.0,2.0,2.0,3.0,0.0,445.0,0.017052835000868072,0.040926394000052824,0.0076227460012887605,0.00554408800053352,34.48048860699964,670.0,590.0
100.0,10.0,2.0,2.0,3.0,0.0,446.0,0.0169760069984477,0.0429662679998728,0.007498379000026034,0.009223151000696816,34.557160876000125,770.0,600.0
100.0,10.0,2.0,2.0,3.0,0.0,447.0,0.018769652999253594,0.03972978999991028,0.0067135959998267936,0.008928811001169379,34.63131125899963,770.0,600.0
100.0,10.0,2.0,2.0,3.0,0.0,448.0,0.018316414998480468,0.0442879450001783,0.007762014000036288,0.011402301999623887,34.71308787799899,770.0,610.0
100.0,10.0,2.0,2.0,3.0,0.0,449.0,0.01822914900003525,0.04072855900085415,0.0068857530004606815,0.01679501699982211,34.7957343629987,770.0,670.0
100.0,10.0,2.0,2.0,3.0,0.0,450.0,0.017782676999559044,0.04088211099951877,0.007419389999995474,0.009253106001779088,34.871079507000104,770.0,690.0
100.0,10.0,2.0,2.0,3.0,0.0,451.0,0.020053112999448786,0.0419717259992467,0.007117651999578811,0.0073207000004913425,34.9475508659998,770.0,700.0
100.0,10.0,2.0,2.0,3.0,0.0,452.0,0.017395672000930062,0.04248931000074663,0.007025585999144823,0.008776211998338113,35.02324578200023,770.0,700.0
100.0,10.0,2.0,2.0,3.0,0.0,453.0,0.018221643000288168,0.03928170399922237,0.007972762001372757,0.00846157699925243,35.0971913279991,770.0,700.0
100.0,10.0,2.0,2.0,3.0,0.0,454.0,0.018494640999051626,0.04109510500165925,0.008069599000009475,0.010854006999579724,35.175712442000076,770.0,700.0
100.0,10.0,2.0,2.0,3.0,0.0,455.0,0.017181609000544995,0.04197551499964902,0.007315701001061825,0.009324616999947466,35.25151819100029,770.0,700.0
100.0,10.0,2.0,2.0,3.0,0.0,456.0,0.016969632999462192,0.04253948499899707,0.006799183000111952,0.007207849001133582,35.32504296799925,770.0,700.0
100.0,10.0,2.0,2.0,3.0,0.0,457.0,0.01696931799961021,0.04139894000036293,0.007402817000183859,0.005223668998951325,35.396045743000286,770.0,700.0
100.0,10.0,2.0,2.0,3.0,0.0,458.0,0.018563957000878872,0.0421234759996878,0.008290679999845452,0.007430003999616019,35.47246233199985,770.0,700.0
100.0,10.0,2.0,2.0,3.0,0.0,459.0,0.01794283799972618,0.04337312799907522,0.007630918998984271,0.009573579000061727,35.55099060499924,770.0,700.0
100.0,10.0,2.0,2.0,3.0,0.0,460.0,0.018171118001191644,0.0386175160001585,0.007012183999904664,0.007126628999685636,35.62192610799866,770.0,700.0
100.0,10.0,2.0,2.0,3.0,0.0,461.0,0.01750801100024546,0.04187586199986981,0.0068817129995295545,0.007875641998907668,35.69607548800013,770.0,700.0
100.0,10.0,2.0,2.0,3.0,0.0,462.0,0.01783059300032619,0.04248442199968849,0.00773968999965291,0.007063256000037654,35.77120158300022,770.0,700.0
100.0,10.0,2.0,2.0,3.0,0.0,463.0,0.015960143999109278,0.0421190340002795,0.007607470000948524,0.007042412000373588,35.843939016998775,770.0,700.0
100.0,10.0,2.0,2.0,3.0,0.0,464.0,0.017859456000223872,0.04273621200081834,0.0075904900004388765,0.007429793000483187,35.919563526000275,770.0,700.0
100.0,10.0,2.0,2.0,3.0,0.0,465.0,0.01628314700064948,0.04175581900017278,0.0069380870008899365,0.006889509999382426,35.991438553999615,770.0,700.0
100.0,10.0,2.0,2.0,3.0,0.0,466.0,0.015987611999662477,0.04041924600096536,0.00816791400029615,0.00873512100042717,36.064756199999465,770.0,700.0
100.0,10.0,2.0,2.0,3.0,0.0,467.0,0.01704773300116358,0.04144531800011464,0.008266263999757939,0.007352022001214209,36.138875984999686,770.0,700.0
100.0,10.0,2.0,2.0,3.0,0.0,468.0,0.027894644999832963,0.04155811999953585,0.008198337000067113,0.007815521999873454,36.224350515998594,770.0,700.0
100.0,10.0,2.0,2.0,3.0,0.0,469.0,0.017720873998769093,0.04046344800008228,0.007147076999899582,0.007505769999625045,36.29719634399953,770.0,700.0
100.0,10.0,2.0,2.0,3.0,0.0,470.0,0.018958976999783772,0.039850567000030424,0.007324068999878364,0.011072838999098167,36.37441116700029,780.0,710.0
100.0,10.0,2.0,2.0,3.0,0.0,471.0,0.018720346999543835,0.03871687299943005,0.006976972999837017,0.021233555999060627,36.460067611998966,830.0,760.0
100.0,10.0,2.0,2.0,3.0,0.0,472.0,0.01836136699967028,0.0405816379989119,0.007827264000297873,0.013143307000063942,36.539990088000195,860.0,780.0
100.0,10.0,2.0,2.0,3.0,0.0,473.0,0.016724352999517578,0.04148364199863863,0.007288342998435837,0.007057095001073321,36.612551293999786,860.0,780.0
100.0,10.0,2.0,2.0,3.0,0.0,474.0,0.01788254299935943,0.0371926040006656,0.007622334000188857,0.012463562999982969,36.6877206070003,860.0,790.0
100.0,10.0,2.0,2.0,3.0,0.0,475.0,0.017494099000032293,0.04127372200127866,0.006704800000079558,0.011222937000638922,36.764424522998524,860.0,810.0
100.0,10.0,2.0,2.0,3.0,0.0,476.0,0.016880936998859397,0.03648849599994719,0.007446476000041002,0.013004463999095606,36.83825319799871,860.0,810.0
100.0,10.0,2.0,2.0,3.0,0.0,477.0,0.017178111998873646,0.03952052500062564,0.006897115999890957,0.01109470699884696,36.912952106999,860.0,810.0
100.0,10.0,2.0,2.0,3.0,0.0,478.0,0.016425761001300998,0.0421594230010669,0.007570600999315502,0.022125401999801397,37.00124173199947,860.0,830.0
100.0,10.0,2.0,2.0,3.0,0.0,479.0,0.017618930000026012,0.03994421500101453,0.00767299200015259,0.006334215000606491,37.07282071099871,870.0,830.0
100.0,10.0,2.0,2.0,3.0,0.0,480.0,0.01748712700100441,0.03663873000004969,0.006938481999895885,0.004973778999556089,37.13886594699943,870.0,830.0
100.0,10.0,2.0,2.0,3.0,0.0,481.0,0.016854105999300373,0.036525236999295885,0.006842038999820943,0.008456859999569133,37.207551599,870.0,830.0
100.0,10.0,2.0,2.0,3.0,0.0,482.0,0.016814219001389574,0.03882065299876558,0.007427941998685128,0.010923612000624416,37.28154529099993,870.0,830.0
100.0,10.0,2.0,2.0,3.0,0.0,483.0,0.015840373000173713,0.03626829899985751,0.006461531000240939,0.0066582709987415,37.34678153399909,870.0,830.0
100.0,10.0,2.0,2.0,3.0,0.0,484.0,0.01558879999902274,0.03664357799971185,0.006787966998672346,0.0030624420014646603,37.40887184900021,870.0,830.0
100.0,10.0,2.0,2.0,3.0,0.0,485.0,0.017605600998649606,0.03686217100039357,0.006286716001341119,0.0046987910009193,37.47433291000016,870.0,830.0
100.0,10.0,2.0,2.0,3.0,0.0,486.0,0.015768039998874883,0.04152045599948906,0.006540308000694495,0.005044299001383479,37.543212749000304,870.0,830.0
100.0,10.0,2.0,2.0,3.0,0.0,487.0,0.018068572999254684,0.034404142999846954,0.006513731001177803,0.006422330001441878,37.60862888699921,870.0,830.0
100.0,10.0,2.0,2.0,3.0,0.0,488.0,0.015785307999976794,0.040448339999784366,0.006127357999503147,0.006485230000180309,37.67748283999936,870.0,830.0
100.0,10.0,2.0,2.0,3.0,0.0,489.0,0.01768015400011791,0.040508443000362604,0.00684962900049868,0.00627063700085273,37.74879966299886,870.0,830.0
100.0,10.0,2.0,2.0,3.0,0.0,490.0,0.017162780000944622,0.037977433999913046,0.006459070000346401,0.00817245100006403,37.81857884599958,890.0,840.0
100.0,10.0,2.0,2.0,3.0,0.0,491.0,0.016181128999960492,0.03876384399882227,0.006911386000865605,0.016278574999887496,37.89672186399912,890.0,850.0
100.0,10.0,2.0,2.0,3.0,0.0,492.0,0.01600675100053195,0.03776348099927418,0.006897305000165943,0.006552094000653597,37.96394923200023,900.0,860.0
100.0,10.0,2.0,2.0,3.0,0.0,493.0,0.016258067000308074,0.04088080199835531,0.006572966998646734,0.006801004999942961,38.034469715999876,900.0,860.0
100.0,10.0,2.0,2.0,3.0,0.0,494.0,0.0166086789995461,0.0413952769995376,0.006047524000678095,0.00610978700024134,38.10463955399973,900.0,860.0
100.0,10.0,2.0,2.0,3.0,0.0,495.0,0.01619682499949704,0.03814294600124413,0.006724837998262956,0.009765767001226777,38.17547774999912,990.0,870.0
100.0,10.0,2.0,2.0,3.0,0.0,496.0,0.01565318900065904,0.040384220001215,0.006398953000825713,0.011256841999056633,38.24917916399863,1010.0,900.0
100.0,10.0,2.0,2.0,3.0,0.0,497.0,0.016288681001242367,0.03624005299934652,0.00680547999945702,0.008569945999624906,38.31709111300006,1010.0,930.0
100.0,10.0,2.0,2.0,3.0,0.0,498.0,0.017278736999287503,0.034895544000391965,0.006368475998897338,0.012422935000358848,38.38806450499942,1010.0,950.0
100.0,10.0,2.0,2.0,3.0,0.0,499.0,0.014421699001104571,0.036356161999719916,0.006956876000913326,0.010425942000438226,38.45623325999986,1010.0,950.0
100.0,10.0,2.0,2.0,3.0,0.0,500.0,0.01855362499918556,0.03523751099965011,0.007284608000190929,0.008605359000284807,38.52592311199987,1010.0,960.0
100.0,10.0,2.0,2.0,3.0,0.0,501.0,0.017449091999878874,0.03856351899958099,0.008066372998655424,0.007733772001301986,38.59774499999912,1010.0,960.0
100.0,10.0,2.0,2.0,3.0,0.0,502.0,0.01827191399934236,0.03643906000070274,0.00701708700034942,0.007388676000118721,38.66686990499875,1020.0,970.0
100.0,10.0,2.0,2.0,3.0,0.0,503.0,0.017108960000769002,0.04233724999903643,0.006964101999983541,0.009229559000232257,38.742518503999236,1020.0,970.0
100.0,10.0,2.0,2.0,3.0,0.0,504.0,0.021346720001020003,0.03744069499953184,0.007364184999460122,0.009613814001568244,38.81829216499864,1040.0,980.0
100.0,10.0,2.0,2.0,3.0,0.0,505.0,0.016942775999268633,0.04184983000050124,0.0072196740002254955,0.009743212000103085,38.89405588899899,1040.0,1000.0
100.0,10.0,2.0,2.0,3.0,0.0,506.0,0.020593559000189998,0.042041570999572286,0.006875863999084686,0.010734288000094239,38.9743093879988,1040.0,1000.0
100.0,10.0,2.0,2.0,3.0,0.0,507.0,0.019508631999997306,0.04207455300092988,0.0076671080005326075,0.005437695999717107,39.049005502998625,1040.0,1000.0
100.0,10.0,2.0,2.0,3.0,0.0,508.0,0.018160785000873148,0.03754417299933266,0.0078724319992034,0.00740061800024705,39.11999151099917,1040.0,1000.0
100.0,10.0,2.0,2.0,3.0,0.0,509.0,0.01909593999880599,0.042326159000367625,0.0072564140009490075,0.0014629899997089524,39.190141050999955,1040.0,1000.0
100.0,10.0,2.0,2.0,3.0,0.0,510.0,0.01622391199998674,0.03977721099909104,0.00789892700049677,0.00743768599932082,39.26148662099877,1040.0,1000.0
100.0,10.0,2.0,2.0,3.0,0.0,511.0,0.020539698998618405,0.04094407900083752,0.0076442709996626945,0.005779869999969378,39.33640170599938,1040.0,1000.0
100.0,10.0,2.0,2.0,3.0,0.0,512.0,0.017631089000133215,0.03879097499884665,0.007744808001007186,0.007491508000384783,39.40806797000005,1040.0,1010.0
100.0,10.0,2.0,2.0,3.0,0.0,513.0,0.01739170100154297,0.04154933300014818,0.006729414000801626,0.011073955998654128,39.484820890000265,1090.0,1020.0
100.0,10.0,2.0,2.0,3.0,0.0,514.0,0.016916221000428777,0.039832755999668734,0.007312400000955677,0.013680627000212553,39.562571066999226,1090.0,1020.0
100.0,10.0,2.0,2.0,3.0,0.0,515.0,0.014602966999518685,0.03690487200037751,0.006849351000710158,0.011250099998505902,39.632185663998825,1090.0,1030.0
100.0,10.0,2.0,2.0,3.0,0.0,516.0,0.014398108000023058,0.037453811999512254,0.007437671998559381,0.012314997999055777,39.70379758299896,1090.0,1030.0
100.0,10.0,2.0,2.0,3.0,0.0,517.0,0.015149451999604935,0.03904016199885518,0.00660761899962381,0.01100093199966068,39.77560294799878,1090.0,1030.0
100.0,10.0,2.0,2.0,3.0,0.0,518.0,0.016396454999267007,0.036394574999576434,0.009152427001026808,0.01311923000139359,39.850672612999915,1090.0,1030.0
100.0,10.0,2.0,2.0,3.0,0.0,519.0,0.020730643000206328,0.03895723000096041,0.0069848749990342185,0.014555677000316791,39.93190890199912,1130.0,1030.0
100.0,10.0,2.0,2.0,3.0,0.0,520.0,0.019135143998937565,0.03733604099943477,0.008289000999866403,0.014844636998532224,40.01152093999917,1130.0,1030.0
100.0,10.0,2.0,2.0,3.0,0.0,521.0,0.01650318599968159,0.033714519999193726,0.0071615489996474935,0.02839198000037868,40.09729960999903,1130.0,1030.0
100.0,10.0,2.0,2.0,3.0,0.0,522.0,0.017646518001129152,0.036968385000363924,0.008008455999515718,0.012912764999782667,40.17284296700018,1130.0,1050.0
100.0,10.0,2.0,2.0,3.0,0.0,523.0,0.018623212999955285,0.03683511500094028,0.007456606999767246,0.020832961999985855,40.2566581939991,1130.0,1050.0
100.0,10.0,2.0,2.0,3.0,0.0,524.0,0.01587266900060058,0.035384238999540685,0.008445419000054244,0.011473942000520765,40.32784164899931,1130.0,1050.0
100.0,10.0,2.0,2.0,3.0,0.0,525.0,0.016263813000477967,0.036605929000870674,0.007589639000798343,0.011893074999534292,40.400201840999216,1130.0,1050.0
100.0,10.0,2.0,2.0,3.0,0.0,526.0,0.020691722000265145,0.03627632999996422,0.007041081998977461,0.011565655999220326,40.47578389499904,1130.0,1050.0
100.0,10.0,2.0,2.0,3.0,0.0,527.0,0.017451010000513634,0.03674363600111974,0.007635154999661609,0.013496904999556136,40.551118768999004,1130.0,1050.0
100.0,10.0,2.0,2.0,3.0,0.0,528.0,0.019194074999177246,0.03530959499948949,0.006628970000747358,0.013451333999910275,40.62571017699884,1130.0,1060.0
100.0,10.0,2.0,2.0,3.0,0.0,529.0,0.016162951998921926,0.03539302500030317,0.008129812998959096,0.022963288998653297,40.70836656099891,1130.0,1060.0
100.0,10.0,2.0,2.0,3.0,0.0,530.0,0.019942217999414424,0.033705841000482906,0.007990052001332515,0.02130217299963988,40.79131402999883,1130.0,1070.0
100.0,10.0,2.0,2.0,3.0,0.0,531.0,0.020579932001055568,0.03962496100029966,0.007615117001478211,0.010809944998982246,40.86995097199906,1140.0,1070.0
100.0,10.0,2.0,2.0,3.0,0.0,532.0,0.017215937999935704,0.03755945100056124,0.008100600998659502,0.022405697000067448,40.95523984399915,1140.0,1070.0
100.0,10.0,2.0,2.0,3.0,0.0,533.0,0.017609593000088353,0.038219283998842,0.008950404999268358,0.013031264999881387,41.03305693099901,1140.0,1070.0
100.0,10.0,2.0,2.0,3.0,0.0,534.0,0.019250851999458973,0.04277027699936298,0.008595818999310723,0.014502096000796882,41.1181828459994,1140.0,1070.0
100.0,10.0,2.0,2.0,3.0,0.0,535.0,0.018205194999609375,0.04058518099918729,0.0073199779999413295,0.01160263600104372,41.1959035079999,1140.0,1070.0
100.0,10.0,2.0,2.0,3.0,0.0,536.0,0.01660511000045517,0.03582944699883228,0.006468641999163083,0.011923202999241767,41.2667379049999,1140.0,1070.0
100.0,10.0,2.0,2.0,3.0,0.0,537.0,0.019658024999444024,0.03724648400020669,0.006470455999078695,0.011651587001324515,41.341772400999616,1140.0,1070.0
100.0,10.0,2.0,2.0,3.0,0.0,538.0,0.014066853998883744,0.039835243000197806,0.007293160000699572,0.019529147999492125,41.422504141999525,1140.0,1070.0
100.0,10.0,2.0,2.0,3.0,0.0,539.0,0.015138281998588354,0.03980587700061733,0.006469534000643762,0.013497685999027453,41.49742431999948,1140.0,1070.0
100.0,10.0,2.0,2.0,3.0,0.0,540.0,0.015544283000053838,0.03973090100043919,0.006976480000957963,0.011806470998635632,41.57149200799904,1140.0,1070.0
100.0,10.0,2.0,2.0,3.0,0.0,541.0,0.016709493998860125,0.03619175299900235,0.006620524000027217,0.011789276000854443,41.6428103549988,1140.0,1070.0
100.0,10.0,2.0,2.0,3.0,0.0,542.0,0.0145943379993696,0.036451338999540894,0.007234142000015709,0.012062319001415744,41.71315967699957,1140.0,1070.0
100.0,10.0,2.0,2.0,3.0,0.0,543.0,0.016315471000780235,0.036177138001221465,0.007452540001395391,0.011749412000426673,41.78486212499956,1140.0,1070.0
100.0,10.0,2.0,2.0,3.0,0.0,544.0,0.016752388000895735,0.03781129399976635,0.006796536999900127,0.011601651000091806,41.85783139799969,1140.0,1070.0
100.0,10.0,2.0,2.0,3.0,0.0,545.0,0.015598990999933449,0.03587354299997969,0.0066256709997105645,0.015369700000519515,41.93130647099861,1140.0,1070.0
100.0,10.0,2.0,2.0,3.0,0.0,546.0,0.015495244000703678,0.03531052399921464,0.007312507999813533,0.019662941000206047,42.009094834998905,1140.0,1070.0
100.0,10.0,2.0,2.0,3.0,0.0,547.0,0.019756632998905843,0.037882552000155556,0.006772878999981913,0.009912618001180817,42.083426619999955,1140.0,1070.0
100.0,10.0,2.0,2.0,3.0,0.0,548.0,0.018744729000900406,0.03707817400027125,0.00894922299994505,0.009783376000996213,42.1579898559994,1180.0,1080.0
100.0,10.0,2.0,2.0,3.0,0.0,549.0,0.015886051000052248,0.03863698699933593,0.007819059999746969,0.009809756000322523,42.23015115599992,1180.0,1080.0
100.0,10.0,2.0,2.0,3.0,0.0,550.0,0.019439621000856278,0.0392427629994927,0.007650245999684557,0.012038621000101557,42.30853508799919,1180.0,1080.0
100.0,10.0,2.0,2.0,3.0,0.0,551.0,0.017169246000776184,0.03785150699877704,0.007151296000301954,0.010080280999318347,42.38079681999989,1180.0,1080.0
100.0,10.0,2.0,2.0,3.0,0.0,552.0,0.015132542999708676,0.03848954199929722,0.006560544999956619,0.01205611400109774,42.45304342799864,1180.0,1090.0
100.0,10.0,2.0,2.0,3.0,0.0,553.0,0.016188972998861573,0.036890557001242996,0.006083896998461569,0.012078269999619806,42.52429309999934,1180.0,1090.0
100.0,10.0,2.0,2.0,3.0,0.0,554.0,0.01493581499926222,0.03486498700112861,0.006953980999242049,0.012283224999919184,42.59333892899849,1180.0,1090.0
100.0,10.0,2.0,2.0,3.0,0.0,555.0,0.01581750299919804,0.03876819200013415,0.00707113599855802,0.01088592499945662,42.6658895620003,1180.0,1090.0
100.0,10.0,2.0,2.0,3.0,0.0,556.0,0.017336508999505895,0.042869572000199696,0.00713545299913676,0.010794170000735903,42.7440327739987,1180.0,1100.0
100.0,10.0,2.0,2.0,3.0,0.0,557.0,0.016852927999934764,0.039380923999488004,0.006939200000488199,0.014469666000877623,42.82168286999877,1180.0,1110.0
100.0,10.0,2.0,2.0,3.0,0.0,558.0,0.015860135999901104,0.0371869329992478,0.006882233999931486,0.010986489000060828,42.89260628199918,1180.0,1120.0
100.0,10.0,2.0,2.0,3.0,0.0,559.0,0.017884692999359686,0.04052957400017476,0.006834054000137257,0.01189752100071928,42.969760275000226,1180.0,1120.0
100.0,10.0,2.0,2.0,3.0,0.0,560.0,0.017560553998919204,0.03897583799880522,0.006501294999907259,0.012232061999384314,43.045037766998576,1180.0,1120.0
100.0,10.0,2.0,2.0,3.0,0.0,561.0,0.01736075900043943,0.03746892900016974,0.007399337999231648,0.01422045000072103,43.12149498299914,1180.0,1130.0
100.0,10.0,2.0,2.0,3.0,0.0,562.0,0.01494253800046863,0.04081826500078023,0.007199783000032767,0.012578674000906176,43.19704199299849,1180.0,1130.0
100.0,10.0,2.0,2.0,3.0,0.0,563.0,0.015868342999965535,0.037056548999316874,0.007171750999987125,0.0123680950000562,43.269514538000294,1180.0,1130.0
100.0,10.0,2.0,2.0,3.0,0.0,564.0,0.018661857000552118,0.038488168000185397,0.00670472000092559,0.025828976999036968,43.3592059879993,1190.0,1140.0
100.0,10.0,2.0,2.0,3.0,0.0,565.0,0.016674797998348367,0.039055826999174315,0.006922086999111343,0.01183155800026725,43.43369771399921,1190.0,1140.0
100.0,10.0,2.0,2.0,3.0,0.0,566.0,0.015859245000683586,0.042058756000187714,0.006831365999460104,0.016575278001255356,43.51503023300029,1190.0,1140.0
100.0,10.0,2.0,2.0,3.0,0.0,567.0,0.016549932999623707,0.03989366099995095,0.006754635000106646,0.013790732000416028,43.59202689299855,1190.0,1140.0
100.0,10.0,2.0,2.0,3.0,0.0,568.0,0.016022091998820542,0.03768465100074536,0.007881620000262046,0.01215772799878323,43.665780847999486,1190.0,1140.0
100.0,10.0,2.0,2.0,3.0,0.0,569.0,0.017945833000339917,0.04040187999999034,0.007706658998358762,0.020921434999763733,43.75276456099891,1190.0,1140.0
100.0,10.0,2.0,2.0,3.0,0.0,570.0,0.017518296001071576,0.04010960800042085,0.006798844000513782,0.01385295500040229,43.83105207399967,1190.0,1140.0
100.0,10.0,2.0,2.0,3.0,0.0,571.0,0.01565106499947433,0.03931669699886697,0.007345403999352129,0.014228145000743098,43.907601619999696,1190.0,1140.0
100.0,10.0,2.0,2.0,3.0,0.0,572.0,0.01667452299989236,0.040642058998855646,0.006891007000376703,0.022164994001286686,43.99398298599954,1190.0,1140.0
100.0,10.0,2.0,2.0,3.0,0.0,573.0,0.016030204000344384,0.04097300399917003,0.00768499700097891,0.013441773000522517,44.07212297899969,1190.0,1140.0
100.0,10.0,2.0,2.0,3.0,0.0,574.0,0.016981672999463626,0.039938055000675377,0.007299554999917746,0.013760431000264362,44.1501102279999,1190.0,1140.0
100.0,10.0,2.0,2.0,3.0,0.0,575.0,0.022630084000411443,0.038995798999167164,0.00784224900053232,0.01260373899822298,44.232191012999465,1190.0,1140.0
100.0,10.0,2.0,2.0,3.0,0.0,576.0,0.017548497999086976,0.04293351799969969,0.006976812999710091,0.01378887700047926,44.3134468979988,1190.0,1150.0
100.0,10.0,2.0,2.0,3.0,0.0,577.0,0.016036498000175925,0.04435977499997534,0.008061297001404455,0.022989078001046437,44.40490126300028,1190.0,1150.0
100.0,10.0,2.0,2.0,3.0,0.0,578.0,0.015743062000183272,0.04017187899989949,0.007905775999461184,0.021200414999839268,44.489930595998885,1190.0,1150.0
100.0,10.0,2.0,2.0,3.0,0.0,579.0,0.017088555001464556,0.040190947000155575,0.007136962000004132,0.012706877998425625,44.56706157299959,1190.0,1150.0
100.0,10.0,2.0,2.0,3.0,0.0,580.0,0.017009978999340092,0.04064934300004097,0.007257986999320565,0.02109528099936142,44.65308305100007,1190.0,1150.0
100.0,10.0,2.0,2.0,3.0,0.0,581.0,0.016150302000824013,0.03909363700040558,0.006892482999319327,0.01410093400045298,44.72932804499942,1190.0,1150.0
100.0,10.0,2.0,2.0,3.0,0.0,582.0,0.017376173000229755,0.04068582400032028,0.006399825000698911,0.016615790000287234,44.810413110999434,1190.0,1150.0
100.0,10.0,2.0,2.0,3.0,0.0,583.0,0.01751877499918919,0.04050661000110267,0.008004770999832544,0.012262532998647657,44.8887138559985,1190.0,1150.0
100.0,10.0,2.0,2.0,3.0,0.0,584.0,0.017191633000038564,0.04049791999932495,0.0065570160004426725,0.019742955999390688,44.97271132700007,1190.0,1150.0
100.0,10.0,2.0,2.0,3.0,0.0,585.0,0.017536813000333495,0.037799651001478196,0.007131505999495857,0.015705759999036673,45.050893149998956,1190.0,1150.0
100.0,10.0,2.0,2.0,3.0,0.0,586.0,0.018212995999419945,0.039799104999474366,0.007050099000480259,0.014297256000645575,45.13026062300014,1190.0,1150.0
100.0,10.0,2.0,2.0,3.0,0.0,587.0,0.016616958999293274,0.0392078759996366,0.007487425000363146,0.012441965000107302,45.20602293899901,1190.0,1150.0
100.0,10.0,2.0,2.0,3.0,0.0,588.0,0.018386481000561616,0.04041061400130275,0.006543571998918196,0.02534539400039648,45.29671681599939,1210.0,1160.0
100.0,10.0,2.0,2.0,3.0,0.0,589.0,0.01769404300102906,0.04148589199940034,0.007580460000099265,0.014554677001797245,45.378039916999114,1210.0,1160.0
100.0,10.0,2.0,2.0,3.0,0.0,590.0,0.01839570999982243,0.03987036100079422,0.007213858998511569,0.014406759999474161,45.457934950998606,1210.0,1160.0
100.0,10.0,2.0,2.0,3.0,0.0,591.0,0.017778745999748935,0.04064644499885617,0.006813636000515544,0.012101840999093838,45.53528499799904,1210.0,1160.0
100.0,10.0,2.0,2.0,3.0,0.0,592.0,0.017377947000568383,0.0385726889999205,0.006600116999834427,0.012122150999857695,45.60996629900001,1210.0,1160.0
100.0,10.0,2.0,2.0,3.0,0.0,593.0,0.017683901000054902,0.041412332000618335,0.006931550000444986,0.012896078000267153,45.688898026999595,1210.0,1160.0
100.0,10.0,2.0,2.0,3.0,0.0,594.0,0.019239077999372967,0.04040910699950473,0.0072486919998482335,0.026080547999299597,45.781883083998764,1210.0,1160.0
100.0,10.0,2.0,2.0,3.0,0.0,595.0,0.016106319999380503,0.039876165999885416,0.007327915000132634,0.012275953000425943,45.85747749300026,1210.0,1170.0
100.0,10.0,2.0,2.0,3.0,0.0,596.0,0.016780104999270407,0.04130076699948404,0.008123686000544694,0.012867527000707923,45.93655781199959,1210.0,1170.0
100.0,10.0,2.0,2.0,3.0,0.0,597.0,0.017901648998304154,0.04070584299915936,0.0074499599995760946,0.014470642001469969,46.01709341300011,1210.0,1170.0
100.0,10.0,2.0,2.0,3.0,0.0,598.0,0.016914865000217105,0.040404209999906016,0.007522715000959579,0.012644465999983368,46.09458750500016,1210.0,1170.0
100.0,10.0,2.0,2.0,3.0,0.0,599.0,0.01840602100128308,0.039737955999953556,0.006910203999723308,0.02328398400095466,46.18293471200013,1210.0,1170.0
100.0,10.0,2.0,2.0,3.0,0.0,600.0,0.0186827319994336,0.04100690900122572,0.007967460000145365,0.016602663999947254,46.26720268200006,1210.0,1170.0
100.0,10.0,2.0,2.0,3.0,0.0,601.0,0.020047406000230694,0.04240038900024956,0.006988490000367165,0.01784992200009583,46.354496698999355,1210.0,1170.0
100.0,10.0,2.0,2.0,3.0,0.0,602.0,0.01790430899927742,0.04243681600019045,0.007222105999971973,0.014649756001745118,46.43671757699849,1210.0,1170.0
100.0,10.0,2.0,2.0,3.0,0.0,603.0,0.017094460999942385,0.04038496499924804,0.007456063998688478,0.014690558000438614,46.516351468999346,1210.0,1170.0
100.0,10.0,2.0,2.0,3.0,0.0,604.0,0.017513048000182607,0.0403841730003478,0.007801482001013937,0.01624781600003189,46.59830597600012,1210.0,1170.0
100.0,10.0,2.0,2.0,3.0,0.0,605.0,0.018244700000650482,0.04060284200022579,0.006511440000394941,0.02364138300072227,46.68731437799943,1210.0,1170.0
100.0,10.0,2.0,2.0,3.0,0.0,606.0,0.01695703600125853,0.04323987899988424,0.008228529999541934,0.018228797000119812,46.77397643099903,1210.0,1170.0
100.0,10.0,2.0,2.0,3.0,0.0,607.0,0.018691953999223188,0.041539472998920246,0.007364748000327381,0.014136345000224537,46.855717299999014,1210.0,1170.0
100.0,10.0,2.0,2.0,3.0,0.0,608.0,0.018241956999190734,0.04156849900027737,0.007803436999893165,0.017132055001638946,46.94047171799866,1210.0,1170.0
100.0,10.0,2.0,2.0,3.0,0.0,609.0,0.016492425000251387,0.04116113900090568,0.0067084309994243085,0.0125796590000391,47.01742125399869,1210.0,1170.0
100.0,10.0,2.0,2.0,3.0,0.0,610.0,0.016604849000941613,0.042744128999402164,0.007517161000578199,0.01714245400034997,47.10143787800007,1210.0,1170.0
100.0,10.0,2.0,2.0,3.0,0.0,611.0,0.01872456199998851,0.04045259399936185,0.00770914399981848,0.01658289999977569,47.184915833999185,1210.0,1170.0
100.0,10.0,2.0,2.0,3.0,0.0,612.0,0.017764066000381717,0.03892936800002644,0.00772956999935559,0.0164722299996356,47.26581903099941,1210.0,1170.0
100.0,10.0,2.0,2.0,3.0,0.0,613.0,0.01921233199936978,0.04296079199957603,0.007325454000238096,0.01665748399864242,47.351982540998506,1210.0,1170.0
100.0,10.0,2.0,2.0,3.0,0.0,614.0,0.016651112999170437,0.04357581100157404,0.008048867999605136,0.01684693800052628,47.43711329100006,1210.0,1170.0
100.0,10.0,2.0,2.0,3.0,0.0,615.0,0.018931353999505518,0.04134718099885504,0.006933515000127954,0.01430732999870088,47.5186405759996,1210.0,1170.0
100.0,10.0,2.0,2.0,3.0,0.0,616.0,0.016435102999821538,0.04061031200035359,0.006436629000745597,0.014099039999564411,47.59622952599966,1210.0,1170.0
100.0,10.0,2.0,2.0,3.0,0.0,617.0,0.017713941999318195,0.04040639199956786,0.007107818999429583,0.014518621999741299,47.67598450599871,1210.0,1170.0
100.0,10.0,2.0,2.0,3.0,0.0,618.0,0.018389538001429173,0.04224059199987096,0.00661523400049191,0.014378659001522465,47.75761628299915,1210.0,1170.0
100.0,10.0,2.0,2.0,3.0,0.0,619.0,0.017333926998617244,0.04137094199904823,0.007015451001279871,0.014363809999849764,47.83770797499892,1210.0,1170.0
100.0,10.0,2.0,2.0,3.0,0.0,620.0,0.01610064999840688,0.04147258000011789,0.007703438999669743,0.01717011700020521,47.920162606000304,1210.0,1170.0
100.0,10.0,2.0,2.0,3.0,0.0,621.0,0.01654945199879876,0.0401573199997074,0.007570001000203774,0.01565610500074399,48.00010342499991,1210.0,1170.0
100.0,10.0,2.0,2.0,3.0,0.0,622.0,0.017097498999646632,0.04225356999995711,0.007246364000820904,0.018581259000711725,48.08529034399908,1210.0,1170.0
100.0,10.0,2.0,2.0,3.0,0.0,623.0,0.01736765900022874,0.040426621000733576,0.007433325999954832,0.016227699001319706,48.16675395799939,1210.0,1170.0
100.0,10.0,2.0,2.0,3.0,0.0,624.0,0.01852296099968953,0.04013207800016971,0.006940663999557728,0.016135134999785805,48.248493322000286,1210.0,1170.0
100.0,10.0,2.0,2.0,3.0,0.0,625.0,0.016590249000728363,0.04544033300044248,0.007649737999599893,0.016522008998435922,48.33470407899949,1210.0,1170.0
100.0,10.0,2.0,2.0,3.0,0.0,626.0,0.01613771899974381,0.040700636000110535,0.00805951500115043,0.02476230699903681,48.424372661000234,1210.0,1170.0
100.0,10.0,2.0,2.0,3.0,0.0,627.0,0.01698134499929438,0.04247471100097755,0.007783852001011837,0.02276455200080818,48.51438537499962,1210.0,1170.0
100.0,10.0,2.0,2.0,3.0,0.0,628.0,0.018059961001199554,0.040477435000866535,0.00858453399996506,0.018060582000543945,48.59957645800023,1210.0,1170.0
100.0,10.0,2.0,2.0,3.0,0.0,629.0,0.015589718999763136,0.042517340001722914,0.007182573999671149,0.014413774000786361,48.67928786399898,1210.0,1170.0
100.0,10.0,2.0,2.0,3.0,0.0,630.0,0.019176624999090564,0.03989007800009858,0.0073748249997152016,0.01678285100024368,48.762519918998805,1210.0,1170.0
100.0,10.0,2.0,2.0,3.0,0.0,631.0,0.01679415900071035,0.041437351999775274,0.006918957000380033,0.014448239999182988,48.84212717700029,1210.0,1170.0
100.0,10.0,2.0,2.0,3.0,0.0,632.0,0.018294413999683456,0.04019634699943708,0.007038231999104028,0.014590766000765143,48.922255243998734,1210.0,1170.0
100.0,10.0,2.0,2.0,3.0,0.0,633.0,0.017120479998993687,0.04060948099868256,0.007660967999981949,0.016637208000247483,49.004291696999644,1210.0,1170.0
100.0,10.0,2.0,2.0,3.0,0.0,634.0,0.015939316001094994,0.03947689300002821,0.007073168000715668,0.01826504900054715,49.08505425200019,1210.0,1170.0
100.0,10.0,2.0,2.0,3.0,0.0,635.0,0.017754360000253655,0.04266636399916024,0.007399649000944919,0.01855335400068725,49.17143625099925,1210.0,1170.0
100.0,10.0,2.0,2.0,3.0,0.0,636.0,0.01606091499888862,0.0432724660004169,0.0072970799992617685,0.016209436998906313,49.254283749000024,1210.0,1170.0
100.0,10.0,2.0,2.0,3.0,0.0,637.0,0.018704254000112996,0.04416475599828118,0.006892350000271108,0.015057197999340133,49.33911011499913,1210.0,1170.0
100.0,10.0,2.0,2.0,3.0,0.0,638.0,0.017648660999839194,0.041107292998276534,0.007744070999251562,0.019212702000004356,49.424830550999104,1210.0,1170.0
100.0,10.0,2.0,2.0,3.0,0.0,639.0,0.01597011199919507,0.04325009000058344,0.008049775000472437,0.023367554998912965,49.51547619699886,1210.0,1170.0
100.0,10.0,2.0,2.0,3.0,0.0,640.0,0.017433299000913394,0.04100944600031653,0.007017324000116787,0.014379125999766984,49.59532363299877,1210.0,1170.0
100.0,10.0,2.0,2.0,3.0,0.0,641.0,0.017593714001122862,0.04135316599968064,0.007808684000337962,0.023909597000965732,49.68599730099959,1210.0,1170.0
100.0,10.0,2.0,2.0,3.0,0.0,642.0,0.01959893499952159,0.04122273400025733,0.008389413000259083,0.017995455000345828,49.773212030999275,1210.0,1170.0
100.0,10.0,2.0,2.0,3.0,0.0,643.0,0.018445319001330063,0.041751083999770344,0.006971599999815226,0.014782563001062954,49.85517082899969,1210.0,1170.0
100.0,10.0,2.0,2.0,3.0,0.0,644.0,0.015722004000053857,0.042630252999515506,0.00799435800036008,0.0143740709991107,49.935899029998836,1210.0,1170.0
100.0,10.0,2.0,2.0,3.0,0.0,645.0,0.01636410299943236,0.039614908999283216,0.0071973159992921865,0.016713397000785335,50.01579595799922,1210.0,1170.0
100.0,10.0,2.0,2.0,3.0,0.0,646.0,0.016893432999495417,0.04165543499948399,0.006782275999285048,0.02070075200026622,50.10183544599931,1210.0,1170.0
100.0,10.0,2.0,2.0,3.0,0.0,647.0,0.01901160400120716,0.04066063999925973,0.006835693999164505,0.012947297000209801,50.1812989559985,1210.0,1170.0
100.0,10.0,2.0,2.0,3.0,0.0,648.0,0.01706161300171516,0.041672014000141644,0.007982596000147169,0.01451305399859848,50.2626569669992,1210.0,1170.0
100.0,10.0,2.0,2.0,3.0,0.0,649.0,0.018550393000623444,0.04283751399998437,0.00673583799834887,0.016001710000637104,50.34679080999922,1210.0,1170.0
100.0,10.0,2.0,2.0,3.0,0.0,650.0,0.0202450550004869,0.04247909099831304,0.007360531999438535,0.019716263001100742,50.43660000499949,1210.0,1170.0
100.0,10.0,2.0,2.0,3.0,0.0,651.0,0.01904345700131671,0.040743548999671475,0.0075469830007932615,0.026166118999753962,50.53010831499887,1210.0,1170.0
100.0,10.0,2.0,2.0,3.0,0.0,652.0,0.016923921000852715,0.04082535599991388,0.007629278999957023,0.016634751000310644,50.61212951299967,1210.0,1170.0
100.0,10.0,2.0,2.0,3.0,0.0,653.0,0.018306681000467506,0.042757055000038235,0.006659696999122389,0.022010603999660816,50.70187250100025,1210.0,1170.0
100.0,10.0,2.0,2.0,3.0,0.0,654.0,0.017419744999642717,0.03934811599901877,0.006358489999911399,0.013179772000512457,50.77818627299894,1210.0,1170.0
100.0,10.0,2.0,2.0,3.0,0.0,655.0,0.015566981999654672,0.03790086600020004,0.006762076000086381,0.01303290800024115,50.851458506998824,1210.0,1170.0
100.0,10.0,2.0,2.0,3.0,0.0,656.0,0.015127043001484708,0.0394082860002527,0.006594799000595231,0.018329381000512512,50.93092616299873,1210.0,1170.0
100.0,10.0,2.0,2.0,3.0,0.0,657.0,0.015522621000854997,0.03788304099907691,0.006337212000289583,0.01619423500051198,51.00687197099978,1210.0,1170.0
100.0,10.0,2.0,2.0,3.0,0.0,658.0,0.016656646001138142,0.038631110001006164,0.0064089380011864705,0.014796427998589934,51.083372848999716,1210.0,1170.0
100.0,10.0,2.0,2.0,3.0,0.0,659.0,0.015545466001640307,0.03721327600032964,0.006828399998994428,0.01578023000001849,51.15874762899875,1210.0,1170.0
100.0,10.0,2.0,2.0,3.0,0.0,660.0,0.014629562001573504,0.03816612599985092,0.006707586999255,0.0250442340002337,51.24330300499969,1210.0,1170.0
100.0,10.0,2.0,2.0,3.0,0.0,661.0,0.015508725999097805,0.03983363600127632,0.006401451999408891,0.013156359000277007,51.318210571000236,1210.0,1170.0
100.0,10.0,2.0,2.0,3.0,0.0,662.0,0.014804221998929279,0.03774294100003317,0.0058489879993430804,0.013121334999596002,51.3897350319985,1210.0,1170.0
100.0,10.0,2.0,2.0,3.0,0.0,663.0,0.015773398999954225,0.037543288000961184,0.006680798998786486,0.012979525999980979,51.46271940599945,1210.0,1170.0
100.0,10.0,2.0,2.0,3.0,0.0,664.0,0.016931215999647975,0.03937265900094644,0.006775343999834149,0.014488781998807099,51.54029506199913,1210.0,1170.0
100.0,10.0,2.0,2.0,3.0,0.0,665.0,0.015670730001147604,0.03564718399866251,0.0077321030003076885,0.020914503998938017,51.62026718699963,1210.0,1170.0
100.0,10.0,2.0,2.0,3.0,0.0,666.0,0.01539855899864051,0.03578463499979989,0.007723771999735618,0.01178969899956428,51.69097256799978,1210.0,1180.0
100.0,10.0,2.0,2.0,3.0,0.0,667.0,0.018849934000172652,0.03628495399971143,0.007233738000650192,0.011473062999357353,51.76482338299866,1210.0,1180.0
100.0,10.0,2.0,2.0,3.0,0.0,668.0,0.01567069999873638,0.04077961199982383,0.006219814000360202,0.025456862000282854,51.8529581469993,1210.0,1180.0
100.0,10.0,2.0,2.0,3.0,0.0,669.0,0.018981147000886267,0.04338777100019797,0.007512910000514239,0.01706332100002328,51.939911479999864,1210.0,1180.0
100.0,10.0,2.0,2.0,3.0,0.0,670.0,0.015748587999041774,0.04048721700019087,0.006915923000633484,0.016841559001477435,52.01991274699867,1210.0,1180.0
100.0,10.0,2.0,2.0,3.0,0.0,671.0,0.01754333700046118,0.04250729900013539,0.007049410000036005,0.016754225000113365,52.10377553499893,1220.0,1180.0
100.0,10.0,2.0,2.0,3.0,0.0,672.0,0.01806820899946615,0.04216865800117375,0.007320542999877944,0.024477798000589246,52.19581864799875,1220.0,1180.0
100.0,10.0,2.0,2.0,3.0,0.0,673.0,0.018696814000577433,0.04290994999973918,0.0067408970007818425,0.018796925000060583,52.282971069998894,1220.0,1180.0
100.0,10.0,2.0,2.0,3.0,0.0,674.0,0.017887107000206015,0.04065097100101411,0.007461107999915839,0.03547690999948827,52.384455868999794,1240.0,1190.0
100.0,10.0,2.0,2.0,3.0,0.0,675.0,0.014815152999290149,0.042256840999471024,0.008014947001356632,0.027251174999037175,52.47680305299946,1250.0,1210.0
100.0,10.0,2.0,2.0,3.0,0.0,676.0,0.017573052000443568,0.040670778000276187,0.006454854999901727,0.016133769000589382,52.55764449799972,1250.0,1210.0
100.0,10.0,2.0,2.0,3.0,0.0,677.0,0.015982754001015564,0.04273472800014133,0.007293423001101473,0.02719012400120846,52.65085363799881,1250.0,1210.0
100.0,10.0,2.0,2.0,3.0,0.0,678.0,0.01640073100134032,0.04331289900073898,0.007344184999965364,0.018256858998938696,52.736176151998734,1250.0,1210.0
100.0,10.0,2.0,2.0,3.0,0.0,679.0,0.014493800999844098,0.04187718399953155,0.006493989998489269,0.018678467999052373,52.8177283189998,1250.0,1210.0
100.0,10.0,2.0,2.0,3.0,0.0,680.0,0.017354040001009707,0.041620030999183655,0.007477944000129355,0.015397168001072714,52.8995872029991,1250.0,1210.0
100.0,10.0,2.0,2.0,3.0,0.0,681.0,0.019826692001515767,0.0409870690000389,0.007948989001306472,0.014590228998713428,52.98294826500023,1250.0,1210.0
100.0,10.0,2.0,2.0,3.0,0.0,682.0,0.01769832900026813,0.041633353001088835,0.007359379000263289,0.014822728000581264,53.064469684999494,1250.0,1210.0
100.0,10.0,2.0,2.0,3.0,0.0,683.0,0.017195159000038984,0.04198068599907856,0.008288682000056724,0.02585432799969567,53.157796797999254,1250.0,1210.0
100.0,10.0,2.0,2.0,3.0,0.0,684.0,0.017956671999854734,0.039557666999826324,0.008055473999775131,0.013171706999855815,53.236546008000005,1250.0,1210.0
100.0,10.0,2.0,2.0,3.0,0.0,685.0,0.017469112999606295,0.040663993000634946,0.007187033999798587,0.0267914819996804,53.328665989,1250.0,1210.0
100.0,10.0,2.0,2.0,3.0,0.0,686.0,0.01744527199844015,0.04107461700004933,0.007137417000194546,0.013710198998523992,53.40804245700019,1250.0,1210.0
100.0,10.0,2.0,2.0,3.0,0.0,687.0,0.018947140999443945,0.04131703399980324,0.006831327000327292,0.013993045999086462,53.489139213999806,1250.0,1210.0
100.0,10.0,2.0,2.0,3.0,0.0,688.0,0.017402515999492607,0.04266367799937143,0.006598367999686161,0.012305615999139263,53.56811719399957,1250.0,1220.0
100.0,10.0,2.0,2.0,3.0,0.0,689.0,0.016706936999980826,0.041219605000151205,0.006963007999729598,0.014318834999357932,53.647335191999446,1250.0,1220.0
100.0,10.0,2.0,2.0,3.0,0.0,690.0,0.016174899999896297,0.04029680900021049,0.007141980000596959,0.014626325999415712,53.725583274999735,1250.0,1220.0
100.0,10.0,2.0,2.0,3.0,0.0,691.0,0.01766950499950326,0.03998339800091344,0.006227303998457501,0.025509897001029458,53.81498121799996,1250.0,1220.0
100.0,10.0,2.0,2.0,3.0,0.0,692.0,0.017462957001043833,0.042108626001208904,0.006775967998692067,0.013037058000918478,53.89437421599905,1250.0,1220.0
100.0,10.0,2.0,2.0,3.0,0.0,693.0,0.020289979000153835,0.04235681799946178,0.007472043000234407,0.012608483999429154,53.977109479999854,1250.0,1220.0
100.0,10.0,2.0,2.0,3.0,0.0,694.0,0.017828278001616127,0.042540614998870296,0.007499068000470288,0.014273606000642758,54.0592597019986,1250.0,1220.0
100.0,10.0,2.0,2.0,3.0,0.0,695.0,0.015292161000616034,0.04101554499902704,0.007184387999586761,0.014430814000661485,54.13719036200018,1250.0,1220.0
100.0,10.0,2.0,2.0,3.0,0.0,696.0,0.01648633299919311,0.03933179299929179,0.007487140999728581,0.014590876000511344,54.215094406999924,1250.0,1220.0
100.0,10.0,2.0,2.0,3.0,0.0,697.0,0.01685208100025193,0.0394586469992646,0.008910196000215365,0.013948085001175059,54.29427193099946,1250.0,1220.0
100.0,10.0,2.0,2.0,3.0,0.0,698.0,0.01874948800104903,0.05305420600052457,0.008337444000062533,0.02792360500097857,54.40234610299922,1250.0,1220.0
100.0,10.0,2.0,2.0,3.0,0.0,699.0,0.017987098999583395,0.0399108689998684,0.00678542599962384,0.014175570000588777,54.481213240000216,1250.0,1220.0
100.0,10.0,2.0,2.0,3.0,0.0,700.0,0.01749069100151246,0.039985422999961884,0.006586720000996138,0.01973591000023589,54.5650204429985,1250.0,1220.0
100.0,10.0,2.0,2.0,3.0,0.0,701.0,0.017258508001759765,0.043387195000832435,0.006991898000705987,0.02566364300037094,54.65832939599932,1250.0,1220.0
100.0,10.0,2.0,2.0,3.0,0.0,702.0,0.016449797998575377,0.04017551499964611,0.006835356000010506,0.023778452999977162,54.74557658099911,1250.0,1220.0
100.0,10.0,2.0,2.0,3.0,0.0,703.0,0.016902449999179225,0.03909445899989805,0.00759830199967837,0.02342226600012509,54.83260221299861,1250.0,1220.0
100.0,10.0,2.0,2.0,3.0,0.0,704.0,0.0175997490005102,0.03905340200071805,0.006860270999823115,0.01273217800007842,54.908855915999084,1250.0,1220.0
100.0,10.0,2.0,2.0,3.0,0.0,705.0,0.017861493999589584,0.04080460899967875,0.006677946999843698,0.0165780570005154,54.99078613399979,1250.0,1220.0
100.0,10.0,2.0,2.0,3.0,0.0,706.0,0.017240879000382847,0.03855009300059464,0.007806797000739607,0.012154640000517247,55.0665469609994,1260.0,1220.0
100.0,10.0,2.0,2.0,3.0,0.0,707.0,0.017073947999961092,0.04271816700020281,0.006716312000207836,0.015908961000604904,55.14897254300013,1260.0,1220.0
100.0,10.0,2.0,2.0,3.0,0.0,708.0,0.01763667900013388,0.04000205299962545,0.00793431600141048,0.017066714999600663,55.23162150600001,1260.0,1220.0
100.0,10.0,2.0,2.0,3.0,0.0,709.0,0.016459802000099444,0.03822345300068264,0.007315863998883287,0.010532962000070256,55.30416250300004,1260.0,1220.0
100.0,10.0,2.0,2.0,3.0,0.0,710.0,0.018781458000376006,0.038492591000249377,0.007584701999803656,0.014423578999412712,55.38345277799999,1260.0,1220.0
100.0,10.0,2.0,2.0,3.0,0.0,711.0,0.018508297000153107,0.03990700999929686,0.007516238001699094,0.02016324699980032,55.46955597699889,1260.0,1220.0
100.0,10.0,2.0,2.0,3.0,0.0,712.0,0.01859483100088255,0.0407310549999238,0.0068602649989770725,0.015985307998562348,55.551735502000156,1260.0,1220.0
100.0,10.0,2.0,2.0,3.0,0.0,713.0,0.01878134100115858,0.041484379000394256,0.0073613269996712916,0.019730230000277516,55.639101325999945,1260.0,1220.0
100.0,10.0,2.0,2.0,3.0,0.0,714.0,0.018078928000250016,0.03994669799976691,0.008734009999898262,0.013491677000274649,55.719361018998825,1260.0,1220.0
100.0,10.0,2.0,2.0,3.0,0.0,715.0,0.018182387000706512,0.041445200999078224,0.0070854429995961254,0.012415271999998367,55.79849750499852,1260.0,1220.0
100.0,10.0,2.0,2.0,3.0,0.0,716.0,0.017180924998683622,0.04130311100016115,0.006962212000871659,0.012900446001367527,55.876853076999396,1290.0,1230.0
100.0,10.0,2.0,2.0,3.0,0.0,717.0,0.016690655998900183,0.043993688999762526,0.007680493999941973,0.019463685001028352,55.964689692998945,1290.0,1230.0
100.0,10.0,2.0,2.0,3.0,0.0,718.0,0.017019356000673724,0.04022547800013854,0.007327686000280664,0.013054676999672665,56.04232513399984,1290.0,1230.0
100.0,10.0,2.0,2.0,3.0,0.0,719.0,0.0166964559994085,0.04156246800084773,0.008934182000302826,0.012784259999534697,56.12231054399854,1290.0,1230.0
100.0,10.0,2.0,2.0,3.0,0.0,720.0,0.018485079001038685,0.04187603200080048,0.007414477999191149,0.015257265000400366,56.20535195499906,1290.0,1240.0
100.0,10.0,2.0,2.0,3.0,0.0,721.0,0.017880755998703535,0.04041083099946263,0.008090822999292868,0.01566903400089359,56.28741119000006,1290.0,1240.0
100.0,10.0,2.0,2.0,3.0,0.0,722.0,0.016736861000026693,0.04058019100011734,0.007044726000458468,0.023281530000531347,56.37506227999984,1290.0,1240.0
100.0,10.0,2.0,2.0,3.0,0.0,723.0,0.017576639998878818,0.040118136999808485,0.007162441999753355,0.014251180000428576,56.4541788789993,1290.0,1240.0
100.0,10.0,2.0,2.0,3.0,0.0,724.0,0.01687301799938723,0.040464810001139995,0.007178621999628376,0.01267290900068474,56.53137607899953,1290.0,1240.0
100.0,10.0,2.0,2.0,3.0,0.0,725.0,0.018039310998574365,0.037955099000100745,0.007148126998799853,0.020311174001108157,56.614837602999614,1290.0,1240.0
100.0,10.0,2.0,2.0,3.0,0.0,726.0,0.017138252000222565,0.03783627699885983,0.007268590999956359,0.018755487000817084,56.695844294999915,1290.0,1240.0
100.0,10.0,2.0,2.0,3.0,0.0,727.0,0.01723295999909169,0.0432884780002496,0.006907893999596126,0.01706082099917694,56.78034254299928,1290.0,1240.0
100.0,10.0,2.0,2.0,3.0,0.0,728.0,0.01602411500061862,0.03912876499998674,0.006177520001074299,0.020023762999699102,56.861704625998755,1290.0,1240.0
100.0,10.0,2.0,2.0,3.0,0.0,729.0,0.018117050000000745,0.04423094399862748,0.009262164001484052,0.02303152100103034,56.9563544169996,1290.0,1240.0
100.0,10.0,2.0,2.0,3.0,0.0,730.0,0.0167366170007881,0.04171042500092881,0.006579945000339649,0.012350630000582896,57.033741052999176,1390.0,1240.0
100.0,10.0,2.0,2.0,3.0,0.0,731.0,0.017847662000349374,0.043119849999129656,0.006558004999533296,0.02555596499951207,57.12683064399971,1400.0,1240.0
100.0,10.0,2.0,2.0,3.0,0.0,732.0,0.016482810999150388,0.04362552900056471,0.007344073001149809,0.013380008000240196,57.207671537998976,1400.0,1250.0
100.0,10.0,2.0,2.0,3.0,0.0,733.0,0.01782948700019915,0.04220223700031056,0.00852989300074114,0.016467624000142678,57.2927088919987,1400.0,1250.0
100.0,10.0,2.0,2.0,3.0,0.0,734.0,0.01916869300112012,0.0411731289987074,0.00666579999960959,0.014703890999953728,57.37442846199883,1400.0,1250.0
100.0,10.0,2.0,2.0,3.0,0.0,735.0,0.0177239210006519,0.04052016400055436,0.008296497999253916,0.014271260999521473,57.45524826699875,1400.0,1250.0
100.0,10.0,2.0,2.0,3.0,0.0,736.0,0.017058573001122568,0.04052437300015299,0.007822279001629795,0.0177612469997257,57.53842325000005,1400.0,1260.0
100.0,10.0,2.0,2.0,3.0,0.0,737.0,0.016885335999177187,0.039938575000633136,0.006534783000461175,0.014091868999457802,57.615881476998766,1400.0,1260.0
100.0,10.0,2.0,2.0,3.0,0.0,738.0,0.018581427000754047,0.039510112001153175,0.0069663030008086935,0.01469244100007927,57.695640289999574,1400.0,1260.0
100.0,10.0,2.0,2.0,3.0,0.0,739.0,0.016614816000583232,0.043558793999181944,0.006906700000399724,0.014684303998365067,57.77741254399916,1400.0,1260.0
100.0,10.0,2.0,2.0,3.0,0.0,740.0,0.016469402000439004,0.042315166001571924,0.007241919000080088,0.014455860000452958,57.857903150999846,1400.0,1260.0
100.0,10.0,2.0,2.0,3.0,0.0,741.0,0.016410959000495495,0.04245171900038258,0.00769304599998577,0.016344940000635688,57.9408115039987,1400.0,1260.0
100.0,10.0,2.0,2.0,3.0,0.0,742.0,0.018163947999710217,0.040792153999063885,0.007209694000266609,0.024606295999547,58.031591291999575,1400.0,1260.0
100.0,10.0,2.0,2.0,3.0,0.0,743.0,0.015422434000356589,0.03990072600026906,0.006400566999218427,0.012860593998993863,58.10618331200021,1400.0,1290.0
100.0,10.0,2.0,2.0,3.0,0.0,744.0,0.017103246000260697,0.04185687899916957,0.007347012000536779,0.014669874000901473,58.18716831900019,1400.0,1290.0
100.0,10.0,2.0,2.0,3.0,0.0,745.0,0.017272742001296137,0.039883189001557184,0.007848735000152374,0.017081893998692976,58.26926275799997,1400.0,1290.0
100.0,10.0,2.0,2.0,3.0,0.0,746.0,0.01883660199928272,0.03992049200132897,0.007504542998503894,0.011723441999492934,58.34725553399949,1400.0,1300.0
100.0,10.0,2.0,2.0,3.0,0.0,747.0,0.016474332000143477,0.0407400210006017,0.007205418000012287,0.010538796001128503,58.4222220419997,1400.0,1340.0
100.0,10.0,2.0,2.0,3.0,0.0,748.0,0.01828553099949204,0.03761110199957329,0.007916267000837252,0.012371016000543023,58.49841347099937,1400.0,1340.0
100.0,10.0,2.0,2.0,3.0,0.0,749.0,0.017559572999743978,0.03908320099981211,0.007817682999302633,0.009286569998948835,58.57216827499906,1400.0,1340.0
100.0,10.0,2.0,2.0,3.0,0.0,750.0,0.017770331000065198,0.041630810001151985,0.006797806998292799,0.008629825000753044,58.647004610000295,1400.0,1340.0
100.0,10.0,2.0,2.0,3.0,0.0,751.0,0.01784954899994773,0.043550706999667455,0.007039161999273347,0.009006045000205631,58.72445799900015,1400.0,1340.0
100.0,10.0,2.0,2.0,3.0,0.0,752.0,0.017247128000235534,0.044331143000817974,0.007325777000005473,0.010595153999020113,58.803965228999004,1400.0,1340.0
100.0,10.0,2.0,2.0,3.0,0.0,753.0,0.017703641000480275,0.043262817000140785,0.007933169999887468,0.008862271999532823,58.88173484899926,1400.0,1340.0
100.0,10.0,2.0,2.0,3.0,0.0,754.0,0.020138706000579987,0.03955936400052451,0.007147406000513001,0.010684692999348044,58.959273077000034,1400.0,1340.0
100.0,10.0,2.0,2.0,3.0,0.0,755.0,0.0167618939995009,0.042138913999224314,0.0064269390004483284,0.008790437999778078,59.033398659999875,1400.0,1340.0
100.0,10.0,2.0,2.0,3.0,0.0,756.0,0.018572786000731867,0.03870242799894186,0.007794858998749987,0.011020142999768723,59.10949671999879,1400.0,1340.0
100.0,10.0,2.0,2.0,3.0,0.0,757.0,0.01818012399962754,0.03909956800089276,0.007206909998785704,0.008644876001199009,59.18263624999963,1400.0,1340.0
100.0,10.0,2.0,2.0,3.0,0.0,758.0,0.017511220999949728,0.04123761099981493,0.006564923000041745,0.008690410000781412,59.25664865099861,1400.0,1340.0
100.0,10.0,2.0,2.0,3.0,0.0,759.0,0.01939503500034334,0.039484815000832896,0.007240887000079965,0.008705734999239212,59.331485081998835,1400.0,1340.0
100.0,10.0,2.0,2.0,3.0,0.0,760.0,0.01726186999985657,0.04248381000070367,0.008117802999549895,0.008694168998772511,59.40805143699981,1400.0,1340.0
100.0,10.0,2.0,2.0,3.0,0.0,761.0,0.017513127000711393,0.03813889499906509,0.007380322998869815,0.011095498999566189,59.482187294999676,1400.0,1340.0
100.0,10.0,2.0,2.0,3.0,0.0,762.0,0.015113520999875618,0.040492116000677925,0.00798029699944891,0.01293040599921369,59.55871161899995,1400.0,1340.0
100.0,10.0,2.0,2.0,3.0,0.0,763.0,0.020091378999495646,0.041121711999949184,0.007393666999632842,0.008914284000638872,59.63624053199965,1400.0,1340.0
100.0,10.0,2.0,2.0,3.0,0.0,764.0,0.019139390999043826,0.03820447900034196,0.008327518999067252,0.009004915000332403,59.71092464499998,1400.0,1340.0
100.0,10.0,2.0,2.0,3.0,0.0,765.0,0.01739336100035871,0.04442628099968715,0.007238229998620227,0.009341099999801372,59.78933220899853,1400.0,1340.0
100.0,10.0,2.0,2.0,3.0,0.0,766.0,0.018182709000029718,0.044108157000664505,0.007493058001273312,0.011489348999020876,59.8706130089995,1400.0,1340.0
100.0,10.0,2.0,2.0,3.0,0.0,767.0,0.01814149100027862,0.042150182000114,0.00885085799927765,0.009681408000687952,59.94944483799918,1400.0,1340.0
100.0,10.0,2.0,2.0,3.0,0.0,768.0,0.016285748999507632,0.042308153000703896,0.008506059000865207,0.008988600000520819,60.025542008999764,1400.0,1340.0
