1000.0,25.0,3.0,0.0,0.0,1.0,0.0,0.030717838992131874,0.06493571000464726,9.409995982423425e-07,1.4500983525067568e-07,0.09566162200644612,-2460.0,-3340.0
1000.0,25.0,3.0,0.0,0.0,1.0,1.0,0.02892583499487955,0.06479375100752804,8.300121407955885e-07,1.8300488591194153e-07,0.1893879690032918,-2460.0,-3200.0
1000.0,25.0,3.0,0.0,0.0,1.0,2.0,0.02641285200661514,0.0708030259993393,8.77989805303514e-07,1.720036379992962e-07,0.2866113330092048,-2460.0,-3070.0
1000.0,25.0,3.0,0.0,0.0,1.0,3.0,0.02767681899422314,0.06115717098873574,7.330090738832951e-07,1.6200647223740816e-07,0.37545210401003715,-2390.0,-2990.0
1000.0,25.0,3.0,0.0,0.0,1.0,4.0,0.02647673399769701,0.06527834899316076,8.219940355047584e-07,1.590087777003646e-07,0.4672143420029897,-2390.0,-2890.0
1000.0,25.0,3.0,0.0,0.0,1.0,5.0,0.025179046991979703,0.0678999340016162,7.799972081556916e-07,1.939915819093585e-07,0.5603008120087907,-2390.0,-2840.0
1000.0,25.0,3.0,0.0,0.0,1.0,6.0,0.026724661991465837,0.06812883898965083,7.459893822669983e-07,1.6098783817142248e-07,0.6551616020005895,-2360.0,-2830.0
1000.0,25.0,3.0,0.0,0.0,1.0,7.0,0.02458342901081778,0.0631359910039464,1.0420044418424368e-06,1.7600541468709707e-07,0.74288900999818,-2280.0,-2770.0
1000.0,25.0,3.0,0.0,0.0,1.0,8.0,0.024215630008256994,0.06500528199831024,8.759961929172277e-07,1.7898855730891228e-07,0.8321169440023368,-2280.0,-2710.0
1000.0,25.0,3.0,0.0,0.0,1.0,9.0,0.024509875001967885,0.06559638000908308,8.130009518936276e-07,1.7898855730891228e-07,0.922230711003067,-2280.0,-2610.0
1000.0,25.0,3.0,0.0,0.0,1.0,10.0,0.026595098999678157,0.06483099199249409,1.0219955584034324e-06,1.5800469554960728e-07,1.0136644849990262,-2110.0,-2570.0
1000.0,25.0,3.0,0.0,0.0,1.0,11.0,0.025946570007363334,0.05991947199800052,8.33999365568161e-07,1.7401180230081081e-07,1.0995376570062945,-2110.0,-2500.0
1000.0,25.0,3.0,0.0,0.0,1.0,12.0,0.02615070200408809,0.05477315500320401,8.479983080178499e-07,1.6900594346225262e-07,1.1804686219984433,-2110.0,-2470.0
1000.0,25.0,3.0,0.0,0.0,1.0,13.0,0.02416158700361848,0.062470285993185826,7.519993232563138e-07,1.6599369700998068e-07,1.2671076680126134,-2050.0,-2460.0
1000.0,25.0,3.0,0.0,0.0,1.0,14.0,0.024982874994748272,0.050367475996608846,8.229981176555157e-07,1.5199475456029177e-07,1.3424656100105494,-2020.0,-2400.0
1000.0,25.0,3.0,0.0,0.0,1.0,15.0,0.02425543000572361,0.06545900499622803,8.399947546422482e-07,1.8399441614747047e-07,1.4321874830056913,-2020.0,-2370.0
1000.0,25.0,3.0,0.0,0.0,1.0,16.0,0.023204009004984982,0.05251583499193657,8.269998943433166e-07,1.6400008462369442e-07,1.5079145440104185,-2020.0,-2350.0
1000.0,25.0,3.0,0.0,0.0,1.0,17.0,0.025216894995537587,0.0635624540009303,7.589987944811583e-07,1.6400008462369442e-07,1.596700955007691,-1910.0,-2320.0
1000.0,25.0,3.0,0.0,0.0,1.0,18.0,0.026105751996510662,0.06048502400517464,1.248001353815198e-06,1.619919203221798e-07,1.6832993810094194,-1910.0,-2300.0
1000.0,25.0,3.0,0.0,0.0,1.0,19.0,0.02426271299191285,0.055020337997120805,7.76999513618648e-07,1.7500133253633976e-07,1.7625896950048627,-1910.0,-2280.0
1000.0,25.0,3.0,0.0,0.0,1.0,20.0,0.024971904000267386,0.050555092995637096,8.299975888803601e-07,1.6100239008665085e-07,1.8381236440036446,-1910.0,-2260.0
1000.0,25.0,3.0,0.0,0.0,1.0,21.0,0.023893503996077925,0.04977945899008773,7.970083970576525e-07,1.7099955584853888e-07,1.9118038790038554,-1910.0,-2250.0
1000.0,25.0,3.0,0.0,0.0,1.0,22.0,0.02795684699958656,0.05191870000271592,1.153995981439948e-06,1.7898855730891228e-07,1.9916881860117428,-1700.0,-2240.0
1000.0,25.0,3.0,0.0,0.0,1.0,23.0,0.02357194399519358,0.059488597995368764,8.399947546422482e-07,1.7900310922414064e-07,2.074756337009603,-1700.0,-2200.0
1000.0,25.0,3.0,0.0,0.0,1.0,24.0,0.023770926010911353,0.0604414010012988,8.619972504675388e-07,1.6500416677445173e-07,2.15897616201255,-1700.0,-2140.0
1000.0,25.0,3.0,0.0,0.0,1.0,25.0,0.02503637599875219,0.06616479100193828,8.350034477189183e-07,1.6400008462369442e-07,2.250185026001418,-1700.0,-2090.0
1000.0,25.0,3.0,0.0,0.0,1.0,26.0,0.02373076300136745,0.06472414599556942,8.039933163672686e-07,1.8900027498602867e-07,2.338647619006224,-1630.0,-2040.0
1000.0,25.0,3.0,0.0,0.0,1.0,27.0,0.02493865499855019,0.05074795499967877,8.040078682824969e-07,1.939915819093585e-07,2.4143420300097205,-1630.0,-2020.0
1000.0,25.0,3.0,0.0,0.0,1.0,28.0,0.02460231800796464,0.06424674698791932,7.179914973676205e-07,1.410080585628748e-07,2.5031989560084185,-1630.0,-1960.0
1000.0,25.0,3.0,0.0,0.0,1.0,29.0,0.027730002999305725,0.06445825699483976,8.220085874199867e-07,1.9099388737231493e-07,2.595394447009312,-1630.0,-1930.0
1000.0,25.0,3.0,0.0,0.0,1.0,30.0,0.024701162008568645,0.06408761200145818,7.380003808066249e-07,1.66997779160738e-07,2.684190268002567,-1610.0,-1890.0
1000.0,25.0,3.0,0.0,0.0,1.0,31.0,0.028583620995050296,0.05831295400275849,8.259958121925592e-07,1.7001002561300993e-07,2.771093773000757,-1610.0,-1880.0
1000.0,25.0,3.0,0.0,0.0,1.0,32.0,0.02441321399237495,0.057687050008098595,8.280039764940739e-07,1.8900027498602867e-07,2.853201602003537,-1610.0,-1860.0
1000.0,25.0,3.0,0.0,0.0,1.0,33.0,0.02496948699990753,0.06117879299563356,7.839989848434925e-07,1.619919203221798e-07,2.939357941999333,-1610.0,-1830.0
1000.0,25.0,3.0,0.0,0.0,1.0,34.0,0.027317226995364763,0.045171682999352925,7.650087354704738e-07,1.6500416677445173e-07,3.0118542150012217,-1610.0,-1820.0
1000.0,25.0,3.0,0.0,0.0,1.0,35.0,0.024950820006779395,0.05116034900129307,8.030037861317396e-07,1.8200080376118422e-07,3.087972488006926,-1610.0,-1800.0
1000.0,25.0,3.0,0.0,0.0,1.0,36.0,0.023697192009421997,0.04794986500928644,7.919879863038659e-07,1.6599369700998068e-07,3.1596271290036384,-1590.0,-1790.0
1000.0,25.0,3.0,0.0,0.0,1.0,37.0,0.026180386004853062,0.06412775999342557,7.76999513618648e-07,1.7299316823482513e-07,3.2499435060017277,-1590.0,-1780.0
1000.0,25.0,3.0,0.0,0.0,1.0,38.0,0.02626209700247273,0.05611304199555889,8.57995473779738e-07,1.5199475456029177e-07,3.3323255510040326,-1590.0,-1780.0
1000.0,25.0,3.0,0.0,0.0,1.0,39.0,0.026647575999959372,0.04947779299982358,8.039933163672686e-07,1.7198908608406782e-07,3.4084584600059316,-1570.0,-1760.0
1000.0,25.0,3.0,0.0,0.0,1.0,40.0,0.02528989900019951,0.058441777000552975,8.650094969198108e-07,1.8300488591194153e-07,3.492197338011465,-1570.0,-1760.0
1000.0,25.0,3.0,0.0,0.0,1.0,41.0,0.025556563996360637,0.05942072499601636,7.750059012323618e-07,1.5800469554960728e-07,3.5771818089997396,-1570.0,-1740.0
1000.0,25.0,3.0,0.0,0.0,1.0,42.0,0.024995223997393623,0.050578078007674776,8.089991752058268e-07,1.680018613114953e-07,3.6527621100103715,-1550.0,-1710.0
1000.0,25.0,3.0,0.0,0.0,1.0,43.0,0.02452462600194849,0.05162810199544765,8.759961929172277e-07,1.6999547369778156e-07,3.728922024005442,-1360.0,-1700.0
1000.0,25.0,3.0,0.0,0.0,1.0,44.0,0.023920235995319672,0.059268708995659836,8.560018613934517e-07,1.7099955584853888e-07,3.812118162008119,-1360.0,-1690.0
1000.0,25.0,3.0,0.0,0.0,1.0,45.0,0.02548043899878394,0.06528443899878766,7.810012903064489e-07,1.66997779160738e-07,3.9028907760075526,-1360.0,-1670.0
1000.0,25.0,3.0,0.0,0.0,1.0,46.0,0.026501525004277937,0.06593513299594633,8.869974408298731e-07,1.7700949683785439e-07,3.99533493501076,-1360.0,-1660.0
1000.0,25.0,3.0,0.0,0.0,1.0,47.0,0.025364262008224614,0.060072784006479196,7.929920684546232e-07,1.5299883671104908e-07,4.0807791340048425,-1200.0,-1650.0
1000.0,25.0,3.0,0.0,0.0,1.0,48.0,0.02344705599534791,0.051684017991647124,9.479990694671869e-07,1.6200647223740816e-07,4.155917481999495,-1200.0,-1640.0
1000.0,25.0,3.0,0.0,0.0,1.0,49.0,0.025061723004910164,0.06551600398961455,7.580092642456293e-07,1.4000397641211748e-07,4.246501856003306,-1200.0,-1580.0
1000.0,25.0,3.0,0.0,0.0,1.0,50.0,0.02618284100026358,0.055451812004321255,8.159986464306712e-07,1.720036379992962e-07,4.3281435380049516,-1200.0,-1550.0
1000.0,25.0,3.0,0.0,0.0,1.0,51.0,0.025372510004672222,0.06950294200214557,8.589995559304953e-07,1.8598802853375673e-07,4.423026720003691,-1200.0,-1530.0
1000.0,25.0,3.0,0.0,0.0,1.0,52.0,0.024856728996383026,0.05893045499396976,1.0329968063160777e-06,1.7299316823482513e-07,4.506821848000982,-1200.0,-1530.0
1000.0,25.0,3.0,0.0,0.0,1.0,53.0,0.02716008501010947,0.06882254300580826,7.539929356426001e-07,1.5099067240953445e-07,4.602811564007425,-1200.0,-1510.0
1000.0,25.0,3.0,0.0,0.0,1.0,54.0,0.025214366003638133,0.05356108699925244,7.460039341822267e-07,1.6599369700998068e-07,4.681593936009449,-1200.0,-1480.0
1000.0,25.0,3.0,0.0,0.0,1.0,55.0,0.027159888995811343,0.05328624599496834,1.0299991117790341e-06,1.9700382836163044e-07,4.7620473870047135,-1200.0,-1460.0
1000.0,25.0,3.0,0.0,0.0,1.0,56.0,0.02515100500022527,0.04964155898778699,7.950002327561378e-07,1.7898855730891228e-07,4.836846963007702,-1200.0,-1440.0
1000.0,25.0,3.0,0.0,0.0,1.0,57.0,0.026241182000376284,0.051252183999167755,7.539929356426001e-07,1.500011421740055e-07,4.914347654004814,-1200.0,-1410.0
1000.0,25.0,3.0,0.0,0.0,1.0,58.0,0.023969302012119442,0.048682591994293034,9.569921530783176e-07,1.8200080376118422e-07,4.987007071002154,-1200.0,-1410.0
1000.0,25.0,3.0,0.0,0.0,1.0,59.0,0.024524141001165845,0.058935811000992544,7.660128176212311e-07,1.6999547369778156e-07,5.070474134001415,-1200.0,-1410.0
1000.0,25.0,3.0,0.0,0.0,1.0,60.0,0.025569531993824057,0.05829505900328513,8.079950930550694e-07,1.449952833354473e-07,5.154345742004807,-1200.0,-1390.0
1000.0,25.0,3.0,0.0,0.0,1.0,61.0,0.024392238992732018,0.05213088799791876,7.750059012323618e-07,1.6999547369778156e-07,5.230876193003496,-1200.0,-1390.0
1000.0,25.0,3.0,0.0,0.0,1.0,62.0,0.02701777000038419,0.053159677001531236,7.939961506053805e-07,1.6500416677445173e-07,5.311061163010891,-1200.0,-1390.0
1000.0,25.0,3.0,0.0,0.0,1.0,63.0,0.025441684992983937,0.05887954300851561,9.47009539231658e-07,1.8799619283527136e-07,5.395389935001731,-1200.0,-1390.0
1000.0,25.0,3.0,0.0,0.0,1.0,64.0,0.024005439001484774,0.04949743900215253,8.479983080178499e-07,1.9300205167382956e-07,5.468899990009959,-1200.0,-1390.0
1000.0,25.0,3.0,0.0,0.0,1.0,65.0,0.02585399299277924,0.05717718199593946,7.76999513618648e-07,1.7500133253633976e-07,5.551938590011559,-1200.0,-1390.0
1000.0,25.0,3.0,0.0,0.0,1.0,66.0,0.02732351899612695,0.04781926800205838,7.130001904442906e-07,1.680018613114953e-07,5.627088591005304,-1200.0,-1380.0
1000.0,25.0,3.0,0.0,0.0,1.0,67.0,0.0243727549968753,0.05398760800017044,8.640054147690535e-07,1.6599369700998068e-07,5.7054562120029,-1200.0,-1380.0
1000.0,25.0,3.0,0.0,0.0,1.0,68.0,0.02477386400278192,0.06458704998658504,7.780035957694054e-07,1.7099955584853888e-07,5.794824046999565,-1200.0,-1370.0
1000.0,25.0,3.0,0.0,0.0,1.0,69.0,0.024549010006012395,0.04914616700261831,8.029892342165112e-07,1.9199796952307224e-07,5.868526219011983,-1170.0,-1360.0
1000.0,25.0,3.0,0.0,0.0,1.0,70.0,0.02402212400920689,0.06253640000068117,8.030037861317396e-07,1.849984982982278e-07,5.955091805008124,-1170.0,-1350.0
1000.0,25.0,3.0,0.0,0.0,1.0,71.0,0.02471126698947046,0.05681316499249078,7.619964890182018e-07,1.6500416677445173e-07,6.036623400999815,-1170.0,-1350.0
1000.0,25.0,3.0,0.0,0.0,1.0,72.0,0.025334594989544712,0.05725909900502302,7.799972081556916e-07,1.66997779160738e-07,6.119224216003204,-1170.0,-1340.0
1000.0,25.0,3.0,0.0,0.0,1.0,73.0,0.023441456010914408,0.05999148800037801,7.76999513618648e-07,1.8000719137489796e-07,6.202664737007581,-1170.0,-1340.0
1000.0,25.0,3.0,0.0,0.0,1.0,74.0,0.026391095991129987,0.06301940699631814,8.039933163672686e-07,1.8200080376118422e-07,6.292082092011697,-1170.0,-1340.0
1000.0,25.0,3.0,0.0,0.0,1.0,75.0,0.02653388900216669,0.05040052899857983,8.649949450045824e-07,1.4400575309991837e-07,6.369023636012571,-1170.0,-1330.0
1000.0,25.0,3.0,0.0,0.0,1.0,76.0,0.02613729500444606,0.05750228799297474,7.689959602430463e-07,1.6600824892520905e-07,6.452670108003076,-1170.0,-1330.0
1000.0,25.0,3.0,0.0,0.0,1.0,77.0,0.023981681995792314,0.059557771994150244,7.499911589547992e-07,1.5100522432476282e-07,6.536217033004505,-1170.0,-1320.0
1000.0,25.0,3.0,0.0,0.0,1.0,78.0,0.02360832699923776,0.06229645700659603,7.940107025206089e-07,2.0700099412351847e-07,6.6221289220120525,-1170.0,-1320.0
1000.0,25.0,3.0,0.0,0.0,1.0,79.0,0.025786755009903572,0.05966659000841901,8.179922588169575e-07,1.5999830793589354e-07,6.707589532001293,-1170.0,-1310.0
1000.0,25.0,3.0,0.0,0.0,1.0,80.0,0.025600679000490345,0.05280814900470432,7.980124792084098e-07,1.9400613382458687e-07,6.786005796006066,-1170.0,-1300.0
1000.0,25.0,3.0,0.0,0.0,1.0,81.0,0.02471980798873119,0.05494595099298749,1.1469965102151036e-06,1.7600541468709707e-07,6.865678699003183,-1170.0,-1300.0
1000.0,25.0,3.0,0.0,0.0,1.0,82.0,0.02503368198813405,0.05383268000150565,8.259958121925592e-07,1.6400008462369442e-07,6.944552314002067,-1170.0,-1300.0
1000.0,25.0,3.0,0.0,0.0,1.0,83.0,0.024094077001791447,0.0587318900070386,8.019997039809823e-07,1.7399725038558245e-07,7.027385482011596,-1170.0,-1300.0
1000.0,25.0,3.0,0.0,0.0,1.0,84.0,0.024235837001469918,0.050695366007857956,8.33999365568161e-07,1.5199475456029177e-07,7.102324302002671,-1170.0,-1300.0
1000.0,25.0,3.0,0.0,0.0,1.0,85.0,0.024596442002803087,0.06153077899944037,7.189955795183778e-07,1.8799619283527136e-07,7.188458046002779,-1170.0,-1300.0
1000.0,25.0,3.0,0.0,0.0,1.0,86.0,0.024599013006081805,0.06393498000397813,7.979979272931814e-07,1.5599653124809265e-07,7.27699897500861,-1150.0,-1290.0
1000.0,25.0,3.0,0.0,0.0,1.0,87.0,0.027761539997300133,0.05492738899192773,8.24002199806273e-07,1.6999547369778156e-07,7.359694787999615,-1150.0,-1280.0
1000.0,25.0,3.0,0.0,0.0,1.0,88.0,0.02405240500229411,0.05939425199176185,7.710041245445609e-07,1.720036379992962e-07,7.443148580001434,-1150.0,-1280.0
1000.0,25.0,3.0,0.0,0.0,1.0,89.0,0.025198716000886634,0.06142750500293914,7.819908205419779e-07,1.619919203221798e-07,7.5297819880070165,-1150.0,-1280.0
1000.0,25.0,3.0,0.0,0.0,1.0,90.0,0.02658913898630999,0.052728713999385945,7.850030669942498e-07,1.489970600232482e-07,7.609107089010649,-1150.0,-1280.0
1000.0,25.0,3.0,0.0,0.0,1.0,91.0,0.02495662000728771,0.0632094399916241,8.460046956315637e-07,1.5999830793589354e-07,7.697280502005015,-1150.0,-1280.0
1000.0,25.0,3.0,0.0,0.0,1.0,92.0,0.02419202300370671,0.05894083800376393,9.479990694671869e-07,1.7600541468709707e-07,7.780420851006056,-1150.0,-1280.0
1000.0,25.0,3.0,0.0,0.0,1.0,93.0,0.024752470999374054,0.06858250799996313,7.630005711689591e-07,2.0599691197276115e-07,7.873762749004527,-820.0,-1270.0
1000.0,25.0,3.0,0.0,0.0,1.0,94.0,0.025349154995637946,0.058155082995654084,8.180068107321858e-07,1.910084392875433e-07,7.957274436004809,-820.0,-1270.0
1000.0,25.0,3.0,0.0,0.0,1.0,95.0,0.022803202009527013,0.06494376200134866,7.849885150790215e-07,1.4599936548620462e-07,8.045028758002445,-820.0,-1270.0
1000.0,25.0,3.0,0.0,0.0,1.0,96.0,0.02526387599937152,0.06453185199643485,6.540067261084914e-07,1.9700382836163044e-07,8.134831519011641,-820.0,-1250.0
1000.0,25.0,3.0,0.0,0.0,1.0,97.0,0.025175285001751035,0.06009145099960733,8.189963409677148e-07,1.5700061339884996e-07,8.220105995002086,-820.0,-1250.0
1000.0,25.0,3.0,0.0,0.0,1.0,98.0,0.023972787006641738,0.051306876994203776,7.390044629573822e-07,1.730077201500535e-07,8.295393197011435,-820.0,-1230.0
1000.0,25.0,3.0,0.0,0.0,1.0,99.0,0.027023962000384927,0.05171600100584328,1.114996848627925e-06,1.6400008462369442e-07,8.37414132100821,-820.0,-1220.0
1000.0,25.0,3.0,0.0,0.0,1.0,100.0,0.026430577010614797,0.06377969199093059,7.640046533197165e-07,1.619919203221798e-07,8.464358725002967,-410.0,-1180.0
1000.0,25.0,3.0,0.0,0.0,1.0,101.0,0.02757065198966302,0.05466505599906668,7.859925972297788e-07,1.7600541468709707e-07,8.546601574998931,-410.0,-1150.0
1000.0,25.0,3.0,0.0,0.0,1.0,102.0,0.026020118995802477,0.06801070300571155,1.0119983926415443e-06,1.3499811757355928e-07,8.640639641002053,-340.0,-1030.0
1000.0,25.0,3.0,0.0,0.0,1.0,103.0,0.02287821500794962,0.055235842999536544,1.104010152630508e-06,1.5199475456029177e-07,8.718760618998203,-340.0,-950.0
1000.0,25.0,3.0,0.0,0.0,1.0,104.0,0.024173152007278986,0.061027119008940645,7.939961506053805e-07,1.6599369700998068e-07,8.803967647007084,-340.0,-870.0
1000.0,25.0,3.0,0.0,0.0,1.0,105.0,0.023077619989635423,0.05165516100532841,8.089991752058268e-07,1.759908627718687e-07,8.878707661002409,-340.0,-800.0
1000.0,25.0,3.0,0.0,0.0,1.0,106.0,0.02755279600387439,0.06243673300195951,7.430062396451831e-07,1.629960024729371e-07,8.968704602011712,-340.0,-750.0
1000.0,25.0,3.0,0.0,0.0,1.0,107.0,0.026359900992247276,0.04910737900354434,7.409980753436685e-07,1.5700061339884996e-07,9.044179576012539,-340.0,-690.0
1000.0,25.0,3.0,0.0,0.0,1.0,108.0,0.023886652998044156,0.04952163599955384,7.920025382190943e-07,1.680018613114953e-07,9.117595209012507,-340.0,-650.0
1000.0,25.0,3.0,0.0,0.0,1.0,109.0,0.021834633997059427,0.060441522000473924,7.130001904442906e-07,1.6899139154702425e-07,9.199878038998577,-310.0,-630.0
1000.0,25.0,3.0,0.0,0.0,1.0,110.0,0.025845544994808733,0.06366653500299435,7.47008016332984e-07,2.0999868866056204e-07,9.289397133004968,-230.0,-600.0
1000.0,25.0,3.0,0.0,0.0,1.0,111.0,0.024790398005279712,0.060020912991603836,7.859925972297788e-07,1.5199475456029177e-07,9.374215290008578,-230.0,-530.0
1000.0,25.0,3.0,0.0,0.0,1.0,112.0,0.02521039500425104,0.051472919003572315,6.839982233941555e-07,1.6599369700998068e-07,9.450905832010903,-230.0,-510.0
1000.0,25.0,3.0,0.0,0.0,1.0,113.0,0.0238842489925446,0.04877563599438872,7.579947123304009e-07,1.730077201500535e-07,9.523572952006361,-230.0,-500.0
1000.0,25.0,3.0,0.0,0.0,1.0,114.0,0.02557219700247515,0.05212266999296844,7.930066203698516e-07,1.619919203221798e-07,9.601274964006734,-230.0,-490.0
1000.0,25.0,3.0,0.0,0.0,1.0,115.0,0.025378388003446162,0.04935012498754077,7.180060492828488e-07,1.6599369700998068e-07,9.67601096900762,-230.0,-460.0
1000.0,25.0,3.0,0.0,0.0,1.0,116.0,0.025084118999075145,0.05079616900184192,8.220085874199867e-07,1.7900310922414064e-07,9.751898319998872,-230.0,-460.0
1000.0,25.0,3.0,0.0,0.0,1.0,117.0,0.025880632005282678,0.05987881300097797,7.700000423938036e-07,1.8399441614747047e-07,9.837665155006107,-230.0,-460.0
1000.0,25.0,3.0,0.0,0.0,1.0,118.0,0.02582672200514935,0.06322825700044632,7.839989848434925e-07,1.7299316823482513e-07,9.926727393001784,-230.0,-450.0
1000.0,25.0,3.0,0.0,0.0,1.0,119.0,0.02589688400621526,0.049788723001256585,8.440110832452774e-07,1.7799902707338333e-07,10.002420034012175,-230.0,-440.0
1000.0,25.0,3.0,0.0,0.0,1.0,120.0,0.02341718900424894,0.05253697700391058,7.420021574944258e-07,1.870066625997424e-07,10.078434296010528,-210.0,-440.0
1000.0,25.0,3.0,0.0,0.0,1.0,121.0,0.02471867600979749,0.047491812001680955,1.1530064512044191e-06,1.579901436343789e-07,10.150652345007984,-210.0,-430.0
1000.0,25.0,3.0,0.0,0.0,1.0,122.0,0.025194475005264394,0.051319188001798466,7.14004272595048e-07,1.9400613382458687e-07,10.22717310101143,-210.0,-430.0
1000.0,25.0,3.0,0.0,0.0,1.0,123.0,0.028202728004544042,0.053096891002496704,7.089984137564898e-07,1.6500416677445173e-07,10.308480438005063,-210.0,-400.0
1000.0,25.0,3.0,0.0,0.0,1.0,124.0,0.02496427099686116,0.05061989800014999,1.0889925761148334e-06,1.7399725038558245e-07,10.384072315006051,-210.0,-400.0
1000.0,25.0,3.0,0.0,0.0,1.0,125.0,0.024990218007587828,0.060074253007769585,8.310016710311174e-07,1.5599653124809265e-07,10.469144203001633,-140.0,-370.0
1000.0,25.0,3.0,0.0,0.0,1.0,126.0,0.02445088600507006,0.05565702199237421,8.390052244067192e-07,1.7299316823482513e-07,10.549259104998782,130.0,-360.0
1000.0,25.0,3.0,0.0,0.0,1.0,127.0,0.026483337001991458,0.06385893101105466,1.0630028555169702e-06,1.540029188618064e-07,10.639608776007663,130.0,-340.0
1000.0,25.0,3.0,0.0,0.0,1.0,128.0,0.024040602991590276,0.05083483800990507,7.490016287192702e-07,1.7001002561300993e-07,10.714490936006769,130.0,-330.0
1000.0,25.0,3.0,0.0,0.0,1.0,129.0,0.025500529998680577,0.05133775400463492,9.590003173798323e-07,1.9300205167382956e-07,10.79133686600835,130.0,-310.0
1000.0,25.0,3.0,0.0,0.0,1.0,130.0,0.024925712001277134,0.061293691003811546,9.130017133429646e-07,1.7500133253633976e-07,10.877563305999502,130.0,-300.0
1000.0,25.0,3.0,0.0,0.0,1.0,131.0,0.0237496430054307,0.05851994299155194,7.429916877299547e-07,1.6301055438816547e-07,10.959840120005538,130.0,-260.0
1000.0,25.0,3.0,0.0,0.0,1.0,132.0,0.02423446800094098,0.055649517991696484,7.749913493171334e-07,1.6200647223740816e-07,11.039731367010972,130.0,-240.0
1000.0,25.0,3.0,0.0,0.0,1.0,133.0,0.02335796700208448,0.052873944005114026,8.419883670285344e-07,1.720036379992962e-07,11.115970525002922,130.0,-230.0
1000.0,25.0,3.0,0.0,0.0,1.0,134.0,0.028211896002176218,0.051451614999677986,8.210045052692294e-07,1.860025804489851e-07,11.195640984005877,130.0,-230.0
1000.0,25.0,3.0,0.0,0.0,1.0,135.0,0.02527372799522709,0.05809461200260557,8.379865903407335e-07,1.6500416677445173e-07,11.27901608600223,220.0,-180.0
1000.0,25.0,3.0,0.0,0.0,1.0,136.0,0.02327015300397761,0.05131450900807977,7.549970177933574e-07,1.9300205167382956e-07,11.353607775003184,220.0,-140.0
1000.0,25.0,3.0,0.0,0.0,1.0,137.0,0.023943620995851234,0.04844644099648576,7.889902917668223e-07,1.809967216104269e-07,11.426004637003643,220.0,-140.0
1000.0,25.0,3.0,0.0,0.0,1.0,138.0,0.025226843004929833,0.051119798998115584,7.990020094439387e-07,1.7099955584853888e-07,11.502358156998525,310.0,-110.0
1000.0,25.0,3.0,0.0,0.0,1.0,139.0,0.025424908992135897,0.06126982999558095,8.179922588169575e-07,1.720036379992962e-07,11.589059891004581,310.0,-90.0
1000.0,25.0,3.0,0.0,0.0,1.0,140.0,0.027203955993172713,0.05968711100285873,1.0549993021413684e-06,1.4300167094916105e-07,11.675957952000317,310.0,-60.0
1000.0,25.0,3.0,0.0,0.0,1.0,141.0,0.02632678099325858,0.05057398100325372,1.0490039130672812e-06,1.66997779160738e-07,11.752865553004085,310.0,-50.0
1000.0,25.0,3.0,0.0,0.0,1.0,142.0,0.0229953160014702,0.06456742700538598,8.999923011288047e-07,1.720036379992962e-07,11.840435700010858,310.0,0.0
1000.0,25.0,3.0,0.0,0.0,1.0,143.0,0.02481128899671603,0.05594020299031399,7.119961082935333e-07,1.860025804489851e-07,11.921194360998925,310.0,30.0
1000.0,25.0,3.0,0.0,0.0,1.0,144.0,0.02491380700666923,0.05614948300353717,7.600028766319156e-07,1.7900310922414064e-07,12.002265102011734,310.0,40.0
1000.0,25.0,3.0,0.0,0.0,1.0,145.0,0.02541581900732126,0.051069117995211855,1.1309894034639e-06,1.7299316823482513e-07,12.078757499009953,310.0,50.0
1000.0,25.0,3.0,0.0,0.0,1.0,146.0,0.024470439995639026,0.05571361500187777,8.939969120547175e-07,1.629960024729371e-07,12.158949019009015,310.0,50.0
1000.0,25.0,3.0,0.0,0.0,1.0,147.0,0.025873484992189333,0.05565428899717517,7.880007615312934e-07,1.7399725038558245e-07,12.240483554007369,310.0,70.0
1000.0,25.0,3.0,0.0,0.0,1.0,148.0,0.025003887989441864,0.05936424901301507,8.290080586448312e-07,1.6600824892520905e-07,12.324858674008283,440.0,80.0
1000.0,25.0,3.0,0.0,0.0,1.0,149.0,0.024818274992867373,0.05973167000047397,8.520000847056508e-07,1.7299316823482513e-07,12.40941612100869,440.0,80.0
1000.0,25.0,3.0,0.0,0.0,1.0,150.0,0.023741463010082953,0.05793265899410471,9.289942681789398e-07,1.4700344763696194e-07,12.49109781801235,440.0,90.0
1000.0,25.0,3.0,0.0,0.0,1.0,151.0,0.025960711005609483,0.0507193230005214,1.071006408892572e-06,1.6599369700998068e-07,12.567785429011565,440.0,90.0
1000.0,25.0,3.0,0.0,0.0,1.0,152.0,0.0265154619992245,0.06156546600686852,7.700000423938036e-07,1.6999547369778156e-07,12.655873212002916,440.0,120.0
1000.0,25.0,3.0,0.0,0.0,1.0,153.0,0.024952754989499226,0.06092891799926292,8.260103641077876e-07,1.6600824892520905e-07,12.74176190100843,440.0,150.0
1000.0,25.0,3.0,0.0,0.0,1.0,154.0,0.02451178200135473,0.05946820600365754,8.110073395073414e-07,1.4698889572173357e-07,12.825748863004264,440.0,160.0
1000.0,25.0,3.0,0.0,0.0,1.0,155.0,0.025280672009103,0.05454145399562549,8.24002199806273e-07,1.7500133253633976e-07,12.905577934012399,440.0,160.0
1000.0,25.0,3.0,0.0,0.0,1.0,156.0,0.024681887007318437,0.05168818900710903,8.229981176555157e-07,1.579901436343789e-07,12.981955138006015,440.0,170.0
1000.0,25.0,3.0,0.0,0.0,1.0,157.0,0.025897405997966416,0.06260951999865938,7.539929356426001e-07,2.1100277081131935e-07,13.070469149010023,440.0,170.0
1000.0,25.0,3.0,0.0,0.0,1.0,158.0,0.026524857996264473,0.06067649899341632,7.959897629916668e-07,1.870066625997424e-07,13.15767800300091,440.0,170.0
1000.0,25.0,3.0,0.0,0.0,1.0,159.0,0.025437700998736545,0.05869430900202133,7.649941835552454e-07,1.7700949683785439e-07,13.241817040005117,440.0,180.0
1000.0,25.0,3.0,0.0,0.0,1.0,160.0,0.026288239998393692,0.060000757992384024,7.079943316057324e-07,1.7198908608406782e-07,13.32811326700903,440.0,180.0
1000.0,25.0,3.0,0.0,0.0,1.0,161.0,0.02354465299868025,0.059466659993631765,7.649941835552454e-07,1.7700949683785439e-07,13.41113171201141,440.0,180.0
1000.0,25.0,3.0,0.0,0.0,1.0,162.0,0.02479784500610549,0.05329448598786257,8.329952834174037e-07,1.680018613114953e-07,13.489231012004893,440.0,190.0
1000.0,25.0,3.0,0.0,0.0,1.0,163.0,0.025890960998367518,0.05953540399787016,9.43997292779386e-07,1.5299883671104908e-07,13.574665304011432,440.0,190.0
1000.0,25.0,3.0,0.0,0.0,1.0,164.0,0.03313849300320726,0.05617657800030429,9.63991624303162e-07,1.6999547369778156e-07,13.663988904998405,440.0,190.0
1000.0,25.0,3.0,0.0,0.0,1.0,165.0,0.025796888003242202,0.0648822060029488,7.729977369308472e-07,2.3101165425032377e-07,13.754675041011069,440.0,220.0
1000.0,25.0,3.0,0.0,0.0,1.0,166.0,0.026397831999929622,0.05858864700712729,8.190108928829432e-07,1.6600824892520905e-07,13.839668780012289,440.0,220.0
1000.0,25.0,3.0,0.0,0.0,1.0,167.0,0.02385872400191147,0.056401063993689604,7.469934644177556e-07,1.489970600232482e-07,13.919935958998394,440.0,220.0
1000.0,25.0,3.0,0.0,0.0,1.0,168.0,0.024106629003654234,0.051198788001784123,7.780035957694054e-07,1.590087777003646e-07,13.995248367005843,440.0,220.0
1000.0,25.0,3.0,0.0,0.0,1.0,169.0,0.025562021997757256,0.05144219800422434,8.319912012666464e-07,1.860025804489851e-07,14.072259940003278,440.0,220.0
1000.0,25.0,3.0,0.0,0.0,1.0,170.0,0.02489674800017383,0.05381766000937205,8.149945642799139e-07,1.4998659025877714e-07,14.150981667000451,440.0,230.0
1000.0,25.0,3.0,0.0,0.0,1.0,171.0,0.024752540004556067,0.0636280509934295,9.180075721815228e-07,1.7600541468709707e-07,14.239369241011445,440.0,230.0
1000.0,25.0,3.0,0.0,0.0,1.0,172.0,0.023301167995668948,0.0544453550101025,7.610069587826729e-07,1.7600541468709707e-07,14.31712248500844,440.0,240.0
1000.0,25.0,3.0,0.0,0.0,1.0,173.0,0.024787871006992646,0.053741795010864735,8.049973985180259e-07,1.5999830793589354e-07,14.395659411005909,440.0,240.0
1000.0,25.0,3.0,0.0,0.0,1.0,174.0,0.024327214996446855,0.060443926995503716,7.530034054070711e-07,1.7198908608406782e-07,14.48043738900742,440.0,240.0
1000.0,25.0,3.0,0.0,0.0,1.0,175.0,0.02362630399875343,0.05944851700041909,7.600028766319156e-07,1.6900594346225262e-07,14.563519004004775,440.0,270.0
1000.0,25.0,3.0,0.0,0.0,1.0,176.0,0.02364272699924186,0.055126157007180154,8.00995621830225e-07,1.5299883671104908e-07,14.642294941004366,440.0,270.0
1000.0,25.0,3.0,0.0,0.0,1.0,177.0,0.022473584991530515,0.048142657993594185,7.849885150790215e-07,1.8300488591194153e-07,14.712918157005333,440.0,270.0
1000.0,25.0,3.0,0.0,0.0,1.0,178.0,0.021639377999235876,0.05094777200429235,7.429916877299547e-07,1.6600824892520905e-07,14.785512280010153,440.0,270.0
1000.0,25.0,3.0,0.0,0.0,1.0,179.0,0.022920536997844465,0.054851813009008765,7.420021574944258e-07,1.809967216104269e-07,14.863291871006368,440.0,290.0
1000.0,25.0,3.0,0.0,0.0,1.0,180.0,0.024538843004847877,0.0579729250021046,1.0130024747923017e-06,1.590087777003646e-07,14.94581087300321,440.0,290.0
1000.0,25.0,3.0,0.0,0.0,1.0,181.0,0.02441592600371223,0.06132165199960582,7.880007615312934e-07,1.860025804489851e-07,15.031554972010781,440.0,300.0
1000.0,25.0,3.0,0.0,0.0,1.0,182.0,0.02175772401096765,0.0476725149928825,7.569906301796436e-07,1.5398836694657803e-07,15.100992532999953,440.0,300.0
1000.0,25.0,3.0,0.0,0.0,1.0,183.0,0.02339881399529986,0.050088168994989246,7.650087354704738e-07,1.5599653124809265e-07,15.174486513002194,440.0,300.0
1000.0,25.0,3.0,0.0,0.0,1.0,184.0,0.023587867995956913,0.046379774998058565,7.839989848434925e-07,1.4400575309991837e-07,15.244461134003359,440.0,300.0
1000.0,25.0,3.0,0.0,0.0,1.0,185.0,0.0229566350026289,0.04700773399963509,7.23011908121407e-07,1.500011421740055e-07,15.314432358005433,440.0,300.0
1000.0,25.0,3.0,0.0,0.0,1.0,186.0,0.02427268199971877,0.057191182000678964,7.490016287192702e-07,1.4700344763696194e-07,15.395903021009872,440.0,310.0
1000.0,25.0,3.0,0.0,0.0,1.0,187.0,0.02434890800213907,0.049705123994499445,8.180068107321858e-07,1.6100239008665085e-07,15.469964148011059,440.0,310.0
1000.0,25.0,3.0,0.0,0.0,1.0,188.0,0.023330572003033012,0.04795086399826687,7.310009095817804e-07,1.500011421740055e-07,15.541252631010138,440.0,320.0
1000.0,25.0,3.0,0.0,0.0,1.0,189.0,0.02576199900067877,0.058618242997908965,7.610069587826729e-07,1.4698889572173357e-07,15.625639965001028,440.0,320.0
1000.0,25.0,3.0,0.0,0.0,1.0,190.0,0.02588724899396766,0.05655816200305708,7.560010999441147e-07,1.6500416677445173e-07,15.708092643006239,440.0,320.0
1000.0,25.0,3.0,0.0,0.0,1.0,191.0,0.027729206005460583,0.06482499199046288,7.430062396451831e-07,1.6400008462369442e-07,15.800653944010264,440.0,320.0
1000.0,25.0,3.0,0.0,0.0,1.0,192.0,0.02487857500091195,0.05652289699355606,7.959897629916668e-07,1.7799902707338333e-07,15.882062944001518,440.0,320.0
1000.0,25.0,3.0,0.0,0.0,1.0,193.0,0.024156507002771832,0.05306503700558096,1.157997758127749e-06,1.7898855730891228e-07,15.959291917999508,440.0,320.0
1000.0,25.0,3.0,0.0,0.0,1.0,194.0,0.027078209997853264,0.06248666900501121,8.33999365568161e-07,1.8400896806269884e-07,16.048864272001083,440.0,320.0
1000.0,25.0,3.0,0.0,0.0,1.0,195.0,0.025468282008660026,0.056556786003056914,7.47008016332984e-07,1.5200930647552013e-07,16.130896576010855,460.0,320.0
1000.0,25.0,3.0,0.0,0.0,1.0,196.0,0.024489185991114937,0.054000288000679575,1.2189993867650628e-06,1.5700061339884996e-07,16.209393662007642,460.0,320.0
1000.0,25.0,3.0,0.0,0.0,1.0,197.0,0.025535190987284295,0.05679461100953631,8.210045052692294e-07,1.8900027498602867e-07,16.291730445009307,460.0,320.0
1000.0,25.0,3.0,0.0,0.0,1.0,198.0,0.025187541992636397,0.05308454101032112,7.550115697085857e-07,1.860025804489851e-07,16.370009760998073,460.0,320.0
1000.0,25.0,3.0,0.0,0.0,1.0,199.0,0.024788659997284412,0.04963164000946563,8.079950930550694e-07,1.6498961485922337e-07,16.444437302008737,480.0,330.0
1000.0,25.0,3.0,0.0,0.0,1.0,200.0,0.023840398993343115,0.05227755200758111,7.390044629573822e-07,1.6301055438816547e-07,16.520562253004755,480.0,330.0
1000.0,25.0,3.0,0.0,0.0,1.0,201.0,0.026505155008635484,0.05398229099228047,7.519993232563138e-07,1.540029188618064e-07,16.601056856001378,480.0,330.0
1000.0,25.0,3.0,0.0,0.0,1.0,202.0,0.025174731999868527,0.04998718900606036,7.57005182094872e-07,1.7799902707338333e-07,16.6762262530101,490.0,340.0
1000.0,25.0,3.0,0.0,0.0,1.0,203.0,0.024341270996956155,0.048644257010892034,8.700008038431406e-07,1.5299883671104908e-07,16.749219182005618,490.0,340.0
1000.0,25.0,3.0,0.0,0.0,1.0,204.0,0.024914239009376615,0.05561236500216182,8.210045052692294e-07,1.989974407479167e-07,16.829753222002182,490.0,340.0
1000.0,25.0,3.0,0.0,0.0,1.0,205.0,0.02462142799049616,0.06020238299970515,7.47008016332984e-07,1.7099955584853888e-07,16.91458387101011,490.0,360.0
1000.0,25.0,3.0,0.0,0.0,1.0,206.0,0.023591149001731537,0.052906707001966424,8.789938874542713e-07,1.6600824892520905e-07,16.991088865004713,510.0,370.0
1000.0,25.0,3.0,0.0,0.0,1.0,207.0,0.025836176006123424,0.052080843001022004,8.079950930550694e-07,1.6500416677445173e-07,17.069012810010463,510.0,390.0
1000.0,25.0,3.0,0.0,0.0,1.0,208.0,0.02459235601418186,0.06127555499551818,7.24001438356936e-07,1.809967216104269e-07,17.15488765601185,510.0,390.0
1000.0,25.0,3.0,0.0,0.0,1.0,209.0,0.024776669990387745,0.056549335989984684,7.979979272931814e-07,1.6498961485922337e-07,17.236221169005148,510.0,390.0
1000.0,25.0,3.0,0.0,0.0,1.0,210.0,0.025988503999542445,0.058522780003841035,7.860071491450071e-07,1.8900027498602867e-07,17.320739836999564,510.0,390.0
1000.0,25.0,3.0,0.0,0.0,1.0,211.0,0.023667300993110985,0.06223473799764179,8.350034477189183e-07,1.5999830793589354e-07,17.406649217009544,510.0,400.0
1000.0,25.0,3.0,0.0,0.0,1.0,212.0,0.023668437992455438,0.05678923499363009,7.510097930207849e-07,1.5999830793589354e-07,17.487113985000178,510.0,400.0
1000.0,25.0,3.0,0.0,0.0,1.0,213.0,0.02488710499892477,0.05090858900803141,1.0509975254535675e-06,1.9300205167382956e-07,17.56291818000318,510.0,400.0
1000.0,25.0,3.0,0.0,0.0,1.0,214.0,0.02481642500788439,0.04788724600803107,8.500064723193645e-07,1.5700061339884996e-07,17.635629934011376,510.0,400.0
1000.0,25.0,3.0,0.0,0.0,1.0,215.0,0.025329428011900745,0.049893114002770744,8.189963409677148e-07,1.5299883671104908e-07,17.710859536004136,510.0,410.0
1000.0,25.0,3.0,0.0,0.0,1.0,216.0,0.026355719994171523,0.06639136000012513,8.100032573565841e-07,1.7600541468709707e-07,17.80361408200406,510.0,410.0
1000.0,25.0,3.0,0.0,0.0,1.0,217.0,0.025036075996467844,0.050980786996660754,8.610077202320099e-07,2.0301376935094595e-07,17.87963848900108,510.0,410.0
1000.0,25.0,3.0,0.0,0.0,1.0,218.0,0.025763489000382833,0.06040672700328287,8.770002750679851e-07,1.730077201500535e-07,17.965816228010226,530.0,410.0
1000.0,25.0,3.0,0.0,0.0,1.0,219.0,0.02717732300516218,0.057872179997502826,7.950002327561378e-07,1.6100239008665085e-07,18.050873067011707,560.0,420.0
1000.0,25.0,3.0,0.0,0.0,1.0,220.0,0.022987695992924273,0.05918741298955865,7.680064300075173e-07,1.66997779160738e-07,18.133055335012614,560.0,420.0
1000.0,25.0,3.0,0.0,0.0,1.0,221.0,0.02531650199671276,0.06391993700526655,7.859925972297788e-07,1.7500133253633976e-07,18.222299088010914,560.0,430.0
1000.0,25.0,3.0,0.0,0.0,1.0,222.0,0.025589706012397073,0.05173596199892927,7.710041245445609e-07,1.7399725038558245e-07,18.29963262801175,560.0,430.0
1000.0,25.0,3.0,0.0,0.0,1.0,223.0,0.026151031008339487,0.059492768996278755,8.719944162294269e-07,1.7099955584853888e-07,18.385283610012266,560.0,430.0
1000.0,25.0,3.0,0.0,0.0,1.0,224.0,0.025777001996175386,0.05158139899140224,9.720097295939922e-07,1.6301055438816547e-07,18.462650080007734,560.0,440.0
1000.0,25.0,3.0,0.0,0.0,1.0,225.0,0.02457224800309632,0.054790494992630556,1.0129879228770733e-06,2.0999868866056204e-07,18.542020456006867,560.0,440.0
1000.0,25.0,3.0,0.0,0.0,1.0,226.0,0.026628470004652627,0.06293025800550822,9.67003870755434e-07,1.7500133253633976e-07,18.631586659001186,560.0,440.0
1000.0,25.0,3.0,0.0,0.0,1.0,227.0,0.0224557830078993,0.06540925899753347,7.499911589547992e-07,1.540029188618064e-07,18.719458577004843,560.0,440.0
1000.0,25.0,3.0,0.0,0.0,1.0,228.0,0.027549291000468656,0.0492643370089354,8.150091161951423e-07,1.5700061339884996e-07,18.79627928500122,560.0,440.0
1000.0,25.0,3.0,0.0,0.0,1.0,229.0,0.028268526002648287,0.05817830598971341,8.069910109043121e-07,1.5599653124809265e-07,18.882733500009635,560.0,440.0
1000.0,25.0,3.0,0.0,0.0,1.0,230.0,0.022878707997733727,0.04951227200217545,7.929920684546232e-07,1.6500416677445173e-07,18.955131868002354,560.0,440.0
1000.0,25.0,3.0,0.0,0.0,1.0,231.0,0.023573202997795306,0.05716669499815907,9.119976311922073e-07,1.5999830793589354e-07,19.035879249000573,560.0,460.0
1000.0,25.0,3.0,0.0,0.0,1.0,232.0,0.025046291993930936,0.0639438619982684,7.969938451424241e-07,2.0299921743571758e-07,19.12487634101126,560.0,460.0
1000.0,25.0,3.0,0.0,0.0,1.0,233.0,0.025354801007779315,0.05763869699148927,7.530034054070711e-07,1.5800469554960728e-07,19.207877392007504,750.0,470.0
1000.0,25.0,3.0,0.0,0.0,1.0,234.0,0.024188845010939986,0.05286124399572145,8.149945642799139e-07,1.9400613382458687e-07,19.284935798001243,750.0,470.0
1000.0,25.0,3.0,0.0,0.0,1.0,235.0,0.02449317699938547,0.04917329900490586,8.300121407955885e-07,1.809967216104269e-07,19.358609804010484,750.0,470.0
1000.0,25.0,3.0,0.0,0.0,1.0,236.0,0.023968634006450884,0.04942744900472462,8.629867807030678e-07,1.629960024729371e-07,19.432013477009605,750.0,470.0
1000.0,25.0,3.0,0.0,0.0,1.0,237.0,0.025041045009857044,0.048292948995367624,8.659990271553397e-07,1.9300205167382956e-07,19.50535497099918,750.0,480.0
1000.0,25.0,3.0,0.0,0.0,1.0,238.0,0.024011533008888364,0.06439736700849608,7.720082066953182e-07,1.4800752978771925e-07,19.593771219006157,750.0,480.0
1000.0,25.0,3.0,0.0,0.0,1.0,239.0,0.02504060900537297,0.0596832230075961,1.0529911378398538e-06,1.6301055438816547e-07,19.67850269500923,830.0,480.0
1000.0,25.0,3.0,0.0,0.0,1.0,240.0,0.024253260999103077,0.05731849299627356,8.170027285814285e-07,1.619919203221798e-07,19.760082090011565,830.0,490.0
1000.0,25.0,3.0,0.0,0.0,1.0,241.0,0.024458375992253423,0.06146992499998305,8.10992787592113e-07,2.00001522898674e-07,19.846017186006065,860.0,500.0
1000.0,25.0,3.0,0.0,0.0,1.0,242.0,0.023433360998751596,0.06264588401245419,8.200004231184721e-07,1.7600541468709707e-07,19.93210332300805,860.0,500.0
1000.0,25.0,3.0,0.0,0.0,1.0,243.0,0.02577770700736437,0.06621928999084048,8.300121407955885e-07,1.730077201500535e-07,20.024107503006235,860.0,510.0
1000.0,25.0,3.0,0.0,0.0,1.0,244.0,0.02284336199227255,0.062465590992360376,8.959905244410038e-07,1.9199796952307224e-07,20.109450960007962,860.0,530.0
1000.0,25.0,3.0,0.0,0.0,1.0,245.0,0.024587892010458745,0.06551747799676377,8.069910109043121e-07,1.5299883671104908e-07,20.199563786009094,860.0,550.0
1000.0,25.0,3.0,0.0,0.0,1.0,246.0,0.028395178000209853,0.06494071098859422,7.540074875578284e-07,1.6999547369778156e-07,20.292907004011795,860.0,550.0
1000.0,25.0,3.0,0.0,0.0,1.0,247.0,0.024895029011531733,0.05257265199907124,7.960043149068952e-07,1.6599369700998068e-07,20.370381804008503,860.0,560.0
1000.0,25.0,3.0,0.0,0.0,1.0,248.0,0.024867218991857953,0.04975134499545675,7.329945219680667e-07,2.0200968720018864e-07,20.445007550006267,860.0,560.0
1000.0,25.0,3.0,0.0,0.0,1.0,249.0,0.023884586000349373,0.050944323011208326,7.759954314678907e-07,1.720036379992962e-07,20.519843854999635,860.0,570.0
1000.0,25.0,3.0,0.0,0.0,1.0,250.0,0.02475217101164162,0.06650678100413643,8.899951353669167e-07,1.8900027498602867e-07,20.611110951998853,860.0,590.0
1000.0,25.0,3.0,0.0,0.0,1.0,251.0,0.023605930007761344,0.049179348003235646,7.6700234785676e-07,1.7198908608406782e-07,20.6839029360126,870.0,600.0
1000.0,25.0,3.0,0.0,0.0,1.0,252.0,0.0252958769997349,0.06289283400110435,6.899936124682426e-07,1.5601108316332102e-07,20.77209821200813,870.0,610.0
1000.0,25.0,3.0,0.0,0.0,1.0,253.0,0.02687655799672939,0.05240493599558249,1.0039948392659426e-06,1.939915819093585e-07,20.85138726400328,870.0,640.0
1000.0,25.0,3.0,0.0,0.0,1.0,254.0,0.023076893005054444,0.05395585100632161,1.0569929145276546e-06,1.579901436343789e-07,20.92842739900516,870.0,650.0
1000.0,25.0,3.0,0.0,0.0,1.0,255.0,0.02226790098939091,0.056463561006239615,8.810020517557859e-07,1.9300205167382956e-07,21.007165661998442,870.0,660.0
1000.0,25.0,3.0,0.0,0.0,1.0,256.0,0.025050151991308667,0.0536607000103686,8.060014806687832e-07,1.9300205167382956e-07,21.085883873005514,890.0,670.0
1000.0,25.0,3.0,0.0,0.0,1.0,257.0,0.0231957960058935,0.04816534600104205,8.630013326182961e-07,1.6301055438816547e-07,21.15725216100691,890.0,670.0
1000.0,25.0,3.0,0.0,0.0,1.0,258.0,0.024251861992524937,0.0488233859941829,8.120114216580987e-07,1.579901436343789e-07,21.23033484700136,890.0,680.0
1000.0,25.0,3.0,0.0,0.0,1.0,259.0,0.026734009996289387,0.05772216300829314,7.990020094439387e-07,1.66997779160738e-07,21.314797933999216,890.0,680.0
1000.0,25.0,3.0,0.0,0.0,1.0,260.0,0.0243806929938728,0.06120650400407612,8.429924491792917e-07,1.6999547369778156e-07,21.40039212501142,890.0,700.0
1000.0,25.0,3.0,0.0,0.0,1.0,261.0,0.0237992950133048,0.04909189199679531,7.700000423938036e-07,1.5700061339884996e-07,21.473290908004856,890.0,700.0
1000.0,25.0,3.0,0.0,0.0,1.0,262.0,0.024623666002298705,0.05254698800854385,7.959897629916668e-07,1.8200080376118422e-07,21.550468620000174,890.0,710.0
1000.0,25.0,3.0,0.0,0.0,1.0,263.0,0.026828636007849127,0.06064799698651768,6.969930836930871e-07,1.370062818750739e-07,21.637952055010828,890.0,710.0
1000.0,25.0,3.0,0.0,0.0,1.0,264.0,0.025294387000030838,0.06593516300199553,8.099887054413557e-07,1.6100239008665085e-07,21.729188149998663,890.0,710.0
1000.0,25.0,3.0,0.0,0.0,1.0,265.0,0.022759198007406667,0.054593608001596294,7.469934644177556e-07,1.7099955584853888e-07,21.806547551008407,890.0,710.0
1000.0,25.0,3.0,0.0,0.0,1.0,266.0,0.024569083005189896,0.06217534199822694,8.460046956315637e-07,1.920125214383006e-07,21.893299218005268,890.0,720.0
1000.0,25.0,3.0,0.0,0.0,1.0,267.0,0.0249594100023387,0.05079489199852105,7.979979272931814e-07,1.7299316823482513e-07,21.969060696006636,890.0,720.0
1000.0,25.0,3.0,0.0,0.0,1.0,268.0,0.024326989994733594,0.050416431986377575,7.90998456068337e-07,1.8300488591194153e-07,22.04381123901112,890.0,720.0
1000.0,25.0,3.0,0.0,0.0,1.0,269.0,0.02271256000676658,0.06614607200026512,7.600028766319156e-07,1.720036379992962e-07,22.13267705999897,890.0,720.0
1000.0,25.0,3.0,0.0,0.0,1.0,270.0,0.024850722009432502,0.06270977600070182,7.539929356426001e-07,1.849984982982278e-07,22.220244948010077,890.0,750.0
1000.0,25.0,3.0,0.0,0.0,1.0,271.0,0.024878443000488915,0.06332538000424393,7.269991328939795e-07,1.5999830793589354e-07,22.30845541700546,890.0,750.0
1000.0,25.0,3.0,0.0,0.0,1.0,272.0,0.026243191998219118,0.06120843000826426,7.740018190816045e-07,1.579901436343789e-07,22.39591424500395,890.0,750.0
1000.0,25.0,3.0,0.0,0.0,1.0,273.0,0.02520652100793086,0.053800577006768435,7.850030669942498e-07,1.5099067240953445e-07,22.474928485011333,890.0,750.0
1000.0,25.0,3.0,0.0,0.0,1.0,274.0,0.023965169006260112,0.06498935200215783,1.0530056897550821e-06,1.66997779160738e-07,22.563890589008224,890.0,750.0
1000.0,25.0,3.0,0.0,0.0,1.0,275.0,0.028449705001548864,0.050525143000413664,8.749921107664704e-07,1.6400008462369442e-07,22.642872587006423,890.0,750.0
1000.0,25.0,3.0,0.0,0.0,1.0,276.0,0.023810761005734093,0.06314842899155337,9.90999978967011e-07,1.66997779160738e-07,22.72983943100553,890.0,760.0
1000.0,25.0,3.0,0.0,0.0,1.0,277.0,0.026891834000707604,0.05086428500362672,7.719936547800899e-07,1.6999547369778156e-07,22.807602740009315,890.0,760.0
1000.0,25.0,3.0,0.0,0.0,1.0,278.0,0.025494617002550513,0.054633305000606924,7.740018190816045e-07,1.9000435713678598e-07,22.88773839600617,890.0,760.0
1000.0,25.0,3.0,0.0,0.0,1.0,279.0,0.026166367999394424,0.06505818699952215,7.950002327561378e-07,1.5999830793589354e-07,22.9789700560068,890.0,760.0
1000.0,25.0,3.0,0.0,0.0,1.0,280.0,0.024042249991907738,0.055545285998960026,8.100032573565841e-07,1.7699494492262602e-07,23.058565187006025,890.0,760.0
1000.0,25.0,3.0,0.0,0.0,1.0,281.0,0.0241214459965704,0.051484884999808855,7.650087354704738e-07,1.7099955584853888e-07,23.13418050900509,890.0,760.0
1000.0,25.0,3.0,0.0,0.0,1.0,282.0,0.025168326013954356,0.054049453989136964,8.57005943544209e-07,1.5800469554960728e-07,23.213405324000632,890.0,760.0
1000.0,25.0,3.0,0.0,0.0,1.0,283.0,0.026437150008860044,0.06487364300119225,8.00995621830225e-07,2.040032995864749e-07,23.30472316899977,890.0,770.0
1000.0,25.0,3.0,0.0,0.0,1.0,284.0,0.024379053997108713,0.06434388899651822,7.579947123304009e-07,2.0200968720018864e-07,23.39345322700683,890.0,770.0
1000.0,25.0,3.0,0.0,0.0,1.0,285.0,0.0266359709930839,0.050180910009657964,9.580107871443033e-07,1.680018613114953e-07,23.470277107000584,890.0,770.0
1000.0,25.0,3.0,0.0,0.0,1.0,286.0,0.024495206991559826,0.06243592398823239,9.77990566752851e-07,1.4500983525067568e-07,23.55721542800893,890.0,770.0
1000.0,25.0,3.0,0.0,0.0,1.0,287.0,0.026352564003900625,0.06571171100949869,8.460046956315637e-07,1.4599936548620462e-07,23.649286166008096,890.0,770.0
1000.0,25.0,3.0,0.0,0.0,1.0,288.0,0.027119955004309304,0.06298106200119946,9.189971024170518e-07,1.66997779160738e-07,23.73939404900011,890.0,770.0
1000.0,25.0,3.0,0.0,0.0,1.0,289.0,0.023902472996269353,0.0638140039955033,8.079950930550694e-07,1.66997779160738e-07,23.82711762400868,890.0,770.0
1000.0,25.0,3.0,0.0,0.0,1.0,290.0,0.023297351988730952,0.06385532599233557,8.630013326182961e-07,1.680018613114953e-07,23.914277315998334,890.0,770.0
1000.0,25.0,3.0,0.0,0.0,1.0,291.0,0.024131147991283797,0.06280831900949124,9.149953257292509e-07,1.6498961485922337e-07,24.001224514999194,890.0,770.0
1000.0,25.0,3.0,0.0,0.0,1.0,292.0,0.026411448998260312,0.060569182998733595,8.770002750679851e-07,1.6498961485922337e-07,24.088212372007547,890.0,770.0
1000.0,25.0,3.0,0.0,0.0,1.0,293.0,0.024142768001183867,0.06049318800796755,7.869966793805361e-07,1.6400008462369442e-07,24.172855759999948,890.0,770.0
1000.0,25.0,3.0,0.0,0.0,1.0,294.0,0.023627991002285853,0.06415836600353941,8.310016710311174e-07,1.5800469554960728e-07,24.260649340998498,890.0,770.0
1000.0,25.0,3.0,0.0,0.0,1.0,295.0,0.024762588989688084,0.06411617901176214,7.759954314678907e-07,1.6200647223740816e-07,24.349535439003375,890.0,780.0
1000.0,25.0,3.0,0.0,0.0,1.0,296.0,0.02549689200532157,0.06365143400034867,8.969946065917611e-07,1.7099955584853888e-07,24.438691396004288,900.0,780.0
1000.0,25.0,3.0,0.0,0.0,1.0,297.0,0.02438910200726241,0.05982863699318841,8.359929779544473e-07,1.960142981261015e-07,24.522916749003343,900.0,780.0
1000.0,25.0,3.0,0.0,0.0,1.0,298.0,0.0256215729896212,0.0622848590137437,7.869966793805361e-07,1.6999547369778156e-07,24.61083037100616,900.0,780.0
1000.0,25.0,3.0,0.0,0.0,1.0,299.0,0.025846520002232864,0.05456162900372874,7.509952411055565e-07,1.7500133253633976e-07,24.691245724010514,900.0,780.0
1000.0,25.0,3.0,0.0,0.0,1.0,300.0,0.025322722998680547,0.06048944599751849,7.77989043854177e-07,1.6999547369778156e-07,24.777065262009273,900.0,780.0
1000.0,25.0,3.0,0.0,0.0,1.0,301.0,0.02577961899805814,0.06023342099797446,9.390059858560562e-07,1.9499566406011581e-07,24.86308564300998,900.0,780.0
1000.0,25.0,3.0,0.0,0.0,1.0,302.0,0.024621367992949672,0.05704254399461206,7.8001176007092e-07,1.730077201500535e-07,24.944756862998474,900.0,780.0
1000.0,25.0,3.0,0.0,0.0,1.0,303.0,0.02738078500260599,0.06204830500064418,8.119968697428703e-07,1.66997779160738e-07,25.034193211002275,900.0,790.0
1000.0,25.0,3.0,0.0,0.0,1.0,304.0,0.023168613988673314,0.052296458001364954,8.019997039809823e-07,1.9599974621087313e-07,25.10966521600494,900.0,790.0
1000.0,25.0,3.0,0.0,0.0,1.0,305.0,0.02503168399562128,0.06759324000449851,8.269998943433166e-07,1.6400008462369442e-07,25.202297121009906,900.0,790.0
1000.0,25.0,3.0,0.0,0.0,1.0,306.0,0.026333418005378917,0.06462249900505412,7.669877959415317e-07,1.5199475456029177e-07,25.29326037201099,900.0,790.0
1000.0,25.0,3.0,0.0,0.0,1.0,307.0,0.02541817100427579,0.06625177300884388,8.229981176555157e-07,1.5800469554960728e-07,25.384937417999026,900.0,790.0
1000.0,25.0,3.0,0.0,0.0,1.0,308.0,0.024352122010895982,0.06635616499988828,8.290080586448312e-07,1.5999830793589354e-07,25.47565287000907,900.0,790.0
1000.0,25.0,3.0,0.0,0.0,1.0,309.0,0.02661569199699443,0.05330171399691608,6.959890015423298e-07,2.00001522898674e-07,25.555577300998266,900.0,790.0
1000.0,25.0,3.0,0.0,0.0,1.0,310.0,0.026497753002331592,0.06396241899346933,9.450013749301434e-07,1.629960024729371e-07,25.64604558100109,900.0,790.0
1000.0,25.0,3.0,0.0,0.0,1.0,311.0,0.02474947700102348,0.06353677000151947,7.639901014044881e-07,1.500011421740055e-07,25.73433866300911,900.0,790.0
1000.0,25.0,3.0,0.0,0.0,1.0,312.0,0.02402500501193572,0.061663037005928345,7.260096026584506e-07,1.6400008462369442e-07,25.82003350800369,900.0,790.0
1000.0,25.0,3.0,0.0,0.0,1.0,313.0,0.024884760001441464,0.06082682700071018,8.550123311579227e-07,1.6498961485922337e-07,25.90575253100542,900.0,800.0
1000.0,25.0,3.0,0.0,0.0,1.0,314.0,0.022413033002521843,0.05062995899061207,1.191001501865685e-06,1.8799619283527136e-07,25.978803575009806,900.0,790.0
1000.0,25.0,3.0,0.0,0.0,1.0,315.0,0.02441341600206215,0.06579167699965183,8.310016710311174e-07,1.870066625997424e-07,26.069015847009723,900.0,790.0
1000.0,25.0,3.0,0.0,0.0,1.0,316.0,0.02490836200013291,0.065316056003212,7.869966793805361e-07,1.4199758879840374e-07,26.159247594012413,900.0,790.0
1000.0,25.0,3.0,0.0,0.0,1.0,317.0,0.027453429996967316,0.06251188099849969,8.409988367930055e-07,1.6400008462369442e-07,26.249220270008664,900.0,790.0
1000.0,25.0,3.0,0.0,0.0,1.0,318.0,0.025516712994431145,0.05207252500986215,8.429924491792917e-07,1.9300205167382956e-07,26.326816802000394,900.0,800.0
1000.0,25.0,3.0,0.0,0.0,1.0,319.0,0.026940561991068535,0.0581110739876749,8.719944162294269e-07,1.7099955584853888e-07,26.41187632799847,900.0,800.0
1000.0,25.0,3.0,0.0,0.0,1.0,320.0,0.0256651649979176,0.06363769598829094,8.460046956315637e-07,1.8101127352565527e-07,26.50118682500033,900.0,800.0
1000.0,25.0,3.0,0.0,0.0,1.0,321.0,0.026835427997866645,0.06598030199529603,1.0529911378398538e-06,1.799926394596696e-07,26.59401003899984,900.0,800.0
1000.0,25.0,3.0,0.0,0.0,1.0,322.0,0.02520966100564692,0.053008850998594426,8.850038284435868e-07,1.9199796952307224e-07,26.67223591200309,900.0,800.0
1000.0,25.0,3.0,0.0,0.0,1.0,323.0,0.024818033998599276,0.06583695000153966,8.450006134808064e-07,1.8200080376118422e-07,26.762898140004836,900.0,800.0
1000.0,25.0,3.0,0.0,0.0,1.0,324.0,0.027163090999238193,0.0654318860033527,8.490023901686072e-07,1.9499566406011581e-07,26.855500460005715,900.0,810.0
1000.0,25.0,3.0,0.0,0.0,1.0,325.0,0.025368360002175905,0.05223259799822699,8.430070010945201e-07,1.6798730939626694e-07,26.9331090550113,900.0,810.0
1000.0,25.0,3.0,0.0,0.0,1.0,326.0,0.025784896992263384,0.06361580299562775,8.200004231184721e-07,1.6999547369778156e-07,27.022517641002196,900.0,810.0
1000.0,25.0,3.0,0.0,0.0,1.0,327.0,0.0265976039954694,0.060106163000455126,8.939969120547175e-07,1.5899422578513622e-07,27.10922815000231,900.0,810.0
1000.0,25.0,3.0,0.0,0.0,1.0,328.0,0.024310837005032226,0.052808462001848966,9.729992598295212e-07,1.8200080376118422e-07,27.186354637000477,900.0,810.0
1000.0,25.0,3.0,0.0,0.0,1.0,329.0,0.02402912499383092,0.058429807002539746,8.880015229806304e-07,1.9499566406011581e-07,27.268821139005013,900.0,810.0
1000.0,25.0,3.0,0.0,0.0,1.0,330.0,0.025293169004726224,0.051635378011269495,8.10992787592113e-07,1.7198908608406782e-07,27.345756737006013,900.0,810.0
1000.0,25.0,3.0,0.0,0.0,1.0,331.0,0.023365577988442965,0.05627861600078177,7.449998520314693e-07,1.6900594346225262e-07,27.42540793400258,900.0,810.0
1000.0,25.0,3.0,0.0,0.0,1.0,332.0,0.025208385006408207,0.06120045599527657,1.0429939720779657e-06,1.66997779160738e-07,27.511824699002318,900.0,810.0
1000.0,25.0,3.0,0.0,0.0,1.0,333.0,0.02408047000062652,0.06502866599475965,7.710041245445609e-07,1.8900027498602867e-07,27.600940824006102,910.0,810.0
1000.0,25.0,3.0,0.0,0.0,1.0,334.0,0.023822885006666183,0.05747558199800551,7.750059012323618e-07,1.629960024729371e-07,27.682246579002822,910.0,810.0
1000.0,25.0,3.0,0.0,0.0,1.0,335.0,0.025606303999666125,0.04861005299608223,7.789931260049343e-07,1.849984982982278e-07,27.756470058011473,930.0,810.0
1000.0,25.0,3.0,0.0,0.0,1.0,336.0,0.024068917002296075,0.05859699299617205,7.620110409334302e-07,1.489970600232482e-07,27.839143208009773,930.0,810.0
1000.0,25.0,3.0,0.0,0.0,1.0,337.0,0.025952380994567648,0.0603636519954307,8.720089681446552e-07,1.7600541468709707e-07,27.92546711199975,930.0,820.0
1000.0,25.0,3.0,0.0,0.0,1.0,338.0,0.024573533999500796,0.06182596200960688,8.289935067296028e-07,1.66997779160738e-07,28.01187402200594,930.0,820.0
1000.0,25.0,3.0,0.0,0.0,1.0,339.0,0.0285971800039988,0.06400210999709088,6.880000000819564e-07,1.5700061339884996e-07,28.104480444002547,930.0,820.0
1000.0,25.0,3.0,0.0,0.0,1.0,340.0,0.0292813239939278,0.06962074700277299,9.490031516179442e-07,1.5299883671104908e-07,28.203389756003162,930.0,820.0
1000.0,25.0,3.0,0.0,0.0,1.0,341.0,0.03335375999449752,0.06506637699203566,7.640046533197165e-07,1.6200647223740816e-07,28.301816655002767,930.0,820.0
1000.0,25.0,3.0,0.0,0.0,1.0,342.0,0.030722288007382303,0.09394878199964296,1.0760122677311301e-06,3.0700175557285547e-07,28.426496911008144,930.0,820.0
1000.0,25.0,3.0,0.0,0.0,1.0,343.0,0.04670018400065601,0.08190077399194706,6.43995008431375e-07,1.320004230365157e-07,28.555106686006184,930.0,820.0
1000.0,25.0,3.0,0.0,0.0,1.0,344.0,0.027654096003971063,0.05742773899692111,7.299968274310231e-07,1.7099955584853888e-07,28.640195176005363,930.0,820.0
1000.0,25.0,3.0,0.0,0.0,1.0,345.0,0.02447650200338103,0.049397494993172586,8.159986464306712e-07,1.6400008462369442e-07,28.714075957002933,930.0,830.0
1000.0,25.0,3.0,0.0,0.0,1.0,346.0,0.02441162600007374,0.05569959999411367,1.0139920050278306e-06,1.550070010125637e-07,28.794194760004757,930.0,830.0
1000.0,25.0,3.0,0.0,0.0,1.0,347.0,0.025739074000739492,0.05881831700389739,6.780028343200684e-07,1.6599369700998068e-07,28.87875908400747,930.0,830.0
1000.0,25.0,3.0,0.0,0.0,1.0,348.0,0.02661521200207062,0.06191471700731199,9.179930202662945e-07,1.7399725038558245e-07,28.967296187009197,930.0,830.0
1000.0,25.0,3.0,0.0,0.0,1.0,349.0,0.024461371009238064,0.06500103700091131,7.709895726293325e-07,1.449952833354473e-07,29.05676555100945,950.0,840.0
1000.0,25.0,3.0,0.0,0.0,1.0,350.0,0.025304277005488984,0.05011682800250128,7.269991328939795e-07,1.7198908608406782e-07,29.132193780009402,950.0,840.0
1000.0,25.0,3.0,0.0,0.0,1.0,351.0,0.02405100699979812,0.05673059499531519,1.1469965102151036e-06,1.8399441614747047e-07,29.21298321300128,950.0,840.0
1000.0,25.0,3.0,0.0,0.0,1.0,352.0,0.02540289401076734,0.06180450400279369,8.560018613934517e-07,1.600128598511219e-07,29.300197741002194,950.0,840.0
1000.0,25.0,3.0,0.0,0.0,1.0,353.0,0.023430350003764033,0.06111787100962829,8.040078682824969e-07,1.7198908608406782e-07,29.384753343008924,950.0,840.0
1000.0,25.0,3.0,0.0,0.0,1.0,354.0,0.02247918200737331,0.06244229999720119,7.830094546079636e-07,1.730077201500535e-07,29.469682056005695,950.0,840.0
1000.0,25.0,3.0,0.0,0.0,1.0,355.0,0.02527937400736846,0.0524101269984385,8.069910109043121e-07,1.8101127352565527e-07,29.547378887000377,950.0,840.0
1000.0,25.0,3.0,0.0,0.0,1.0,356.0,0.02642492001177743,0.05165679998754058,8.150091161951423e-07,1.680018613114953e-07,29.625467964011477,950.0,850.0
1000.0,25.0,3.0,0.0,0.0,1.0,357.0,0.026254388998495415,0.061922380002215505,1.0989897418767214e-06,1.5899422578513622e-07,29.713652361999266,950.0,840.0
1000.0,25.0,3.0,0.0,0.0,1.0,358.0,0.024461189008434303,0.06247963401256129,7.550115697085857e-07,1.8799619283527136e-07,29.800600123009644,950.0,840.0
1000.0,25.0,3.0,0.0,0.0,1.0,359.0,0.024586439991253428,0.05304354100371711,8.00006091594696e-07,1.9501021597534418e-07,29.878236711010686,950.0,850.0
1000.0,25.0,3.0,0.0,0.0,1.0,360.0,0.025076225007069297,0.06189193901082035,7.579947123304009e-07,1.6100239008665085e-07,29.96521210600622,950.0,850.0
1000.0,25.0,3.0,0.0,0.0,1.0,361.0,0.024395972999627702,0.06250410499342252,8.260103641077876e-07,1.9800791051238775e-07,30.05211905601027,950.0,850.0
1000.0,25.0,3.0,0.0,0.0,1.0,362.0,0.023940283004776575,0.05959938099840656,7.899943739175797e-07,1.6999547369778156e-07,30.135688427006244,980.0,850.0
1000.0,25.0,3.0,0.0,0.0,1.0,363.0,0.0251578379975399,0.05945860799693037,8.43996531330049e-07,1.7299316823482513e-07,30.22031245600374,980.0,850.0
1000.0,25.0,3.0,0.0,0.0,1.0,364.0,0.02534870100498665,0.06313018000219017,7.90008925832808e-07,1.540029188618064e-07,30.308798530008062,980.0,850.0
1000.0,25.0,3.0,0.0,0.0,1.0,365.0,0.024670578000950627,0.049887489003594965,8.149945642799139e-07,1.5199475456029177e-07,30.383364170003915,980.0,850.0
1000.0,25.0,3.0,0.0,0.0,1.0,366.0,0.02415388800727669,0.05348401400260627,1.0390067473053932e-06,1.8198625184595585e-07,30.461009525010013,980.0,850.0
1000.0,25.0,3.0,0.0,0.0,1.0,367.0,0.024337818002095446,0.05961136800760869,8.200004231184721e-07,1.629960024729371e-07,30.5449660459999,980.0,860.0
1000.0,25.0,3.0,0.0,0.0,1.0,368.0,0.02782402400043793,0.06541516300057992,7.019989425316453e-07,1.3998942449688911e-07,30.638212192003266,980.0,860.0
1000.0,25.0,3.0,0.0,0.0,1.0,369.0,0.027293302002362907,0.06177215900970623,8.390052244067192e-07,1.4500983525067568e-07,30.727284464010154,980.0,860.0
1000.0,25.0,3.0,0.0,0.0,1.0,370.0,0.028319556993665174,0.0528803110064473,8.33999365568161e-07,1.6999547369778156e-07,30.808491528005106,980.0,860.0
1000.0,25.0,3.0,0.0,0.0,1.0,371.0,0.0275686980021419,0.05716480000410229,8.689967216923833e-07,1.680018613114953e-07,30.893232672009617,980.0,860.0
1000.0,25.0,3.0,0.0,0.0,1.0,372.0,0.025279031993704848,0.06119197400403209,7.939961506053805e-07,1.6899139154702425e-07,30.979711160005536,980.0,860.0
1000.0,25.0,3.0,0.0,0.0,1.0,373.0,0.026665832003345713,0.05614947300637141,8.029892342165112e-07,1.910084392875433e-07,31.062534114011214,980.0,860.0
1000.0,25.0,3.0,0.0,0.0,1.0,374.0,0.023958856996614486,0.06688350200420246,8.420029189437628e-07,1.66997779160738e-07,31.153383857003064,980.0,870.0
1000.0,25.0,3.0,0.0,0.0,1.0,375.0,0.026166626004851423,0.05967921200499404,7.869966793805361e-07,1.6900594346225262e-07,31.239236931010964,980.0,870.0
1000.0,25.0,3.0,0.0,0.0,1.0,376.0,0.02676403800433036,0.055287295996095054,7.890048436820507e-07,1.6999547369778156e-07,31.321295537010883,980.0,870.0
1000.0,25.0,3.0,0.0,0.0,1.0,377.0,0.02513690099294763,0.06691793199570384,7.600028766319156e-07,1.6500416677445173e-07,31.41335740601062,1000.0,870.0
1000.0,25.0,3.0,0.0,0.0,1.0,378.0,0.02533252899593208,0.06262261299707461,7.759954314678907e-07,1.6098783817142248e-07,31.50131954799872,1000.0,870.0
1000.0,25.0,3.0,0.0,0.0,1.0,379.0,0.025121700004092418,0.06195529500837438,8.280039764940739e-07,1.6400008462369442e-07,31.58840387800592,1010.0,880.0
1000.0,25.0,3.0,0.0,0.0,1.0,380.0,0.025972903007641435,0.06659131099877413,8.269998943433166e-07,2.0100560504943132e-07,31.680975820010644,1010.0,880.0
1000.0,25.0,3.0,0.0,0.0,1.0,381.0,0.025461764991632663,0.059177746006753296,8.67003109306097e-07,1.7500133253633976e-07,31.76562284800457,1010.0,880.0
1000.0,25.0,3.0,0.0,0.0,1.0,382.0,0.024808023998048156,0.06269656200311147,8.079950930550694e-07,1.9698927644640207e-07,31.853134578006575,1010.0,890.0
1000.0,25.0,3.0,0.0,0.0,1.0,383.0,0.025655445992015302,0.06343130799359642,8.899951353669167e-07,1.6999547369778156e-07,31.942228872998385,1010.0,890.0
1000.0,25.0,3.0,0.0,0.0,1.0,384.0,0.028403477001120336,0.052033756001037546,8.850038284435868e-07,1.6900594346225262e-07,32.02267336400109,1010.0,890.0
1000.0,25.0,3.0,0.0,0.0,1.0,385.0,0.02566336700692773,0.0617674089880893,8.369970601052046e-07,1.7001002561300993e-07,32.110111826012144,1010.0,890.0
1000.0,25.0,3.0,0.0,0.0,1.0,386.0,0.025220963987521827,0.064641805991414,7.940107025206089e-07,1.6200647223740816e-07,32.199982183999964,1010.0,900.0
1000.0,25.0,3.0,0.0,0.0,1.0,387.0,0.025922173997969367,0.0655618559976574,7.930066203698516e-07,1.730077201500535e-07,32.29147370500141,1010.0,900.0
1000.0,25.0,3.0,0.0,0.0,1.0,388.0,0.024028118001297116,0.06277753200265579,8.00006091594696e-07,1.6599369700998068e-07,32.3782867359987,1010.0,900.0
1000.0,25.0,3.0,0.0,0.0,1.0,389.0,0.024063675999059342,0.06369159198948182,8.700008038431406e-07,1.8200080376118422e-07,32.46604915401258,1010.0,900.0
1000.0,25.0,3.0,0.0,0.0,1.0,390.0,0.026229890005197376,0.057274559992947616,8.57995473779738e-07,1.9099388737231493e-07,32.54956049199973,1010.0,900.0
1000.0,25.0,3.0,0.0,0.0,1.0,391.0,0.030994158005341887,0.0649723070091568,9.609939297661185e-07,1.8400896806269884e-07,32.6455344640126,1010.0,900.0
1000.0,25.0,3.0,0.0,0.0,1.0,392.0,0.027738385993870907,0.06668065099802334,8.060014806687832e-07,1.6400008462369442e-07,32.7399609790009,1010.0,900.0
1000.0,25.0,3.0,0.0,0.0,1.0,393.0,0.02416560400160961,0.052717058002599515,7.790076779201627e-07,2.0299921743571758e-07,32.81685072000255,1010.0,900.0
1000.0,25.0,3.0,0.0,0.0,1.0,394.0,0.025072788004763424,0.06585666000319179,8.920032996684313e-07,1.7099955584853888e-07,32.90778763600974,1050.0,900.0
1000.0,25.0,3.0,0.0,0.0,1.0,395.0,0.027186815001186915,0.0525842740025837,7.519993232563138e-07,1.6498961485922337e-07,32.98756581899943,1050.0,910.0
1000.0,25.0,3.0,0.0,0.0,1.0,396.0,0.024136663996614516,0.06205138699442614,8.189963409677148e-07,1.929874997586012e-07,33.07376115000807,1050.0,910.0
1000.0,25.0,3.0,0.0,0.0,1.0,397.0,0.02694551799504552,0.05859757500002161,7.380003808066249e-07,1.420121407136321e-07,33.15931111300597,1050.0,910.0
1000.0,25.0,3.0,0.0,0.0,1.0,398.0,0.02621092200570274,0.056854704991565086,8.119968697428703e-07,1.5599653124809265e-07,33.242383673001314,1050.0,910.0
1000.0,25.0,3.0,0.0,0.0,1.0,399.0,0.02539107299526222,0.06628547199943569,8.970091585069895e-07,1.9599974621087313e-07,33.334067408010014,1050.0,920.0
1000.0,25.0,3.0,0.0,0.0,1.0,400.0,0.02368732499598991,0.0511383599950932,8.649949450045824e-07,1.540029188618064e-07,33.408900249007274,1050.0,920.0
1000.0,25.0,3.0,0.0,0.0,1.0,401.0,0.023173610999947414,0.054922349998378195,8.409988367930055e-07,1.7900310922414064e-07,33.48700326299877,1050.0,920.0
1000.0,25.0,3.0,0.0,0.0,1.0,402.0,0.024977884997497313,0.06404538800416049,7.90008925832808e-07,1.6999547369778156e-07,33.57603370799916,1050.0,920.0
1000.0,25.0,3.0,0.0,0.0,1.0,403.0,0.027526133999344893,0.05192037299275398,7.799972081556916e-07,1.7099955584853888e-07,33.6554878950119,1050.0,930.0
1000.0,25.0,3.0,0.0,0.0,1.0,404.0,0.02541393799765501,0.06370357099513058,8.139904821291566e-07,1.7099955584853888e-07,33.74461295500805,1050.0,930.0
1000.0,25.0,3.0,0.0,0.0,1.0,405.0,0.026602491998346522,0.06446027899801265,8.14005034044385e-07,1.9300205167382956e-07,33.83568317700701,1050.0,940.0
1000.0,25.0,3.0,0.0,0.0,1.0,406.0,0.025978015997679904,0.06312579500081483,7.950002327561378e-07,1.7399725038558245e-07,33.924794758000644,1050.0,940.0
1000.0,25.0,3.0,0.0,0.0,1.0,407.0,0.024389648999203928,0.06689159601228312,8.089991752058268e-07,1.680018613114953e-07,34.01608300099906,1050.0,940.0
1000.0,25.0,3.0,0.0,0.0,1.0,408.0,0.02561481299926527,0.05199909600196406,1.0880030458793044e-06,1.5899422578513622e-07,34.09370445400418,1050.0,950.0
1000.0,25.0,3.0,0.0,0.0,1.0,409.0,0.027001684997230768,0.06510849499318283,7.619964890182018e-07,1.7401180230081081e-07,34.18582165600674,1050.0,950.0
1000.0,25.0,3.0,0.0,0.0,1.0,410.0,0.02584093899349682,0.0666036259935936,8.440110832452774e-07,1.680018613114953e-07,34.27827320600045,1050.0,950.0
1000.0,25.0,3.0,0.0,0.0,1.0,411.0,0.027220200005103834,0.04974360499181785,8.460046956315637e-07,1.870066625997424e-07,34.355244561011204,1050.0,950.0
1000.0,25.0,3.0,0.0,0.0,1.0,412.0,0.026223862994811498,0.06438148800225463,8.290080586448312e-07,1.619919203221798e-07,34.445857655999134,1050.0,950.0
1000.0,25.0,3.0,0.0,0.0,1.0,413.0,0.026834837000933476,0.0625975230068434,8.350034477189183e-07,1.7001002561300993e-07,34.535297790003824,1050.0,950.0
1000.0,25.0,3.0,0.0,0.0,1.0,414.0,0.02482634699845221,0.06751034100307152,7.280032150447369e-07,1.5100522432476282e-07,34.627641660001245,1050.0,950.0
1000.0,25.0,3.0,0.0,0.0,1.0,415.0,0.026229237992083654,0.056494510994525626,7.33998604118824e-07,1.6400008462369442e-07,34.71037215201068,1050.0,960.0
1000.0,25.0,3.0,0.0,0.0,1.0,416.0,0.026203695000731386,0.06358512400765903,7.809867383912206e-07,1.5199475456029177e-07,34.80016811800306,1050.0,960.0
1000.0,25.0,3.0,0.0,0.0,1.0,417.0,0.025272065002354793,0.049406733000068925,8.419883670285344e-07,1.66997779160738e-07,34.874854560999665,1060.0,960.0
1000.0,25.0,3.0,0.0,0.0,1.0,418.0,0.024649308004882187,0.05003355399821885,7.930066203698516e-07,1.759908627718687e-07,34.94954460101144,1060.0,960.0
1000.0,25.0,3.0,0.0,0.0,1.0,419.0,0.025285668001743034,0.04884856101125479,8.219940355047584e-07,1.860025804489851e-07,35.02368616100284,1060.0,960.0
1000.0,25.0,3.0,0.0,0.0,1.0,420.0,0.027342490997398272,0.06073715900129173,1.0020012268796563e-06,1.66997779160738e-07,35.11177339500864,1060.0,960.0
1000.0,25.0,3.0,0.0,0.0,1.0,421.0,0.022326186997815967,0.06608484899334144,8.210045052692294e-07,1.5899422578513622e-07,35.20019165400299,1060.0,970.0
1000.0,25.0,3.0,0.0,0.0,1.0,422.0,0.02411159400071483,0.062309514003572986,7.819908205419779e-07,1.8998980522155762e-07,35.28662018300383,1060.0,970.0
1000.0,25.0,3.0,0.0,0.0,1.0,423.0,0.024267460001283325,0.049783545997343026,8.049973985180259e-07,1.6500416677445173e-07,35.360678258002736,1060.0,970.0
1000.0,25.0,3.0,0.0,0.0,1.0,424.0,0.024946286997874267,0.0628390700003365,8.710048859938979e-07,1.6100239008665085e-07,35.448471385010635,1060.0,970.0
1000.0,25.0,3.0,0.0,0.0,1.0,425.0,0.023589431002619676,0.06341455099754967,7.43995769880712e-07,1.8399441614747047e-07,35.53548238800431,1060.0,970.0
1000.0,25.0,3.0,0.0,0.0,1.0,426.0,0.02317728199705016,0.05476021200593095,7.57005182094872e-07,1.8101127352565527e-07,35.6134272240015,1060.0,970.0
1000.0,25.0,3.0,0.0,0.0,1.0,427.0,0.024958683003205806,0.057666460998007096,7.740018190816045e-07,1.7500133253633976e-07,35.69605930300895,1060.0,980.0
1000.0,25.0,3.0,0.0,0.0,1.0,428.0,0.02365155798906926,0.06321848600055091,7.57005182094872e-07,1.7099955584853888e-07,35.78293661600037,1060.0,980.0
1000.0,25.0,3.0,0.0,0.0,1.0,429.0,0.024310399006935768,0.06402737500320654,7.639901014044881e-07,1.4799297787249088e-07,35.871281754007214,1060.0,980.0
1000.0,25.0,3.0,0.0,0.0,1.0,430.0,0.024454924001474865,0.05381709599168971,7.569906301796436e-07,1.7099955584853888e-07,35.94956101800199,1060.0,980.0
1000.0,25.0,3.0,0.0,0.0,1.0,431.0,0.024823083993396722,0.05178605300898198,8.030037861317396e-07,1.5999830793589354e-07,36.02617708100297,1060.0,980.0
1000.0,25.0,3.0,0.0,0.0,1.0,432.0,0.02417054800025653,0.049873836003826,7.380003808066249e-07,1.8200080376118422e-07,36.10022840400052,1060.0,980.0
1000.0,25.0,3.0,0.0,0.0,1.0,433.0,0.02343800599919632,0.06430809099401813,8.460046956315637e-07,1.629960024729371e-07,36.18798163101019,1060.0,990.0
1000.0,25.0,3.0,0.0,0.0,1.0,434.0,0.024879895005142316,0.061358730992651545,8.229981176555157e-07,1.66997779160738e-07,36.274227814006736,1060.0,990.0
1000.0,25.0,3.0,0.0,0.0,1.0,435.0,0.026714185005403124,0.07021044100110885,7.149938028305769e-07,1.9199796952307224e-07,36.371159362999606,1060.0,990.0
1000.0,25.0,3.0,0.0,0.0,1.0,436.0,0.02471214901015628,0.05975024399231188,8.780043572187424e-07,1.579901436343789e-07,36.455628940006136,1060.0,990.0
1000.0,25.0,3.0,0.0,0.0,1.0,437.0,0.025252057996112853,0.05917944099928718,7.870112312957644e-07,1.7500133253633976e-07,36.54006751401175,1060.0,990.0
1000.0,25.0,3.0,0.0,0.0,1.0,438.0,0.02955889599979855,0.05960686600883491,8.299975888803601e-07,1.629960024729371e-07,36.629240534006385,1060.0,990.0
1000.0,25.0,3.0,0.0,0.0,1.0,439.0,0.024097727000480518,0.05672129099548329,7.990020094439387e-07,1.6999547369778156e-07,36.71006656900863,1060.0,990.0
1000.0,25.0,3.0,0.0,0.0,1.0,440.0,0.02620087200193666,0.06400313599442597,7.049966370686889e-07,1.8399441614747047e-07,36.80027750501176,1060.0,990.0
1000.0,25.0,3.0,0.0,0.0,1.0,441.0,0.025494105997495353,0.04982792600640096,8.359929779544473e-07,1.7001002561300993e-07,36.87560663399927,1060.0,990.0
1000.0,25.0,3.0,0.0,0.0,1.0,442.0,0.024933484994107857,0.05533822800498456,7.880007615312934e-07,1.5899422578513622e-07,36.955885786999715,1060.0,990.0
1000.0,25.0,3.0,0.0,0.0,1.0,443.0,0.0225793919962598,0.06445162699674256,7.77989043854177e-07,1.5800469554960728e-07,37.04292408200854,1060.0,1000.0
1000.0,25.0,3.0,0.0,0.0,1.0,444.0,0.026005727995652705,0.05629467099788599,8.310016710311174e-07,1.6400008462369442e-07,37.1252317650069,1060.0,1000.0
1000.0,25.0,3.0,0.0,0.0,1.0,445.0,0.024758643005043268,0.06297144100244623,7.890048436820507e-07,1.680018613114953e-07,37.21296888800862,1060.0,1000.0
1000.0,25.0,3.0,0.0,0.0,1.0,446.0,0.023160350989201106,0.0660731949901674,8.530041668564081e-07,1.7299316823482513e-07,37.30220992400427,1060.0,1000.0
1000.0,25.0,3.0,0.0,0.0,1.0,447.0,0.024409468998783268,0.050376928003970534,8.360075298696756e-07,1.8900027498602867e-07,37.37700312300876,1060.0,1000.0
1000.0,25.0,3.0,0.0,0.0,1.0,448.0,0.02592689701123163,0.06508180800301488,9.829964255914092e-07,1.4300167094916105e-07,37.46801894099917,1060.0,1000.0
1000.0,25.0,3.0,0.0,0.0,1.0,449.0,0.02361401400412433,0.059552536986302584,7.57005182094872e-07,1.6200647223740816e-07,37.551192486003856,1060.0,1000.0
1000.0,25.0,3.0,0.0,0.0,1.0,450.0,0.02763212300487794,0.06414377300825436,8.920032996684313e-07,1.5999830793589354e-07,37.64297555699886,1060.0,1000.0
1000.0,25.0,3.0,0.0,0.0,1.0,451.0,0.025454004004132003,0.06203605199698359,7.540074875578284e-07,1.5700061339884996e-07,37.73047310500988,1070.0,1000.0
1000.0,25.0,3.0,0.0,0.0,1.0,452.0,0.02431827300461009,0.061021133995382115,8.070055628195405e-07,1.7099955584853888e-07,37.815820089002955,1070.0,1000.0
1000.0,25.0,3.0,0.0,0.0,1.0,453.0,0.026087841994012706,0.05016985499241855,1.0160001693293452e-06,1.7700949683785439e-07,37.89208515800419,1090.0,1000.0
1000.0,25.0,3.0,0.0,0.0,1.0,454.0,0.024197091988753527,0.061601213994435966,7.680064300075173e-07,1.6899139154702425e-07,37.97789099100919,1090.0,1000.0
1000.0,25.0,3.0,0.0,0.0,1.0,455.0,0.024372168991249055,0.06152255200140644,8.380011422559619e-07,1.939915819093585e-07,38.063792982007726,1090.0,1010.0
1000.0,25.0,3.0,0.0,0.0,1.0,456.0,0.024593365989858285,0.06336487000226043,9.609939297661185e-07,2.870074240490794e-07,38.15175966601237,1090.0,1010.0
1000.0,25.0,3.0,0.0,0.0,1.0,457.0,0.026609470005496405,0.06442285599769093,8.559873094782233e-07,1.8799619283527136e-07,38.242800906009506,1090.0,1010.0
1000.0,25.0,3.0,0.0,0.0,1.0,458.0,0.024603359997854568,0.0628555029979907,7.530034054070711e-07,1.7099955584853888e-07,38.330267574012396,1090.0,1010.0
1000.0,25.0,3.0,0.0,0.0,1.0,459.0,0.02458945800026413,0.051142554002581164,8.040078682824969e-07,1.5899422578513622e-07,38.4060072350112,1130.0,1010.0
1000.0,25.0,3.0,0.0,0.0,1.0,460.0,0.025824017997365445,0.06157994200475514,7.780035957694054e-07,1.7299316823482513e-07,38.49341910000658,1130.0,1010.0
1000.0,25.0,3.0,0.0,0.0,1.0,461.0,0.02685446900431998,0.05418723900220357,7.719936547800899e-07,1.6999547369778156e-07,38.57446818400058,1130.0,1010.0
1000.0,25.0,3.0,0.0,0.0,1.0,462.0,0.02512328900047578,0.06371149899496231,8.309871191158891e-07,1.6500416677445173e-07,38.66331040300429,1160.0,1010.0
1000.0,25.0,3.0,0.0,0.0,1.0,463.0,0.025858245004201308,0.05103319699992426,7.829949026927352e-07,1.7399725038558245e-07,38.7402091010008,1160.0,1010.0
1000.0,25.0,3.0,0.0,0.0,1.0,464.0,0.024869120999937877,0.05494169698795304,8.019997039809823e-07,1.5599653124809265e-07,38.82002694399853,1160.0,1010.0
1000.0,25.0,3.0,0.0,0.0,1.0,465.0,0.023975891002919525,0.06171273600193672,7.400085451081395e-07,1.939915819093585e-07,38.90572295400489,1160.0,1010.0
1000.0,25.0,3.0,0.0,0.0,1.0,466.0,0.02573958800348919,0.06390795498737134,1.0540097719058394e-06,1.8799619283527136e-07,38.99537799200334,1160.0,1010.0
1000.0,25.0,3.0,0.0,0.0,1.0,467.0,0.02518344200507272,0.05628070900274906,8.159986464306712e-07,1.9300205167382956e-07,39.07684943800268,1160.0,1010.0
1000.0,25.0,3.0,0.0,0.0,1.0,468.0,0.027248389000305906,0.06729728600475937,7.320049917325377e-07,1.66997779160738e-07,39.171402040999965,1160.0,1010.0
1000.0,25.0,3.0,0.0,0.0,1.0,469.0,0.024130358011461794,0.05176234299142379,8.320057531818748e-07,1.860025804489851e-07,39.247302424002555,1160.0,1010.0
1000.0,25.0,3.0,0.0,0.0,1.0,470.0,0.025703710998641327,0.05983143500634469,7.619964890182018e-07,1.6100239008665085e-07,39.332845021999674,1160.0,1010.0
1000.0,25.0,3.0,0.0,0.0,1.0,471.0,0.024652186009916477,0.06817482601036318,7.920025382190943e-07,1.6500416677445173e-07,39.425679474006756,1160.0,1010.0
1000.0,25.0,3.0,0.0,0.0,1.0,472.0,0.026410175996716134,0.06412018199625891,7.370108505710959e-07,1.7001002561300993e-07,39.51621701900149,1160.0,1010.0
1000.0,25.0,3.0,0.0,0.0,1.0,473.0,0.02420910500222817,0.061255160995642655,8.070055628195405e-07,2.0899460650980473e-07,39.601688763010316,1160.0,1010.0
1000.0,25.0,3.0,0.0,0.0,1.0,474.0,0.026037395000457764,0.06439795299957041,7.170019671320915e-07,1.6999547369778156e-07,39.692131834002794,1160.0,1020.0
1000.0,25.0,3.0,0.0,0.0,1.0,475.0,0.025292478007031605,0.0673924199945759,8.329952834174037e-07,1.680018613114953e-07,39.78482441800588,1160.0,1020.0
1000.0,25.0,3.0,0.0,0.0,1.0,476.0,0.026186710994807072,0.0653691650077235,8.260103641077876e-07,1.680018613114953e-07,39.8763878030004,1160.0,1030.0
1000.0,25.0,3.0,0.0,0.0,1.0,477.0,0.02468078999663703,0.0674077430012403,1.2090022210031748e-06,1.6500416677445173e-07,39.96848468700773,1160.0,1030.0
1000.0,25.0,3.0,0.0,0.0,1.0,478.0,0.02451689899316989,0.0671599490015069,7.90998456068337e-07,2.0398874767124653e-07,40.06016871800239,1160.0,1030.0
1000.0,25.0,3.0,0.0,0.0,1.0,479.0,0.025988112000050023,0.057791054001427256,8.229981176555157e-07,1.7500133253633976e-07,40.14405788300792,1160.0,1030.0
1000.0,25.0,3.0,0.0,0.0,1.0,480.0,0.024268148001283407,0.057496649998938665,7.780035957694054e-07,1.680018613114953e-07,40.22582989001239,1160.0,1030.0
1000.0,25.0,3.0,0.0,0.0,1.0,481.0,0.025017118008690886,0.0644220249960199,7.509952411055565e-07,1.849984982982278e-07,40.31527610300691,1160.0,1030.0
1000.0,25.0,3.0,0.0,0.0,1.0,482.0,0.025287272001150995,0.06661095700110309,7.729977369308472e-07,1.6400008462369442e-07,40.407182000999455,1160.0,1030.0
1000.0,25.0,3.0,0.0,0.0,1.0,483.0,0.027621361005003564,0.050572969994391315,1.0160001693293452e-06,1.870066625997424e-07,40.48538352800824,1290.0,1030.0
1000.0,25.0,3.0,0.0,0.0,1.0,484.0,0.025881945010041818,0.05570757899840828,8.089991752058268e-07,1.6798730939626694e-07,40.56698089800193,1290.0,1030.0
1000.0,25.0,3.0,0.0,0.0,1.0,485.0,0.02513424601056613,0.06876626699522603,8.479983080178499e-07,1.9700382836163044e-07,40.66088871700049,1290.0,1040.0
1000.0,25.0,3.0,0.0,0.0,1.0,486.0,0.027822442003525794,0.06680634000804275,8.860079105943441e-07,1.860025804489851e-07,40.75552451101248,1290.0,1040.0
1000.0,25.0,3.0,0.0,0.0,1.0,487.0,0.02432456899259705,0.06394492600520607,8.089991752058268e-07,1.9499566406011581e-07,40.84380144200986,1290.0,1040.0
1000.0,25.0,3.0,0.0,0.0,1.0,488.0,0.02351735800039023,0.0509706879965961,8.409988367930055e-07,1.809967216104269e-07,40.9182969770045,1290.0,1040.0
1000.0,25.0,3.0,0.0,0.0,1.0,489.0,0.025959984996006824,0.06124524000915699,7.90998456068337e-07,1.799926394596696e-07,41.005509806011105,1290.0,1040.0
1000.0,25.0,3.0,0.0,0.0,1.0,490.0,0.025921724998624995,0.06348662399977911,7.780035957694054e-07,1.680018613114953e-07,41.094925645011244,1290.0,1050.0
1000.0,25.0,3.0,0.0,0.0,1.0,491.0,0.024543892999645323,0.05225778999738395,8.710048859938979e-07,1.7401180230081081e-07,41.17173481400823,1290.0,1060.0
1000.0,25.0,3.0,0.0,0.0,1.0,492.0,0.02462848999130074,0.06360694700560998,9.880022844299674e-07,1.6999547369778156e-07,41.25997841100616,1290.0,1060.0
1000.0,25.0,3.0,0.0,0.0,1.0,493.0,0.02534601000661496,0.06669795200286899,8.999923011288047e-07,1.489970600232482e-07,41.352029614005005,1290.0,1060.0
1000.0,25.0,3.0,0.0,0.0,1.0,494.0,0.027203203993849456,0.051521932997275144,7.829949026927352e-07,1.720036379992962e-07,41.43076200800715,1290.0,1060.0
1000.0,25.0,3.0,0.0,0.0,1.0,495.0,0.024248697998700663,0.05970350299321581,7.700000423938036e-07,1.730077201500535e-07,41.5147213510063,1290.0,1070.0
1000.0,25.0,3.0,0.0,0.0,1.0,496.0,0.02459109399933368,0.07148198700451758,7.630005711689591e-07,1.5199475456029177e-07,41.610802039009286,1350.0,1070.0
1000.0,25.0,3.0,0.0,0.0,1.0,497.0,0.02634246200614143,0.05519526600255631,9.549985406920314e-07,1.799926394596696e-07,41.69234756700462,1350.0,1070.0
1000.0,25.0,3.0,0.0,0.0,1.0,498.0,0.02267359099641908,0.06366784300189465,8.019997039809823e-07,1.8400896806269884e-07,41.77869599900441,1360.0,1080.0
1000.0,25.0,3.0,0.0,0.0,1.0,499.0,0.024085401004413143,0.05895671498728916,9.950017556548119e-07,1.870066625997424e-07,41.86174545600079,1360.0,1090.0
1000.0,25.0,3.0,0.0,0.0,1.0,500.0,0.02394220800488256,0.056508476001909,7.949856808409095e-07,1.9199796952307224e-07,41.942203145008534,1360.0,1100.0
1000.0,25.0,3.0,0.0,0.0,1.0,501.0,0.026056339003844187,0.060567321997950785,1.1730007827281952e-06,1.860025804489851e-07,42.02883415701217,1360.0,1110.0
1000.0,25.0,3.0,0.0,0.0,1.0,502.0,0.024415467007202096,0.04652381400228478,7.970083970576525e-07,1.8399441614747047e-07,42.099780465010554,1360.0,1120.0
1000.0,25.0,3.0,0.0,0.0,1.0,503.0,0.02384110799175687,0.05779954299214296,7.229973562061787e-07,1.540029188618064e-07,42.18142840400105,1360.0,1130.0
1000.0,25.0,3.0,0.0,0.0,1.0,504.0,0.024365153003600426,0.05378605100850109,7.880007615312934e-07,1.5398836694657803e-07,42.25958680501208,1360.0,1140.0
1000.0,25.0,3.0,0.0,0.0,1.0,505.0,0.02515154601132963,0.05254311699536629,7.860071491450071e-07,1.7299316823482513e-07,42.337288578011794,1360.0,1140.0
1000.0,25.0,3.0,0.0,0.0,1.0,506.0,0.025620275002438575,0.05017196200788021,8.33999365568161e-07,1.759908627718687e-07,42.41308833700896,1360.0,1140.0
1000.0,25.0,3.0,0.0,0.0,1.0,507.0,0.024588649001088925,0.06034748299862258,7.689959602430463e-07,1.8900027498602867e-07,42.498031841008924,1360.0,1140.0
1000.0,25.0,3.0,0.0,0.0,1.0,508.0,0.027596417989116162,0.057404445004067384,7.6700234785676e-07,1.4099350664764643e-07,42.58304032801243,1360.0,1150.0
1000.0,25.0,3.0,0.0,0.0,1.0,509.0,0.026499184998101555,0.05563020500994753,8.119968697428703e-07,1.8000719137489796e-07,42.66517719000694,1360.0,1160.0
1000.0,25.0,3.0,0.0,0.0,1.0,510.0,0.02553147000435274,0.055912382988026366,8.469942258670926e-07,1.6599369700998068e-07,42.74662831900059,1360.0,1160.0
1000.0,25.0,3.0,0.0,0.0,1.0,511.0,0.026510266005061567,0.0528332319954643,8.950009942054749e-07,1.860025804489851e-07,42.825978986002156,1360.0,1160.0
1000.0,25.0,3.0,0.0,0.0,1.0,512.0,0.024486916008754633,0.053528545002336614,9.039940778166056e-07,1.7099955584853888e-07,42.904002398005105,1360.0,1160.0
1000.0,25.0,3.0,0.0,0.0,1.0,513.0,0.025899391999701038,0.05488508100097533,7.850030669942498e-07,1.9901199266314507e-07,42.98479395599861,1360.0,1170.0
1000.0,25.0,3.0,0.0,0.0,1.0,514.0,0.0279862140014302,0.05549965699901804,7.939961506053805e-07,1.7399725038558245e-07,43.06828758200572,1360.0,1170.0
1000.0,25.0,3.0,0.0,0.0,1.0,515.0,0.02397946099517867,0.060531953000463545,8.399947546422482e-07,1.619919203221798e-07,43.1528068750049,1420.0,1180.0
1000.0,25.0,3.0,0.0,0.0,1.0,516.0,0.02620593601022847,0.05869158898713067,8.079950930550694e-07,1.6599369700998068e-07,43.237711221998325,1420.0,1180.0
1000.0,25.0,3.0,0.0,0.0,1.0,517.0,0.027201257005799562,0.06726294600230176,8.390052244067192e-07,1.6400008462369442e-07,43.33218275300169,1420.0,1190.0
1000.0,25.0,3.0,0.0,0.0,1.0,518.0,0.02575112399063073,0.05897422299312893,8.609931683167815e-07,1.8900027498602867e-07,43.416915534005966,1420.0,1200.0
1000.0,25.0,3.0,0.0,0.0,1.0,519.0,0.026082561002112925,0.056321993994060904,8.450006134808064e-07,1.5800469554960728e-07,43.499327176003135,1420.0,1220.0
1000.0,25.0,3.0,0.0,0.0,1.0,520.0,0.027371556003345177,0.06090406799921766,8.520000847056508e-07,1.7099955584853888e-07,43.58761061100813,1420.0,1220.0
1000.0,25.0,3.0,0.0,0.0,1.0,521.0,0.025977002005674876,0.05629069000133313,8.67003109306097e-07,1.9501021597534418e-07,43.669885645009344,1420.0,1220.0
1000.0,25.0,3.0,0.0,0.0,1.0,522.0,0.024200404004659504,0.060536263990798034,8.549977792426944e-07,1.7001002561300993e-07,43.754630068011465,1420.0,1220.0
1000.0,25.0,3.0,0.0,0.0,1.0,523.0,0.025536212997394614,0.05100988899357617,7.049966370686889e-07,1.6500416677445173e-07,43.83118308900157,1420.0,1230.0
1000.0,25.0,3.0,0.0,0.0,1.0,524.0,0.027676445999532007,0.0583130489976611,8.080096449702978e-07,2.0200968720018864e-07,43.91717971400067,1420.0,1230.0
1000.0,25.0,3.0,0.0,0.0,1.0,525.0,0.022670446007396095,0.06468503198993858,8.780043572187424e-07,1.6599369700998068e-07,44.00454215600621,1420.0,1230.0
1000.0,25.0,3.0,0.0,0.0,1.0,526.0,0.025116037999396212,0.0615578849974554,7.990020094439387e-07,1.6599369700998068e-07,44.091223531999276,1420.0,1230.0
1000.0,25.0,3.0,0.0,0.0,1.0,527.0,0.024891552006010897,0.0706788149982458,1.0950025171041489e-06,1.5800469554960728e-07,44.18680210701132,1420.0,1230.0
1000.0,25.0,3.0,0.0,0.0,1.0,528.0,0.025926012996933423,0.050103551999200135,7.639901014044881e-07,1.629960024729371e-07,44.26283870500629,1420.0,1240.0
1000.0,25.0,3.0,0.0,0.0,1.0,529.0,0.026434109997353517,0.05230946000665426,7.709895726293325e-07,1.6600824892520905e-07,44.341589569012285,1420.0,1250.0
1000.0,25.0,3.0,0.0,0.0,1.0,530.0,0.024139278000802733,0.0623555030033458,7.640046533197165e-07,1.6400008462369442e-07,44.42809125300846,1420.0,1250.0
1000.0,25.0,3.0,0.0,0.0,1.0,531.0,0.025042407010914758,0.05106502599664964,8.149945642799139e-07,1.5599653124809265e-07,44.50420620600926,1420.0,1260.0
1000.0,25.0,3.0,0.0,0.0,1.0,532.0,0.02678097599709872,0.058767498994711787,7.659982657060027e-07,1.809967216104269e-07,44.58976156200515,1420.0,1260.0
1000.0,25.0,3.0,0.0,0.0,1.0,533.0,0.023946581000927836,0.061713408009381965,8.189963409677148e-07,1.680018613114953e-07,44.67542917600076,1420.0,1270.0
1000.0,25.0,3.0,0.0,0.0,1.0,534.0,0.025995952004450373,0.0598053519934183,7.390044629573822e-07,1.6599369700998068e-07,44.76123780901253,1420.0,1270.0
1000.0,25.0,3.0,0.0,0.0,1.0,535.0,0.02488647600694094,0.04945919399324339,8.350034477189183e-07,1.8399441614747047e-07,44.83559071700438,1420.0,1270.0
1000.0,25.0,3.0,0.0,0.0,1.0,536.0,0.027388036993215792,0.06523095299780834,7.530034054070711e-07,1.759908627718687e-07,44.92821698500484,1420.0,1270.0
1000.0,25.0,3.0,0.0,0.0,1.0,537.0,0.02639310699305497,0.06702172200311907,8.680071914568543e-07,1.9599974621087313e-07,45.02163905800262,1420.0,1270.0
1000.0,25.0,3.0,0.0,0.0,1.0,538.0,0.02752087399130687,0.055629086011322215,7.079943316057324e-07,1.6301055438816547e-07,45.104796117011574,1420.0,1270.0
1000.0,25.0,3.0,0.0,0.0,1.0,539.0,0.024476745995343663,0.05347143499238882,8.399947546422482e-07,1.629960024729371e-07,45.18275144600193,1420.0,1270.0
1000.0,25.0,3.0,0.0,0.0,1.0,540.0,0.025242817006073892,0.06117978300608229,8.770002750679851e-07,1.629960024729371e-07,45.26918146701064,1420.0,1290.0
1000.0,25.0,3.0,0.0,0.0,1.0,541.0,0.025228541999240406,0.05590337699686643,7.630005711689591e-07,1.5100522432476282e-07,45.3503209160117,1420.0,1290.0
1000.0,25.0,3.0,0.0,0.0,1.0,542.0,0.024686089003807865,0.058034112997120246,8.180068107321858e-07,1.9300205167382956e-07,45.433048538005096,1420.0,1290.0
1000.0,25.0,3.0,0.0,0.0,1.0,543.0,0.025880957997287624,0.06426228499913123,8.220085874199867e-07,1.4700344763696194e-07,45.5231993500056,1420.0,1290.0
1000.0,25.0,3.0,0.0,0.0,1.0,544.0,0.025237316003767774,0.053541001994744875,8.839997462928295e-07,1.8998980522155762e-07,45.60198545300227,1420.0,1290.0
1000.0,25.0,3.0,0.0,0.0,1.0,545.0,0.02565904799848795,0.062106722994940355,7.519993232563138e-07,1.6599369700998068e-07,45.689758615000756,1420.0,1290.0
1000.0,25.0,3.0,0.0,0.0,1.0,546.0,0.02701897599035874,0.061813991007511504,8.740025805309415e-07,1.849984982982278e-07,45.7785989640106,1420.0,1290.0
1000.0,25.0,3.0,0.0,0.0,1.0,547.0,0.02558916799898725,0.06114916999649722,7.749913493171334e-07,1.5599653124809265e-07,45.86534444800054,1460.0,1290.0
1000.0,25.0,3.0,0.0,0.0,1.0,548.0,0.025370029004989192,0.051348247012356296,8.419883670285344e-07,1.860025804489851e-07,45.94207086000824,1460.0,1290.0
1000.0,25.0,3.0,0.0,0.0,1.0,549.0,0.023561416994198225,0.0541246909997426,8.040078682824969e-07,1.6900594346225262e-07,46.019764331998886,1460.0,1300.0
1000.0,25.0,3.0,0.0,0.0,1.0,550.0,0.025712121001561172,0.06459539099887479,7.990020094439387e-07,1.7399725038558245e-07,46.11007951000647,1460.0,1310.0
1000.0,25.0,3.0,0.0,0.0,1.0,551.0,0.02549370299675502,0.05628783200518228,1.0390067473053932e-06,1.759908627718687e-07,46.191869013011456,1460.0,1310.0
1000.0,25.0,3.0,0.0,0.0,1.0,552.0,0.025026317991432734,0.05742944500525482,7.579947123304009e-07,1.6599369700998068e-07,46.274331955006346,1460.0,1310.0
1000.0,25.0,3.0,0.0,0.0,1.0,553.0,0.027112797004519962,0.0577452620054828,8.100032573565841e-07,1.6999547369778156e-07,46.35919756900694,1460.0,1310.0
1000.0,25.0,3.0,0.0,0.0,1.0,554.0,0.025768926003365777,0.06625246799376328,7.519993232563138e-07,1.7099955584853888e-07,46.451226200006204,1490.0,1310.0
1000.0,25.0,3.0,0.0,0.0,1.0,555.0,0.025246174991480075,0.053719771007308736,8.420029189437628e-07,1.720036379992962e-07,46.530200006003724,1490.0,1310.0
1000.0,25.0,3.0,0.0,0.0,1.0,556.0,0.025285794006776996,0.05930657300632447,8.049973985180259e-07,1.7099955584853888e-07,46.6148004130082,1490.0,1310.0
1000.0,25.0,3.0,0.0,0.0,1.0,557.0,0.02396282399422489,0.05297311999311205,7.600028766319156e-07,1.720036379992962e-07,46.69174368301174,1490.0,1320.0
1000.0,25.0,3.0,0.0,0.0,1.0,558.0,0.027840579001349397,0.0647568999993382,8.950009942054749e-07,1.7399725038558245e-07,46.78434866000316,1490.0,1320.0
1000.0,25.0,3.0,0.0,0.0,1.0,559.0,0.026130083002499305,0.06594154899357818,7.220078259706497e-07,2.0301376935094595e-07,46.87642771701212,1490.0,1320.0
1000.0,25.0,3.0,0.0,0.0,1.0,560.0,0.024999277011374943,0.059096849989145994,7.619964890182018e-07,1.6100239008665085e-07,46.96053149100044,1490.0,1320.0
1000.0,25.0,3.0,0.0,0.0,1.0,561.0,0.02567330200690776,0.051994923007441685,8.260103641077876e-07,1.730077201500535e-07,47.03820666500542,1490.0,1320.0
1000.0,25.0,3.0,0.0,0.0,1.0,562.0,0.025549775004037656,0.0532556289981585,7.389899110421538e-07,1.8900027498602867e-07,47.11701943501248,1490.0,1320.0
1000.0,25.0,3.0,0.0,0.0,1.0,563.0,0.027453044007415883,0.061499793009716086,7.500057108700275e-07,1.9000435713678598e-07,47.20598009201058,1490.0,1330.0
1000.0,25.0,3.0,0.0,0.0,1.0,564.0,0.02589320600964129,0.05029580999689642,8.390052244067192e-07,1.7399725038558245e-07,47.28217648999998,1490.0,1340.0
1000.0,25.0,3.0,0.0,0.0,1.0,565.0,0.02517707999504637,0.0544422359962482,7.500057108700275e-07,1.9501021597534418e-07,47.36180333800439,1490.0,1340.0
1000.0,25.0,3.0,0.0,0.0,1.0,566.0,0.02425857300113421,0.06650762801291421,7.760099833831191e-07,1.7399725038558245e-07,47.45257680900977,1490.0,1340.0
1000.0,25.0,3.0,0.0,0.0,1.0,567.0,0.02392319899809081,0.05163361399900168,8.700008038431406e-07,1.7900310922414064e-07,47.52814059800585,1490.0,1340.0
1000.0,25.0,3.0,0.0,0.0,1.0,568.0,0.023786696008755825,0.06652325799223036,8.24002199806273e-07,1.7198908608406782e-07,47.618457941003726,1490.0,1340.0
1000.0,25.0,3.0,0.0,0.0,1.0,569.0,0.024419175999355502,0.0629486719990382,7.780035957694054e-07,1.590087777003646e-07,47.705833502011956,1490.0,1340.0
1000.0,25.0,3.0,0.0,0.0,1.0,570.0,0.024480641004629433,0.06188937100523617,7.119961082935333e-07,1.6599369700998068e-07,47.79221065300226,1490.0,1340.0
1000.0,25.0,3.0,0.0,0.0,1.0,571.0,0.02465664599731099,0.06200875900685787,8.520000847056508e-07,1.6599369700998068e-07,47.878884015008225,1490.0,1340.0
1000.0,25.0,3.0,0.0,0.0,1.0,572.0,0.02711137900769245,0.061292276994208805,7.90998456068337e-07,2.169981598854065e-07,47.967295176000334,1490.0,1340.0
1000.0,25.0,3.0,0.0,0.0,1.0,573.0,0.025902905996190384,0.06458583899075165,7.720082066953182e-07,1.7600541468709707e-07,48.05779156200879,1490.0,1340.0
1000.0,25.0,3.0,0.0,0.0,1.0,574.0,0.02353614300955087,0.053048012996441685,1.0250078048557043e-06,1.7099955584853888e-07,48.13438385800691,1490.0,1340.0
1000.0,25.0,3.0,0.0,0.0,1.0,575.0,0.0237863729998935,0.061397274999762885,8.459901437163353e-07,1.849984982982278e-07,48.21957487500913,1490.0,1340.0
1000.0,25.0,3.0,0.0,0.0,1.0,576.0,0.0253688160009915,0.06131093899603002,6.989866960793734e-07,1.9700382836163044e-07,48.30626144600683,1490.0,1340.0
1000.0,25.0,3.0,0.0,0.0,1.0,577.0,0.024842971994075924,0.056266604995471425,7.179914973676205e-07,1.9800791051238775e-07,48.3873785300093,1490.0,1340.0
1000.0,25.0,3.0,0.0,0.0,1.0,578.0,0.025496807997114956,0.05236483500630129,8.14005034044385e-07,1.8900027498602867e-07,48.465247852000175,1490.0,1350.0
1000.0,25.0,3.0,0.0,0.0,1.0,579.0,0.025025064998771995,0.05927280800824519,7.889902917668223e-07,1.9300205167382956e-07,48.549553343007574,1490.0,1350.0
1000.0,25.0,3.0,0.0,0.0,1.0,580.0,0.02593605499714613,0.05650466699444223,8.320057531818748e-07,1.8400896806269884e-07,48.63200184699963,1490.0,1350.0
1000.0,25.0,3.0,0.0,0.0,1.0,581.0,0.02755671199702192,0.06420444500690792,7.920025382190943e-07,1.5599653124809265e-07,48.72377017600229,1490.0,1350.0
1000.0,25.0,3.0,0.0,0.0,1.0,582.0,0.02534896699944511,0.06346260799909942,8.650094969198108e-07,1.8900027498602867e-07,48.81258936300583,1490.0,1350.0
1000.0,25.0,3.0,0.0,0.0,1.0,583.0,0.02280270900519099,0.05732839599659201,8.069910109043121e-07,1.7799902707338333e-07,48.89272760000313,1490.0,1350.0
1000.0,25.0,3.0,0.0,0.0,1.0,584.0,0.023858133994508535,0.05364069499773905,9.640061762183905e-07,2.00001522898674e-07,48.9702340530057,1490.0,1350.0
1000.0,25.0,3.0,0.0,0.0,1.0,585.0,0.024056608002865687,0.06390552200900856,1.1689990060403943e-06,1.7500133253633976e-07,49.05820407900319,1490.0,1350.0
1000.0,25.0,3.0,0.0,0.0,1.0,586.0,0.028737494998495094,0.05909134000830818,8.049973985180259e-07,1.9300205167382956e-07,49.14604014600627,1490.0,1350.0
1000.0,25.0,3.0,0.0,0.0,1.0,587.0,0.02629972000431735,0.06819165300112218,1.2669916031882167e-06,2.2299354895949364e-07,49.240540211001644,1490.0,1350.0
1000.0,25.0,3.0,0.0,0.0,1.0,588.0,0.026561435995972715,0.06436044799920637,8.130009518936276e-07,1.590087777003646e-07,49.33147013701091,1490.0,1350.0
1000.0,25.0,3.0,0.0,0.0,1.0,589.0,0.024408855999354273,0.06284677900839597,8.67992639541626e-07,1.7699494492262602e-07,49.4187331150024,1490.0,1350.0
1000.0,25.0,3.0,0.0,0.0,1.0,590.0,0.025340406005852856,0.05362179099756759,1.086998963728547e-06,1.680018613114953e-07,49.497703232002095,1490.0,1350.0
1000.0,25.0,3.0,0.0,0.0,1.0,591.0,0.024456301995087415,0.06710857199504972,8.200004231184721e-07,1.7500133253633976e-07,49.58927565100021,1490.0,1350.0
1000.0,25.0,3.0,0.0,0.0,1.0,592.0,0.024459786000079475,0.05573247899883427,7.740018190816045e-07,1.7699494492262602e-07,49.66947528300807,1490.0,1350.0
1000.0,25.0,3.0,0.0,0.0,1.0,593.0,0.023355459998128936,0.06512441200902686,8.049973985180259e-07,1.66997779160738e-07,49.7579620690085,1490.0,1350.0
1000.0,25.0,3.0,0.0,0.0,1.0,594.0,0.02500007599883247,0.06725974399887491,7.959897629916668e-07,1.7500133253633976e-07,49.85022892399866,1490.0,1360.0
1000.0,25.0,3.0,0.0,0.0,1.0,595.0,0.026262807004968636,0.054319992996170186,8.14005034044385e-07,1.6999547369778156e-07,49.93081927600724,1490.0,1360.0
1000.0,25.0,3.0,0.0,0.0,1.0,596.0,0.024678368004970253,0.05449821799993515,8.309871191158891e-07,1.7099955584853888e-07,50.01000366600056,1490.0,1360.0
1000.0,25.0,3.0,0.0,0.0,1.0,597.0,0.02576872200006619,0.061808539991034195,8.860079105943441e-07,1.8799619283527136e-07,50.09758819700801,1490.0,1360.0
1000.0,25.0,3.0,0.0,0.0,1.0,598.0,0.024797495003440417,0.05352441099239513,7.680064300075173e-07,1.9099388737231493e-07,50.17596460800269,1490.0,1360.0
1000.0,25.0,3.0,0.0,0.0,1.0,599.0,0.02431260299636051,0.06276674699620344,7.859925972297788e-07,1.6100239008665085e-07,50.26305175900052,1490.0,1360.0
1000.0,25.0,3.0,0.0,0.0,1.0,600.0,0.025893939004163258,0.05928694301110227,8.169881766662002e-07,1.7099955584853888e-07,50.34824017400388,1490.0,1360.0
1000.0,25.0,3.0,0.0,0.0,1.0,601.0,0.02531529100087937,0.062099496004520915,8.459901437163353e-07,1.860025804489851e-07,50.43566251100856,1490.0,1360.0
1000.0,25.0,3.0,0.0,0.0,1.0,602.0,0.025420452002435923,0.06501663199742325,1.030988642014563e-06,1.6500416677445173e-07,50.526107194004,1490.0,1360.0
1000.0,25.0,3.0,0.0,0.0,1.0,603.0,0.023694367002462968,0.05170469399308786,1.1020019883289933e-06,1.6999547369778156e-07,50.60151388400118,1490.0,1360.0
1000.0,25.0,3.0,0.0,0.0,1.0,604.0,0.026907330990070477,0.052579078008420765,8.079950930550694e-07,1.759908627718687e-07,50.681007492006756,1490.0,1360.0
1000.0,25.0,3.0,0.0,0.0,1.0,605.0,0.02576044900342822,0.05189664899080526,8.409988367930055e-07,1.7299316823482513e-07,50.75867211401055,1490.0,1360.0
1000.0,25.0,3.0,0.0,0.0,1.0,606.0,0.024390805992879905,0.058436296007130295,7.980124792084098e-07,1.5899422578513622e-07,50.84150690700335,1490.0,1360.0
1000.0,25.0,3.0,0.0,0.0,1.0,607.0,0.02640776100452058,0.06466610899951775,8.219940355047584e-07,1.9400613382458687e-07,50.93258782901103,1490.0,1370.0
1000.0,25.0,3.0,0.0,0.0,1.0,608.0,0.023661076003918424,0.062215736994403414,8.430070010945201e-07,1.7500133253633976e-07,51.01847177300078,1490.0,1360.0
1000.0,25.0,3.0,0.0,0.0,1.0,609.0,0.024261678991024382,0.0668196699989494,8.389906724914908e-07,2.119923010468483e-07,51.10956069000531,1490.0,1360.0
1000.0,25.0,3.0,0.0,0.0,1.0,610.0,0.02524684098898433,0.059567119998973794,7.6700234785676e-07,1.8299033399671316e-07,51.19438170301146,1490.0,1370.0
1000.0,25.0,3.0,0.0,0.0,1.0,611.0,0.024779687999398448,0.05706950400781352,1.0130024747923017e-06,2.0099105313420296e-07,51.27623860099993,1490.0,1370.0
1000.0,25.0,3.0,0.0,0.0,1.0,612.0,0.02592281899705995,0.06169785899692215,8.200004231184721e-07,1.7399725038558245e-07,51.363866134008276,1490.0,1370.0
1000.0,25.0,3.0,0.0,0.0,1.0,613.0,0.026880886987783015,0.057295400998555124,7.499911589547992e-07,1.9000435713678598e-07,51.44804930500686,1490.0,1370.0
1000.0,25.0,3.0,0.0,0.0,1.0,614.0,0.025166830004309304,0.051052040987997316,8.490023901686072e-07,1.6701233107596636e-07,51.52427551000437,1490.0,1370.0
1000.0,25.0,3.0,0.0,0.0,1.0,615.0,0.02524864100269042,0.05149403298855759,7.489870768040419e-07,1.5800469554960728e-07,51.60102497199841,1490.0,1370.0
1000.0,25.0,3.0,0.0,0.0,1.0,616.0,0.02198724499612581,0.04919185600010678,8.490023901686072e-07,1.5800469554960728e-07,51.67221122200135,1500.0,1370.0
1000.0,25.0,3.0,0.0,0.0,1.0,617.0,0.02488366499892436,0.06623520799621474,7.799972081556916e-07,1.4400575309991837e-07,51.763337378011784,1500.0,1370.0
1000.0,25.0,3.0,0.0,0.0,1.0,618.0,0.024889396998332813,0.05091346400149632,8.080096449702978e-07,1.5700061339884996e-07,51.839147052000044,1500.0,1370.0
1000.0,25.0,3.0,0.0,0.0,1.0,619.0,0.02681824201135896,0.058596449001925066,1.0569929145276546e-06,1.4799297787249088e-07,51.92456912800844,1500.0,1380.0
1000.0,25.0,3.0,0.0,0.0,1.0,620.0,0.024208616989199072,0.0646923849999439,6.979971658438444e-07,1.5200930647552013e-07,52.013476990003255,1500.0,1380.0
1000.0,25.0,3.0,0.0,0.0,1.0,621.0,0.022374534004484303,0.050421205000020564,7.350026862695813e-07,1.5999830793589354e-07,52.08627969500958,1500.0,1380.0
1000.0,25.0,3.0,0.0,0.0,1.0,622.0,0.023659926999243908,0.056730907992459834,7.320049917325377e-07,1.66997779160738e-07,52.16667720201076,1500.0,1380.0
1000.0,25.0,3.0,0.0,0.0,1.0,623.0,0.023169591004261747,0.061300708999624476,8.150091161951423e-07,1.6599369700998068e-07,52.25115471100435,1500.0,1380.0
1000.0,25.0,3.0,0.0,0.0,1.0,624.0,0.022830817004432902,0.06274866100284271,8.729984983801842e-07,1.7500133253633976e-07,52.336741336999694,1530.0,1380.0
1000.0,25.0,3.0,0.0,0.0,1.0,625.0,0.024141394009348005,0.05658668599789962,7.530034054070711e-07,1.540029188618064e-07,52.41747650000616,1530.0,1380.0
1000.0,25.0,3.0,0.0,0.0,1.0,626.0,0.027298026005155407,0.05990868399385363,8.659990271553397e-07,1.8900027498602867e-07,52.50469039499876,1530.0,1390.0
1000.0,25.0,3.0,0.0,0.0,1.0,627.0,0.025891687007970177,0.05380487699585501,7.500057108700275e-07,1.7099955584853888e-07,52.584394928999245,1530.0,1390.0
1000.0,25.0,3.0,0.0,0.0,1.0,628.0,0.024349568993784487,0.06333597499178723,7.560010999441147e-07,1.7900310922414064e-07,52.672087678001844,1530.0,1390.0
1000.0,25.0,3.0,0.0,0.0,1.0,629.0,0.023741181998047978,0.05428469101025257,8.659990271553397e-07,1.600128598511219e-07,52.75012133400014,1530.0,1390.0
1000.0,25.0,3.0,0.0,0.0,1.0,630.0,0.024307437997777015,0.06210385799931828,7.899943739175797e-07,1.7299316823482513e-07,52.836539538009674,1530.0,1390.0
1000.0,25.0,3.0,0.0,0.0,1.0,631.0,0.026428522993228398,0.05779189500026405,7.589987944811583e-07,1.6899139154702425e-07,52.92076715800795,1620.0,1390.0
1000.0,25.0,3.0,0.0,0.0,1.0,632.0,0.024824195003020577,0.062194578000344336,7.939961506053805e-07,1.4599936548620462e-07,53.00779347799835,1620.0,1390.0
1000.0,25.0,3.0,0.0,0.0,1.0,633.0,0.025921906999428757,0.0546726090105949,8.130009518936276e-07,1.849984982982278e-07,53.088395259008394,1620.0,1390.0
1000.0,25.0,3.0,0.0,0.0,1.0,634.0,0.02456247499503661,0.057077798002865165,7.420021574944258e-07,1.619919203221798e-07,53.170042844998534,1620.0,1390.0
1000.0,25.0,3.0,0.0,0.0,1.0,635.0,0.02426309499423951,0.0629662389983423,8.530041668564081e-07,1.6500416677445173e-07,53.25727956200717,1620.0,1400.0
1000.0,25.0,3.0,0.0,0.0,1.0,636.0,0.02505372501036618,0.06458516899147071,1.0179937817156315e-06,1.5899422578513622e-07,53.34692572199856,1620.0,1400.0
1000.0,25.0,3.0,0.0,0.0,1.0,637.0,0.026164353999774903,0.060084626005846076,1.1850061127915978e-06,1.730077201500535e-07,53.43318228601129,1620.0,1400.0
1000.0,25.0,3.0,0.0,0.0,1.0,638.0,0.023193845991045237,0.05773689599300269,8.130009518936276e-07,1.6599369700998068e-07,53.51412019399868,1620.0,1400.0
1000.0,25.0,3.0,0.0,0.0,1.0,639.0,0.023220611008582637,0.06372810099855997,7.399939931929111e-07,1.5199475456029177e-07,53.601076595005,1670.0,1400.0
1000.0,25.0,3.0,0.0,0.0,1.0,640.0,0.026487328999792226,0.06527520000236109,8.37011612020433e-07,1.8000719137489796e-07,53.69284624001011,1670.0,1410.0
1000.0,25.0,3.0,0.0,0.0,1.0,641.0,0.022757630998967215,0.055599068000447005,8.189963409677148e-07,1.6400008462369442e-07,53.77121033500589,1670.0,1410.0
1000.0,25.0,3.0,0.0,0.0,1.0,642.0,0.02463813399663195,0.06034571799682453,6.969930836930871e-07,1.9700382836163044e-07,53.856201357004466,1700.0,1420.0
1000.0,25.0,3.0,0.0,0.0,1.0,643.0,0.025163683996652253,0.05415078699297737,7.680064300075173e-07,1.809967216104269e-07,53.935523115011165,1810.0,1430.0
1000.0,25.0,3.0,0.0,0.0,1.0,644.0,0.02489550699829124,0.05069848299899604,7.740018190816045e-07,1.9000435713678598e-07,54.01112469100917,1810.0,1440.0
1000.0,25.0,3.0,0.0,0.0,1.0,645.0,0.02491118600300979,0.0605249390064273,8.940114639699459e-07,1.910084392875433e-07,54.09656807901047,1810.0,1460.0
1000.0,25.0,3.0,0.0,0.0,1.0,646.0,0.025778342998819426,0.05120504999649711,8.629867807030678e-07,1.799926394596696e-07,54.1735586230061,1810.0,1490.0
1000.0,25.0,3.0,0.0,0.0,1.0,647.0,0.025155672992696054,0.05516746798821259,8.289935067296028e-07,1.8400896806269884e-07,54.25388919400575,1990.0,1500.0
1000.0,25.0,3.0,0.0,0.0,1.0,648.0,0.02638754399958998,0.06378905600286089,9.079958545044065e-07,1.860025804489851e-07,54.344073246000335,1990.0,1530.0
1000.0,25.0,3.0,0.0,0.0,1.0,649.0,0.02567487499618437,0.06540187000064179,7.589987944811583e-07,1.6599369700998068e-07,54.43515731699881,1990.0,1540.0
1000.0,25.0,3.0,0.0,0.0,1.0,650.0,0.025905985006829724,0.059609112999169156,8.610077202320099e-07,1.66997779160738e-07,54.52068139100447,1990.0,1620.0
1000.0,25.0,3.0,0.0,0.0,1.0,651.0,0.025178091003908776,0.06588606799778063,8.639908628538251e-07,1.6701233107596636e-07,54.61175603000447,1990.0,1650.0
1000.0,25.0,3.0,0.0,0.0,1.0,652.0,0.0255675730004441,0.0521772259962745,7.939961506053805e-07,1.989974407479167e-07,54.68950842000777,1990.0,1670.0
1000.0,25.0,3.0,0.0,0.0,1.0,653.0,0.028254974997253157,0.060580548000871204,8.280039764940739e-07,1.7600541468709707e-07,54.778351108005154,1990.0,1690.0
1000.0,25.0,3.0,0.0,0.0,1.0,654.0,0.025682573002995923,0.055637742989347316,8.089991752058268e-07,1.7198908608406782e-07,54.85967921400152,1990.0,1710.0
1000.0,25.0,3.0,0.0,0.0,1.0,655.0,0.024424267001450062,0.059765735000837594,7.589987944811583e-07,1.4698889572173357e-07,54.94387627400283,2010.0,1730.0
1000.0,25.0,3.0,0.0,0.0,1.0,656.0,0.025529760008794256,0.04885505000129342,7.260096026584506e-07,1.6098783817142248e-07,55.018267844003276,2010.0,1740.0
1000.0,25.0,3.0,0.0,0.0,1.0,657.0,0.02305822999915108,0.05573267700674478,7.340131560340524e-07,1.7099955584853888e-07,55.09706572300638,2010.0,1770.0
1000.0,25.0,3.0,0.0,0.0,1.0,658.0,0.02329687100427691,0.06260717200348154,7.630005711689591e-07,1.590087777003646e-07,55.18297674400674,2010.0,1770.0
1000.0,25.0,3.0,0.0,0.0,1.0,659.0,0.025169985994580202,0.0641024880023906,8.299975888803601e-07,1.6400008462369442e-07,55.272256009004195,2010.0,1770.0
1000.0,25.0,3.0,0.0,0.0,1.0,660.0,0.02423556499707047,0.05224750601337291,8.159986464306712e-07,1.6301055438816547e-07,55.34874599300383,2010.0,1770.0
1000.0,25.0,3.0,0.0,0.0,1.0,661.0,0.02226380500360392,0.05659120899508707,7.640046533197165e-07,1.5999830793589354e-07,55.427608210011385,2010.0,1790.0
1000.0,25.0,3.0,0.0,0.0,1.0,662.0,0.024152661993866786,0.046368878000066616,8.789938874542713e-07,1.5899422578513622e-07,55.49813703499967,2010.0,1790.0
1000.0,25.0,3.0,0.0,0.0,1.0,663.0,0.02273155900184065,0.05138798199186567,9.829964255914092e-07,2.2399763111025095e-07,55.57226448300935,2010.0,1790.0
1000.0,25.0,3.0,0.0,0.0,1.0,664.0,0.023279177999938838,0.0512687750015175,6.799964467063546e-07,1.540029188618064e-07,55.64682065900706,2010.0,1790.0
1000.0,25.0,3.0,0.0,0.0,1.0,665.0,0.025850567006273195,0.057698365999385715,9.820068953558803e-07,1.9199796952307224e-07,55.73037661499984,2010.0,1800.0
1000.0,25.0,3.0,0.0,0.0,1.0,666.0,0.02547816900187172,0.05120464299398009,7.460039341822267e-07,1.619919203221798e-07,55.807066412002314,2070.0,1820.0
1000.0,25.0,3.0,0.0,0.0,1.0,667.0,0.027833186002681032,0.06303247300093062,7.880007615312934e-07,1.7600541468709707e-07,55.89793936700153,2070.0,1840.0
1000.0,25.0,3.0,0.0,0.0,1.0,668.0,0.024002403995837085,0.05161371600115672,7.869966793805361e-07,2.0299921743571758e-07,55.97356304900313,2070.0,1840.0
1000.0,25.0,3.0,0.0,0.0,1.0,669.0,0.025082081992877647,0.05647037499875296,7.199996616691351e-07,1.989974407479167e-07,56.05512272199849,2070.0,1850.0
1000.0,25.0,3.0,0.0,0.0,1.0,670.0,0.02480875099718105,0.05046854299143888,7.759954314678907e-07,1.8101127352565527e-07,56.130407296004705,2070.0,1850.0
1000.0,25.0,3.0,0.0,0.0,1.0,671.0,0.02543806700850837,0.06368705400382169,7.789931260049343e-07,1.6899139154702425e-07,56.219539563011494,2070.0,1850.0
1000.0,25.0,3.0,0.0,0.0,1.0,672.0,0.02677981099986937,0.051278046012157574,7.259950507432222e-07,1.6599369700998068e-07,56.297604445004254,2070.0,1860.0
1000.0,25.0,3.0,0.0,0.0,1.0,673.0,0.025296200008597225,0.05463868500373792,8.149945642799139e-07,1.629960024729371e-07,56.37754628600669,2070.0,1860.0
1000.0,25.0,3.0,0.0,0.0,1.0,674.0,0.026349622989073396,0.054277130009722896,9.130017133429646e-07,1.8799619283527136e-07,56.458180203000666,2070.0,1860.0
1000.0,25.0,3.0,0.0,0.0,1.0,675.0,0.02446710799995344,0.053422061988385394,7.729977369308472e-07,1.6999547369778156e-07,56.53607646501041,2140.0,1880.0
1000.0,25.0,3.0,0.0,0.0,1.0,676.0,0.02628524400643073,0.05276694300118834,1.1800002539530396e-06,1.7500133253633976e-07,56.6151367870043,2140.0,1900.0
1000.0,25.0,3.0,0.0,0.0,1.0,677.0,0.024751654011197388,0.06275337800616398,8.77989805303514e-07,1.579901436343789e-07,56.70264902000781,2140.0,1920.0
1000.0,25.0,3.0,0.0,0.0,1.0,678.0,0.022863259000587277,0.05296191299566999,7.579947123304009e-07,1.8299033399671316e-07,56.77848132701183,2140.0,1920.0
1000.0,25.0,3.0,0.0,0.0,1.0,679.0,0.024391066006501205,0.04975401899719145,8.589995559304953e-07,2.050073817372322e-07,56.85263351700269,2140.0,1920.0
1000.0,25.0,3.0,0.0,0.0,1.0,680.0,0.024887502993806265,0.05756746500264853,8.350034477189183e-07,1.6701233107596636e-07,56.93509646700113,2140.0,1920.0
1000.0,25.0,3.0,0.0,0.0,1.0,681.0,0.025832947008893825,0.054750933006289415,1.0369985830038786e-06,1.5299883671104908e-07,57.01568791200407,2140.0,1920.0
1000.0,25.0,3.0,0.0,0.0,1.0,682.0,0.02508718700846657,0.05440937100502197,8.040078682824969e-07,1.6400008462369442e-07,57.09519169200212,2140.0,1920.0
1000.0,25.0,3.0,0.0,0.0,1.0,683.0,0.026496070000575855,0.05113425900344737,8.030037861317396e-07,1.6400008462369442e-07,57.17282895700191,2140.0,1920.0
1000.0,25.0,3.0,0.0,0.0,1.0,684.0,0.02662933499959763,0.051530497992644086,7.970083970576525e-07,1.730077201500535e-07,57.25099596900691,2140.0,1920.0
1000.0,25.0,3.0,0.0,0.0,1.0,685.0,0.02595847999327816,0.05206765199545771,8.939969120547175e-07,1.7399725038558245e-07,57.32902970800933,2140.0,1920.0
1000.0,25.0,3.0,0.0,0.0,1.0,686.0,0.025140561003354378,0.05146125399915036,8.360075298696756e-07,1.5700061339884996e-07,57.405638372001704,2150.0,1920.0
1000.0,25.0,3.0,0.0,0.0,1.0,687.0,0.025590951001504436,0.058703646005596966,8.019997039809823e-07,1.6599369700998068e-07,57.48994029901223,2150.0,1930.0
1000.0,25.0,3.0,0.0,0.0,1.0,688.0,0.02447619898885023,0.05383481799799483,7.420021574944258e-07,1.780135789886117e-07,57.568258490005974,2150.0,1930.0
1000.0,25.0,3.0,0.0,0.0,1.0,689.0,0.025269523001043126,0.05716686799132731,1.1060037650167942e-06,1.680018613114953e-07,57.65070288600691,2150.0,1930.0
1000.0,25.0,3.0,0.0,0.0,1.0,690.0,0.025812841995502822,0.05641948799893726,7.620110409334302e-07,1.66997779160738e-07,57.73294232301123,2150.0,1930.0
1000.0,25.0,3.0,0.0,0.0,1.0,691.0,0.02436096999736037,0.05727738799760118,8.67003109306097e-07,1.5499244909733534e-07,57.81458810600452,2150.0,1950.0
1000.0,25.0,3.0,0.0,0.0,1.0,692.0,0.025384014996234328,0.06578859899309464,7.789931260049343e-07,1.5299883671104908e-07,57.90576778601098,2230.0,1950.0
1000.0,25.0,3.0,0.0,0.0,1.0,693.0,0.02450589698855765,0.05050544600817375,1.2210075510665774e-06,1.6400008462369442e-07,57.98078671201074,2230.0,1960.0
1000.0,25.0,3.0,0.0,0.0,1.0,694.0,0.027244078999501653,0.05005217500729486,8.019997039809823e-07,1.5899422578513622e-07,58.0580902560032,2230.0,1960.0
1000.0,25.0,3.0,0.0,0.0,1.0,695.0,0.026422532988362946,0.06038275199534837,7.990020094439387e-07,1.9998697098344564e-07,58.14490301700425,2230.0,1960.0
1000.0,25.0,3.0,0.0,0.0,1.0,696.0,0.025080913997953758,0.05539909700746648,8.310016710311174e-07,2.0100560504943132e-07,58.22539027300081,2230.0,1960.0
1000.0,25.0,3.0,0.0,0.0,1.0,697.0,0.025093549993471242,0.06222559900197666,8.659990271553397e-07,2.1701271180063486e-07,58.31271641800413,2230.0,1960.0
1000.0,25.0,3.0,0.0,0.0,1.0,698.0,0.025535972992656752,0.055139337011496536,1.0530056897550821e-06,1.720036379992962e-07,58.393399298001896,2310.0,1980.0
1000.0,25.0,3.0,0.0,0.0,1.0,699.0,0.027205638005398214,0.05272894499648828,1.0060030035674572e-06,1.7099955584853888e-07,58.473341270000674,2310.0,1990.0
1000.0,25.0,3.0,0.0,0.0,1.0,700.0,0.024590851011453196,0.06434590100252535,8.700008038431406e-07,1.66997779160738e-07,58.56228642300994,2310.0,2010.0
1000.0,25.0,3.0,0.0,0.0,1.0,701.0,0.02656989799288567,0.0518886450008722,8.220085874199867e-07,1.7399725038558245e-07,58.640752725012135,2310.0,2010.0
1000.0,25.0,3.0,0.0,0.0,1.0,702.0,0.02386772799945902,0.053880634004599415,7.999915396794677e-07,1.6900594346225262e-07,58.71850842000276,2310.0,2010.0
1000.0,25.0,3.0,0.0,0.0,1.0,703.0,0.025127172004431486,0.05423961000633426,7.600028766319156e-07,1.619919203221798e-07,58.79788218899921,2310.0,2010.0
1000.0,25.0,3.0,0.0,0.0,1.0,704.0,0.025059375999262556,0.06615433999104425,8.630013326182961e-07,1.6899139154702425e-07,58.889103556008195,2310.0,2020.0
1000.0,25.0,3.0,0.0,0.0,1.0,705.0,0.025477147995843552,0.06271552399266511,8.019997039809823e-07,1.4199758879840374e-07,58.97730333000072,2310.0,2030.0
1000.0,25.0,3.0,0.0,0.0,1.0,706.0,0.02267721900716424,0.05258128000423312,7.070048013702035e-07,1.5601108316332102e-07,59.05256867400021,2310.0,2030.0
1000.0,25.0,3.0,0.0,0.0,1.0,707.0,0.026538271995377727,0.07228924499941058,8.159986464306712e-07,1.6900594346225262e-07,59.151403734998894,2360.0,2070.0
1000.0,25.0,3.0,0.0,0.0,1.0,708.0,0.02468852899619378,0.06008135300362483,8.460046956315637e-07,1.6200647223740816e-07,59.2361805440014,2360.0,2080.0
1000.0,25.0,3.0,0.0,0.0,1.0,709.0,0.02522755099926144,0.05309916099940892,7.310009095817804e-07,1.6999547369778156e-07,59.31451462100085,2360.0,2080.0
1000.0,25.0,3.0,0.0,0.0,1.0,710.0,0.024689051002496853,0.059435030998429283,8.430070010945201e-07,1.7399725038558245e-07,59.39864604600007,2360.0,2090.0
1000.0,25.0,3.0,0.0,0.0,1.0,711.0,0.02495093600009568,0.052989774994784966,7.500057108700275e-07,1.4700344763696194e-07,59.47659396400559,2360.0,2090.0
1000.0,25.0,3.0,0.0,0.0,1.0,712.0,0.025457818992435932,0.057894558005500585,7.760099833831191e-07,1.8400896806269884e-07,59.55995313700987,2360.0,2100.0
1000.0,25.0,3.0,0.0,0.0,1.0,713.0,0.02552245100378059,0.06194174400297925,7.750059012323618e-07,1.6498961485922337e-07,59.64742433800711,2360.0,2120.0
1000.0,25.0,3.0,0.0,0.0,1.0,714.0,0.02480071700119879,0.059177335002459586,8.43996531330049e-07,1.6599369700998068e-07,59.73140956700081,2360.0,2130.0
1000.0,25.0,3.0,0.0,0.0,1.0,715.0,0.024110108002787456,0.06067942100344226,1.2629898265004158e-06,1.6500416677445173e-07,59.816207101001055,2410.0,2140.0
1000.0,25.0,3.0,0.0,0.0,1.0,716.0,0.023928775000968017,0.06057731599139515,7.990020094439387e-07,1.5899422578513622e-07,59.90072012100427,2410.0,2160.0
1000.0,25.0,3.0,0.0,0.0,1.0,717.0,0.02357896399917081,0.052840743999695405,8.810020517557859e-07,1.870066625997424e-07,59.977147060009884,2410.0,2190.0
1000.0,25.0,3.0,0.0,0.0,1.0,718.0,0.023049498006002977,0.05563301900110673,8.630013326182961e-07,1.5601108316332102e-07,60.05583713200758,2410.0,2190.0
